Software Version,3.08.01,,,,,,,,,,,,,,,,,,,,,,,,,,,,,,,,,,,,,,,,,,,,,,,,,,,,,,,,,,,,,,,,,,,,,,,,,,,,,,,,,,,,,,,,,,,,,,,,
,,,,,,,,,,,,,,,,,,,,,,,,,,,,,,,,,,,,,,,,,,,,,,,,,,,,,,,,,,,,,,,,,,,,,,,,,,,,,,,,,,,,,,,,,,,,,,,,,
Experiment File Path:,C:\Users\Public\Documents\Experiments\MAPbBr3 and FAPbBr3 - Chloroform.xpt,,,,,,,,,,,,,,,,,,,,,,,,,,,,,,,,,,,,,,,,,,,,,,,,,,,,,,,,,,,,,,,,,,,,,,,,,,,,,,,,,,,,,,,,,,,,,,,,
Protocol File Path:,C:\Users\Public\Documents\Protocols\MAPbI3 and CsPbBr3 - Chloroform.prt,,,,,,,,,,,,,,,,,,,,,,,,,,,,,,,,,,,,,,,,,,,,,,,,,,,,,,,,,,,,,,,,,,,,,,,,,,,,,,,,,,,,,,,,,,,,,,,,
Plate Number,Plate 2,,,,,,,,,,,,,,,,,,,,,,,,,,,,,,,,,,,,,,,,,,,,,,,,,,,,,,,,,,,,,,,,,,,,,,,,,,,,,,,,,,,,,,,,,,,,,,,,
Date,9/5/2020,,,,,,,,,,,,,,,,,,,,,,,,,,,,,,,,,,,,,,,,,,,,,,,,,,,,,,,,,,,,,,,,,,,,,,,,,,,,,,,,,,,,,,,,,,,,,,,,
Time,3:26:22 PM,,,,,,,,,,,,,,,,,,,,,,,,,,,,,,,,,,,,,,,,,,,,,,,,,,,,,,,,,,,,,,,,,,,,,,,,,,,,,,,,,,,,,,,,,,,,,,,,
Reader Type:,Cytation5,,,,,,,,,,,,,,,,,,,,,,,,,,,,,,,,,,,,,,,,,,,,,,,,,,,,,,,,,,,,,,,,,,,,,,,,,,,,,,,,,,,,,,,,,,,,,,,,
Reader Serial Number:,1909192,,,,,,,,,,,,,,,,,,,,,,,,,,,,,,,,,,,,,,,,,,,,,,,,,,,,,,,,,,,,,,,,,,,,,,,,,,,,,,,,,,,,,,,,,,,,,,,,
Reading Type,Reader,,,,,,,,,,,,,,,,,,,,,,,,,,,,,,,,,,,,,,,,,,,,,,,,,,,,,,,,,,,,,,,,,,,,,,,,,,,,,,,,,,,,,,,,,,,,,,,,
,,,,,,,,,,,,,,,,,,,,,,,,,,,,,,,,,,,,,,,,,,,,,,,,,,,,,,,,,,,,,,,,,,,,,,,,,,,,,,,,,,,,,,,,,,,,,,,,,
Procedure Details,,,,,,,,,,,,,,,,,,,,,,,,,,,,,,,,,,,,,,,,,,,,,,,,,,,,,,,,,,,,,,,,,,,,,,,,,,,,,,,,,,,,,,,,,,,,,,,,,
Plate Type,96 WELL PLATE,,,,,,,,,,,,,,,,,,,,,,,,,,,,,,,,,,,,,,,,,,,,,,,,,,,,,,,,,,,,,,,,,,,,,,,,,,,,,,,,,,,,,,,,,,,,,,,,
Eject plate on completion,,,,,,,,,,,,,,,,,,,,,,,,,,,,,,,,,,,,,,,,,,,,,,,,,,,,,,,,,,,,,,,,,,,,,,,,,,,,,,,,,,,,,,,,,,,,,,,,,
Read,Fluorescence Spectrum,,,,,,,,,,,,,,,,,,,,,,,,,,,,,,,,,,,,,,,,,,,,,,,,,,,,,,,,,,,,,,,,,,,,,,,,,,,,,,,,,,,,,,,,,,,,,,,,
,Full Plate,,,,,,,,,,,,,,,,,,,,,,,,,,,,,,,,,,,,,,,,,,,,,,,,,,,,,,,,,,,,,,,,,,,,,,,,,,,,,,,,,,,,,,,,,,,,,,,,
,Fixed Excitation: 450/20 nm,,,,,,,,,,,,,,,,,,,,,,,,,,,,,,,,,,,,,,,,,,,,,,,,,,,,,,,,,,,,,,,,,,,,,,,,,,,,,,,,,,,,,,,,,,,,,,,,
,"Emission Start: 500/20 nm,  Stop: 850 nm,  Step: 5 nm",,,,,,,,,,,,,,,,,,,,,,,,,,,,,,,,,,,,,,,,,,,,,,,,,,,,,,,,,,,,,,,,,,,,,,,,,,,,,,,,,,,,,,,,,,,,,,,,
,"Optics: Bottom,  Gain: 50",,,,,,,,,,,,,,,,,,,,,,,,,,,,,,,,,,,,,,,,,,,,,,,,,,,,,,,,,,,,,,,,,,,,,,,,,,,,,,,,,,,,,,,,,,,,,,,,
,"Light Source: Xenon Flash,  Lamp Energy: High",,,,,,,,,,,,,,,,,,,,,,,,,,,,,,,,,,,,,,,,,,,,,,,,,,,,,,,,,,,,,,,,,,,,,,,,,,,,,,,,,,,,,,,,,,,,,,,,
,"Read Speed: Sweep,  Delay: 100 msec,  Measurements/Data Point: 1",,,,,,,,,,,,,,,,,,,,,,,,,,,,,,,,,,,,,,,,,,,,,,,,,,,,,,,,,,,,,,,,,,,,,,,,,,,,,,,,,,,,,,,,,,,,,,,,
,Read Height: 7 mm,,,,,,,,,,,,,,,,,,,,,,,,,,,,,,,,,,,,,,,,,,,,,,,,,,,,,,,,,,,,,,,,,,,,,,,,,,,,,,,,,,,,,,,,,,,,,,,,
Read,Fluorescence Spectrum,,,,,,,,,,,,,,,,,,,,,,,,,,,,,,,,,,,,,,,,,,,,,,,,,,,,,,,,,,,,,,,,,,,,,,,,,,,,,,,,,,,,,,,,,,,,,,,,
,Full Plate,,,,,,,,,,,,,,,,,,,,,,,,,,,,,,,,,,,,,,,,,,,,,,,,,,,,,,,,,,,,,,,,,,,,,,,,,,,,,,,,,,,,,,,,,,,,,,,,
,Fixed Excitation: 450/20 nm,,,,,,,,,,,,,,,,,,,,,,,,,,,,,,,,,,,,,,,,,,,,,,,,,,,,,,,,,,,,,,,,,,,,,,,,,,,,,,,,,,,,,,,,,,,,,,,,
,"Emission Start: 500/20 nm,  Stop: 850 nm,  Step: 5 nm",,,,,,,,,,,,,,,,,,,,,,,,,,,,,,,,,,,,,,,,,,,,,,,,,,,,,,,,,,,,,,,,,,,,,,,,,,,,,,,,,,,,,,,,,,,,,,,,
,"Optics: Bottom,  Gain: 50",,,,,,,,,,,,,,,,,,,,,,,,,,,,,,,,,,,,,,,,,,,,,,,,,,,,,,,,,,,,,,,,,,,,,,,,,,,,,,,,,,,,,,,,,,,,,,,,
,"Light Source: Xenon Flash,  Lamp Energy: High",,,,,,,,,,,,,,,,,,,,,,,,,,,,,,,,,,,,,,,,,,,,,,,,,,,,,,,,,,,,,,,,,,,,,,,,,,,,,,,,,,,,,,,,,,,,,,,,
,"Read Speed: Sweep,  Delay: 100 msec,  Measurements/Data Point: 1",,,,,,,,,,,,,,,,,,,,,,,,,,,,,,,,,,,,,,,,,,,,,,,,,,,,,,,,,,,,,,,,,,,,,,,,,,,,,,,,,,,,,,,,,,,,,,,,
,Read Height: 7 mm,,,,,,,,,,,,,,,,,,,,,,,,,,,,,,,,,,,,,,,,,,,,,,,,,,,,,,,,,,,,,,,,,,,,,,,,,,,,,,,,,,,,,,,,,,,,,,,,
Read,Fluorescence Spectrum,,,,,,,,,,,,,,,,,,,,,,,,,,,,,,,,,,,,,,,,,,,,,,,,,,,,,,,,,,,,,,,,,,,,,,,,,,,,,,,,,,,,,,,,,,,,,,,,
,Full Plate,,,,,,,,,,,,,,,,,,,,,,,,,,,,,,,,,,,,,,,,,,,,,,,,,,,,,,,,,,,,,,,,,,,,,,,,,,,,,,,,,,,,,,,,,,,,,,,,
,Fixed Excitation: 450/20 nm,,,,,,,,,,,,,,,,,,,,,,,,,,,,,,,,,,,,,,,,,,,,,,,,,,,,,,,,,,,,,,,,,,,,,,,,,,,,,,,,,,,,,,,,,,,,,,,,
,"Emission Start: 500/20 nm,  Stop: 850 nm,  Step: 5 nm",,,,,,,,,,,,,,,,,,,,,,,,,,,,,,,,,,,,,,,,,,,,,,,,,,,,,,,,,,,,,,,,,,,,,,,,,,,,,,,,,,,,,,,,,,,,,,,,
,"Optics: Bottom,  Gain: 50",,,,,,,,,,,,,,,,,,,,,,,,,,,,,,,,,,,,,,,,,,,,,,,,,,,,,,,,,,,,,,,,,,,,,,,,,,,,,,,,,,,,,,,,,,,,,,,,
,"Light Source: Xenon Flash,  Lamp Energy: High",,,,,,,,,,,,,,,,,,,,,,,,,,,,,,,,,,,,,,,,,,,,,,,,,,,,,,,,,,,,,,,,,,,,,,,,,,,,,,,,,,,,,,,,,,,,,,,,
,"Read Speed: Sweep,  Delay: 100 msec,  Measurements/Data Point: 1",,,,,,,,,,,,,,,,,,,,,,,,,,,,,,,,,,,,,,,,,,,,,,,,,,,,,,,,,,,,,,,,,,,,,,,,,,,,,,,,,,,,,,,,,,,,,,,,
,Read Height: 7 mm,,,,,,,,,,,,,,,,,,,,,,,,,,,,,,,,,,,,,,,,,,,,,,,,,,,,,,,,,,,,,,,,,,,,,,,,,,,,,,,,,,,,,,,,,,,,,,,,
Read,Fluorescence Spectrum,,,,,,,,,,,,,,,,,,,,,,,,,,,,,,,,,,,,,,,,,,,,,,,,,,,,,,,,,,,,,,,,,,,,,,,,,,,,,,,,,,,,,,,,,,,,,,,,
,Full Plate,,,,,,,,,,,,,,,,,,,,,,,,,,,,,,,,,,,,,,,,,,,,,,,,,,,,,,,,,,,,,,,,,,,,,,,,,,,,,,,,,,,,,,,,,,,,,,,,
,Fixed Excitation: 450/20 nm,,,,,,,,,,,,,,,,,,,,,,,,,,,,,,,,,,,,,,,,,,,,,,,,,,,,,,,,,,,,,,,,,,,,,,,,,,,,,,,,,,,,,,,,,,,,,,,,
,"Emission Start: 500/20 nm,  Stop: 850 nm,  Step: 5 nm",,,,,,,,,,,,,,,,,,,,,,,,,,,,,,,,,,,,,,,,,,,,,,,,,,,,,,,,,,,,,,,,,,,,,,,,,,,,,,,,,,,,,,,,,,,,,,,,
,"Optics: Bottom,  Gain: 50",,,,,,,,,,,,,,,,,,,,,,,,,,,,,,,,,,,,,,,,,,,,,,,,,,,,,,,,,,,,,,,,,,,,,,,,,,,,,,,,,,,,,,,,,,,,,,,,
,"Light Source: Xenon Flash,  Lamp Energy: High",,,,,,,,,,,,,,,,,,,,,,,,,,,,,,,,,,,,,,,,,,,,,,,,,,,,,,,,,,,,,,,,,,,,,,,,,,,,,,,,,,,,,,,,,,,,,,,,
,"Read Speed: Sweep,  Delay: 100 msec,  Measurements/Data Point: 1",,,,,,,,,,,,,,,,,,,,,,,,,,,,,,,,,,,,,,,,,,,,,,,,,,,,,,,,,,,,,,,,,,,,,,,,,,,,,,,,,,,,,,,,,,,,,,,,
,Read Height: 7 mm,,,,,,,,,,,,,,,,,,,,,,,,,,,,,,,,,,,,,,,,,,,,,,,,,,,,,,,,,,,,,,,,,,,,,,,,,,,,,,,,,,,,,,,,,,,,,,,,
Read,Fluorescence Spectrum,,,,,,,,,,,,,,,,,,,,,,,,,,,,,,,,,,,,,,,,,,,,,,,,,,,,,,,,,,,,,,,,,,,,,,,,,,,,,,,,,,,,,,,,,,,,,,,,
,Full Plate,,,,,,,,,,,,,,,,,,,,,,,,,,,,,,,,,,,,,,,,,,,,,,,,,,,,,,,,,,,,,,,,,,,,,,,,,,,,,,,,,,,,,,,,,,,,,,,,
,Fixed Excitation: 450/20 nm,,,,,,,,,,,,,,,,,,,,,,,,,,,,,,,,,,,,,,,,,,,,,,,,,,,,,,,,,,,,,,,,,,,,,,,,,,,,,,,,,,,,,,,,,,,,,,,,
,"Emission Start: 500/20 nm,  Stop: 850 nm,  Step: 5 nm",,,,,,,,,,,,,,,,,,,,,,,,,,,,,,,,,,,,,,,,,,,,,,,,,,,,,,,,,,,,,,,,,,,,,,,,,,,,,,,,,,,,,,,,,,,,,,,,
,"Optics: Bottom,  Gain: 50",,,,,,,,,,,,,,,,,,,,,,,,,,,,,,,,,,,,,,,,,,,,,,,,,,,,,,,,,,,,,,,,,,,,,,,,,,,,,,,,,,,,,,,,,,,,,,,,
,"Light Source: Xenon Flash,  Lamp Energy: High",,,,,,,,,,,,,,,,,,,,,,,,,,,,,,,,,,,,,,,,,,,,,,,,,,,,,,,,,,,,,,,,,,,,,,,,,,,,,,,,,,,,,,,,,,,,,,,,
,"Read Speed: Sweep,  Delay: 100 msec,  Measurements/Data Point: 1",,,,,,,,,,,,,,,,,,,,,,,,,,,,,,,,,,,,,,,,,,,,,,,,,,,,,,,,,,,,,,,,,,,,,,,,,,,,,,,,,,,,,,,,,,,,,,,,
,Read Height: 7 mm,,,,,,,,,,,,,,,,,,,,,,,,,,,,,,,,,,,,,,,,,,,,,,,,,,,,,,,,,,,,,,,,,,,,,,,,,,,,,,,,,,,,,,,,,,,,,,,,
Read,Fluorescence Spectrum,,,,,,,,,,,,,,,,,,,,,,,,,,,,,,,,,,,,,,,,,,,,,,,,,,,,,,,,,,,,,,,,,,,,,,,,,,,,,,,,,,,,,,,,,,,,,,,,
,Full Plate,,,,,,,,,,,,,,,,,,,,,,,,,,,,,,,,,,,,,,,,,,,,,,,,,,,,,,,,,,,,,,,,,,,,,,,,,,,,,,,,,,,,,,,,,,,,,,,,
,Fixed Excitation: 450/20 nm,,,,,,,,,,,,,,,,,,,,,,,,,,,,,,,,,,,,,,,,,,,,,,,,,,,,,,,,,,,,,,,,,,,,,,,,,,,,,,,,,,,,,,,,,,,,,,,,
,"Emission Start: 500/20 nm,  Stop: 850 nm,  Step: 5 nm",,,,,,,,,,,,,,,,,,,,,,,,,,,,,,,,,,,,,,,,,,,,,,,,,,,,,,,,,,,,,,,,,,,,,,,,,,,,,,,,,,,,,,,,,,,,,,,,
,"Optics: Bottom,  Gain: 50",,,,,,,,,,,,,,,,,,,,,,,,,,,,,,,,,,,,,,,,,,,,,,,,,,,,,,,,,,,,,,,,,,,,,,,,,,,,,,,,,,,,,,,,,,,,,,,,
,"Light Source: Xenon Flash,  Lamp Energy: High",,,,,,,,,,,,,,,,,,,,,,,,,,,,,,,,,,,,,,,,,,,,,,,,,,,,,,,,,,,,,,,,,,,,,,,,,,,,,,,,,,,,,,,,,,,,,,,,
,"Read Speed: Sweep,  Delay: 100 msec,  Measurements/Data Point: 1",,,,,,,,,,,,,,,,,,,,,,,,,,,,,,,,,,,,,,,,,,,,,,,,,,,,,,,,,,,,,,,,,,,,,,,,,,,,,,,,,,,,,,,,,,,,,,,,
,Read Height: 7 mm,,,,,,,,,,,,,,,,,,,,,,,,,,,,,,,,,,,,,,,,,,,,,,,,,,,,,,,,,,,,,,,,,,,,,,,,,,,,,,,,,,,,,,,,,,,,,,,,
Read,Fluorescence Spectrum,,,,,,,,,,,,,,,,,,,,,,,,,,,,,,,,,,,,,,,,,,,,,,,,,,,,,,,,,,,,,,,,,,,,,,,,,,,,,,,,,,,,,,,,,,,,,,,,
,Full Plate,,,,,,,,,,,,,,,,,,,,,,,,,,,,,,,,,,,,,,,,,,,,,,,,,,,,,,,,,,,,,,,,,,,,,,,,,,,,,,,,,,,,,,,,,,,,,,,,
,Fixed Excitation: 450/20 nm,,,,,,,,,,,,,,,,,,,,,,,,,,,,,,,,,,,,,,,,,,,,,,,,,,,,,,,,,,,,,,,,,,,,,,,,,,,,,,,,,,,,,,,,,,,,,,,,
,"Emission Start: 500/20 nm,  Stop: 850 nm,  Step: 5 nm",,,,,,,,,,,,,,,,,,,,,,,,,,,,,,,,,,,,,,,,,,,,,,,,,,,,,,,,,,,,,,,,,,,,,,,,,,,,,,,,,,,,,,,,,,,,,,,,
,"Optics: Bottom,  Gain: 50",,,,,,,,,,,,,,,,,,,,,,,,,,,,,,,,,,,,,,,,,,,,,,,,,,,,,,,,,,,,,,,,,,,,,,,,,,,,,,,,,,,,,,,,,,,,,,,,
,"Light Source: Xenon Flash,  Lamp Energy: High",,,,,,,,,,,,,,,,,,,,,,,,,,,,,,,,,,,,,,,,,,,,,,,,,,,,,,,,,,,,,,,,,,,,,,,,,,,,,,,,,,,,,,,,,,,,,,,,
,"Read Speed: Sweep,  Delay: 100 msec,  Measurements/Data Point: 1",,,,,,,,,,,,,,,,,,,,,,,,,,,,,,,,,,,,,,,,,,,,,,,,,,,,,,,,,,,,,,,,,,,,,,,,,,,,,,,,,,,,,,,,,,,,,,,,
,Read Height: 7 mm,,,,,,,,,,,,,,,,,,,,,,,,,,,,,,,,,,,,,,,,,,,,,,,,,,,,,,,,,,,,,,,,,,,,,,,,,,,,,,,,,,,,,,,,,,,,,,,,
Read,Fluorescence Spectrum,,,,,,,,,,,,,,,,,,,,,,,,,,,,,,,,,,,,,,,,,,,,,,,,,,,,,,,,,,,,,,,,,,,,,,,,,,,,,,,,,,,,,,,,,,,,,,,,
,Full Plate,,,,,,,,,,,,,,,,,,,,,,,,,,,,,,,,,,,,,,,,,,,,,,,,,,,,,,,,,,,,,,,,,,,,,,,,,,,,,,,,,,,,,,,,,,,,,,,,
,Fixed Excitation: 450/20 nm,,,,,,,,,,,,,,,,,,,,,,,,,,,,,,,,,,,,,,,,,,,,,,,,,,,,,,,,,,,,,,,,,,,,,,,,,,,,,,,,,,,,,,,,,,,,,,,,
,"Emission Start: 500/20 nm,  Stop: 850 nm,  Step: 5 nm",,,,,,,,,,,,,,,,,,,,,,,,,,,,,,,,,,,,,,,,,,,,,,,,,,,,,,,,,,,,,,,,,,,,,,,,,,,,,,,,,,,,,,,,,,,,,,,,
,"Optics: Bottom,  Gain: 50",,,,,,,,,,,,,,,,,,,,,,,,,,,,,,,,,,,,,,,,,,,,,,,,,,,,,,,,,,,,,,,,,,,,,,,,,,,,,,,,,,,,,,,,,,,,,,,,
,"Light Source: Xenon Flash,  Lamp Energy: High",,,,,,,,,,,,,,,,,,,,,,,,,,,,,,,,,,,,,,,,,,,,,,,,,,,,,,,,,,,,,,,,,,,,,,,,,,,,,,,,,,,,,,,,,,,,,,,,
,"Read Speed: Sweep,  Delay: 100 msec,  Measurements/Data Point: 1",,,,,,,,,,,,,,,,,,,,,,,,,,,,,,,,,,,,,,,,,,,,,,,,,,,,,,,,,,,,,,,,,,,,,,,,,,,,,,,,,,,,,,,,,,,,,,,,
,Read Height: 7 mm,,,,,,,,,,,,,,,,,,,,,,,,,,,,,,,,,,,,,,,,,,,,,,,,,,,,,,,,,,,,,,,,,,,,,,,,,,,,,,,,,,,,,,,,,,,,,,,,
Read,Fluorescence Spectrum,,,,,,,,,,,,,,,,,,,,,,,,,,,,,,,,,,,,,,,,,,,,,,,,,,,,,,,,,,,,,,,,,,,,,,,,,,,,,,,,,,,,,,,,,,,,,,,,
,Full Plate,,,,,,,,,,,,,,,,,,,,,,,,,,,,,,,,,,,,,,,,,,,,,,,,,,,,,,,,,,,,,,,,,,,,,,,,,,,,,,,,,,,,,,,,,,,,,,,,
,Fixed Excitation: 450/20 nm,,,,,,,,,,,,,,,,,,,,,,,,,,,,,,,,,,,,,,,,,,,,,,,,,,,,,,,,,,,,,,,,,,,,,,,,,,,,,,,,,,,,,,,,,,,,,,,,
,"Emission Start: 500/20 nm,  Stop: 850 nm,  Step: 5 nm",,,,,,,,,,,,,,,,,,,,,,,,,,,,,,,,,,,,,,,,,,,,,,,,,,,,,,,,,,,,,,,,,,,,,,,,,,,,,,,,,,,,,,,,,,,,,,,,
,"Optics: Bottom,  Gain: 50",,,,,,,,,,,,,,,,,,,,,,,,,,,,,,,,,,,,,,,,,,,,,,,,,,,,,,,,,,,,,,,,,,,,,,,,,,,,,,,,,,,,,,,,,,,,,,,,
,"Light Source: Xenon Flash,  Lamp Energy: High",,,,,,,,,,,,,,,,,,,,,,,,,,,,,,,,,,,,,,,,,,,,,,,,,,,,,,,,,,,,,,,,,,,,,,,,,,,,,,,,,,,,,,,,,,,,,,,,
,"Read Speed: Sweep,  Delay: 100 msec,  Measurements/Data Point: 1",,,,,,,,,,,,,,,,,,,,,,,,,,,,,,,,,,,,,,,,,,,,,,,,,,,,,,,,,,,,,,,,,,,,,,,,,,,,,,,,,,,,,,,,,,,,,,,,
,Read Height: 7 mm,,,,,,,,,,,,,,,,,,,,,,,,,,,,,,,,,,,,,,,,,,,,,,,,,,,,,,,,,,,,,,,,,,,,,,,,,,,,,,,,,,,,,,,,,,,,,,,,
Read,Fluorescence Spectrum,,,,,,,,,,,,,,,,,,,,,,,,,,,,,,,,,,,,,,,,,,,,,,,,,,,,,,,,,,,,,,,,,,,,,,,,,,,,,,,,,,,,,,,,,,,,,,,,
,Full Plate,,,,,,,,,,,,,,,,,,,,,,,,,,,,,,,,,,,,,,,,,,,,,,,,,,,,,,,,,,,,,,,,,,,,,,,,,,,,,,,,,,,,,,,,,,,,,,,,
,Fixed Excitation: 450/20 nm,,,,,,,,,,,,,,,,,,,,,,,,,,,,,,,,,,,,,,,,,,,,,,,,,,,,,,,,,,,,,,,,,,,,,,,,,,,,,,,,,,,,,,,,,,,,,,,,
,"Emission Start: 500/20 nm,  Stop: 850 nm,  Step: 5 nm",,,,,,,,,,,,,,,,,,,,,,,,,,,,,,,,,,,,,,,,,,,,,,,,,,,,,,,,,,,,,,,,,,,,,,,,,,,,,,,,,,,,,,,,,,,,,,,,
,"Optics: Bottom,  Gain: 50",,,,,,,,,,,,,,,,,,,,,,,,,,,,,,,,,,,,,,,,,,,,,,,,,,,,,,,,,,,,,,,,,,,,,,,,,,,,,,,,,,,,,,,,,,,,,,,,
,"Light Source: Xenon Flash,  Lamp Energy: High",,,,,,,,,,,,,,,,,,,,,,,,,,,,,,,,,,,,,,,,,,,,,,,,,,,,,,,,,,,,,,,,,,,,,,,,,,,,,,,,,,,,,,,,,,,,,,,,
,"Read Speed: Sweep,  Delay: 100 msec,  Measurements/Data Point: 1",,,,,,,,,,,,,,,,,,,,,,,,,,,,,,,,,,,,,,,,,,,,,,,,,,,,,,,,,,,,,,,,,,,,,,,,,,,,,,,,,,,,,,,,,,,,,,,,
,Read Height: 7 mm,,,,,,,,,,,,,,,,,,,,,,,,,,,,,,,,,,,,,,,,,,,,,,,,,,,,,,,,,,,,,,,,,,,,,,,,,,,,,,,,,,,,,,,,,,,,,,,,
Read,Fluorescence Spectrum,,,,,,,,,,,,,,,,,,,,,,,,,,,,,,,,,,,,,,,,,,,,,,,,,,,,,,,,,,,,,,,,,,,,,,,,,,,,,,,,,,,,,,,,,,,,,,,,
,Full Plate,,,,,,,,,,,,,,,,,,,,,,,,,,,,,,,,,,,,,,,,,,,,,,,,,,,,,,,,,,,,,,,,,,,,,,,,,,,,,,,,,,,,,,,,,,,,,,,,
,Fixed Excitation: 450/20 nm,,,,,,,,,,,,,,,,,,,,,,,,,,,,,,,,,,,,,,,,,,,,,,,,,,,,,,,,,,,,,,,,,,,,,,,,,,,,,,,,,,,,,,,,,,,,,,,,
,"Emission Start: 500/20 nm,  Stop: 850 nm,  Step: 5 nm",,,,,,,,,,,,,,,,,,,,,,,,,,,,,,,,,,,,,,,,,,,,,,,,,,,,,,,,,,,,,,,,,,,,,,,,,,,,,,,,,,,,,,,,,,,,,,,,
,"Optics: Bottom,  Gain: 50",,,,,,,,,,,,,,,,,,,,,,,,,,,,,,,,,,,,,,,,,,,,,,,,,,,,,,,,,,,,,,,,,,,,,,,,,,,,,,,,,,,,,,,,,,,,,,,,
,"Light Source: Xenon Flash,  Lamp Energy: High",,,,,,,,,,,,,,,,,,,,,,,,,,,,,,,,,,,,,,,,,,,,,,,,,,,,,,,,,,,,,,,,,,,,,,,,,,,,,,,,,,,,,,,,,,,,,,,,
,"Read Speed: Sweep,  Delay: 100 msec,  Measurements/Data Point: 1",,,,,,,,,,,,,,,,,,,,,,,,,,,,,,,,,,,,,,,,,,,,,,,,,,,,,,,,,,,,,,,,,,,,,,,,,,,,,,,,,,,,,,,,,,,,,,,,
,Read Height: 7 mm,,,,,,,,,,,,,,,,,,,,,,,,,,,,,,,,,,,,,,,,,,,,,,,,,,,,,,,,,,,,,,,,,,,,,,,,,,,,,,,,,,,,,,,,,,,,,,,,
Read,Fluorescence Spectrum,,,,,,,,,,,,,,,,,,,,,,,,,,,,,,,,,,,,,,,,,,,,,,,,,,,,,,,,,,,,,,,,,,,,,,,,,,,,,,,,,,,,,,,,,,,,,,,,
,Full Plate,,,,,,,,,,,,,,,,,,,,,,,,,,,,,,,,,,,,,,,,,,,,,,,,,,,,,,,,,,,,,,,,,,,,,,,,,,,,,,,,,,,,,,,,,,,,,,,,
,Fixed Excitation: 450/20 nm,,,,,,,,,,,,,,,,,,,,,,,,,,,,,,,,,,,,,,,,,,,,,,,,,,,,,,,,,,,,,,,,,,,,,,,,,,,,,,,,,,,,,,,,,,,,,,,,
,"Emission Start: 500/20 nm,  Stop: 850 nm,  Step: 5 nm",,,,,,,,,,,,,,,,,,,,,,,,,,,,,,,,,,,,,,,,,,,,,,,,,,,,,,,,,,,,,,,,,,,,,,,,,,,,,,,,,,,,,,,,,,,,,,,,
,"Optics: Bottom,  Gain: 50",,,,,,,,,,,,,,,,,,,,,,,,,,,,,,,,,,,,,,,,,,,,,,,,,,,,,,,,,,,,,,,,,,,,,,,,,,,,,,,,,,,,,,,,,,,,,,,,
,"Light Source: Xenon Flash,  Lamp Energy: High",,,,,,,,,,,,,,,,,,,,,,,,,,,,,,,,,,,,,,,,,,,,,,,,,,,,,,,,,,,,,,,,,,,,,,,,,,,,,,,,,,,,,,,,,,,,,,,,
,"Read Speed: Sweep,  Delay: 100 msec,  Measurements/Data Point: 1",,,,,,,,,,,,,,,,,,,,,,,,,,,,,,,,,,,,,,,,,,,,,,,,,,,,,,,,,,,,,,,,,,,,,,,,,,,,,,,,,,,,,,,,,,,,,,,,
,Read Height: 7 mm,,,,,,,,,,,,,,,,,,,,,,,,,,,,,,,,,,,,,,,,,,,,,,,,,,,,,,,,,,,,,,,,,,,,,,,,,,,,,,,,,,,,,,,,,,,,,,,,
Read,Fluorescence Spectrum,,,,,,,,,,,,,,,,,,,,,,,,,,,,,,,,,,,,,,,,,,,,,,,,,,,,,,,,,,,,,,,,,,,,,,,,,,,,,,,,,,,,,,,,,,,,,,,,
,Full Plate,,,,,,,,,,,,,,,,,,,,,,,,,,,,,,,,,,,,,,,,,,,,,,,,,,,,,,,,,,,,,,,,,,,,,,,,,,,,,,,,,,,,,,,,,,,,,,,,
,Fixed Excitation: 450/20 nm,,,,,,,,,,,,,,,,,,,,,,,,,,,,,,,,,,,,,,,,,,,,,,,,,,,,,,,,,,,,,,,,,,,,,,,,,,,,,,,,,,,,,,,,,,,,,,,,
,"Emission Start: 500/20 nm,  Stop: 850 nm,  Step: 5 nm",,,,,,,,,,,,,,,,,,,,,,,,,,,,,,,,,,,,,,,,,,,,,,,,,,,,,,,,,,,,,,,,,,,,,,,,,,,,,,,,,,,,,,,,,,,,,,,,
,"Optics: Bottom,  Gain: 50",,,,,,,,,,,,,,,,,,,,,,,,,,,,,,,,,,,,,,,,,,,,,,,,,,,,,,,,,,,,,,,,,,,,,,,,,,,,,,,,,,,,,,,,,,,,,,,,
,"Light Source: Xenon Flash,  Lamp Energy: High",,,,,,,,,,,,,,,,,,,,,,,,,,,,,,,,,,,,,,,,,,,,,,,,,,,,,,,,,,,,,,,,,,,,,,,,,,,,,,,,,,,,,,,,,,,,,,,,
,"Read Speed: Sweep,  Delay: 100 msec,  Measurements/Data Point: 1",,,,,,,,,,,,,,,,,,,,,,,,,,,,,,,,,,,,,,,,,,,,,,,,,,,,,,,,,,,,,,,,,,,,,,,,,,,,,,,,,,,,,,,,,,,,,,,,
,Read Height: 7 mm,,,,,,,,,,,,,,,,,,,,,,,,,,,,,,,,,,,,,,,,,,,,,,,,,,,,,,,,,,,,,,,,,,,,,,,,,,,,,,,,,,,,,,,,,,,,,,,,
Read,Fluorescence Spectrum,,,,,,,,,,,,,,,,,,,,,,,,,,,,,,,,,,,,,,,,,,,,,,,,,,,,,,,,,,,,,,,,,,,,,,,,,,,,,,,,,,,,,,,,,,,,,,,,
,Full Plate,,,,,,,,,,,,,,,,,,,,,,,,,,,,,,,,,,,,,,,,,,,,,,,,,,,,,,,,,,,,,,,,,,,,,,,,,,,,,,,,,,,,,,,,,,,,,,,,
,Fixed Excitation: 450/20 nm,,,,,,,,,,,,,,,,,,,,,,,,,,,,,,,,,,,,,,,,,,,,,,,,,,,,,,,,,,,,,,,,,,,,,,,,,,,,,,,,,,,,,,,,,,,,,,,,
,"Emission Start: 500/20 nm,  Stop: 850 nm,  Step: 5 nm",,,,,,,,,,,,,,,,,,,,,,,,,,,,,,,,,,,,,,,,,,,,,,,,,,,,,,,,,,,,,,,,,,,,,,,,,,,,,,,,,,,,,,,,,,,,,,,,
,"Optics: Bottom,  Gain: 50",,,,,,,,,,,,,,,,,,,,,,,,,,,,,,,,,,,,,,,,,,,,,,,,,,,,,,,,,,,,,,,,,,,,,,,,,,,,,,,,,,,,,,,,,,,,,,,,
,"Light Source: Xenon Flash,  Lamp Energy: High",,,,,,,,,,,,,,,,,,,,,,,,,,,,,,,,,,,,,,,,,,,,,,,,,,,,,,,,,,,,,,,,,,,,,,,,,,,,,,,,,,,,,,,,,,,,,,,,
,"Read Speed: Sweep,  Delay: 100 msec,  Measurements/Data Point: 1",,,,,,,,,,,,,,,,,,,,,,,,,,,,,,,,,,,,,,,,,,,,,,,,,,,,,,,,,,,,,,,,,,,,,,,,,,,,,,,,,,,,,,,,,,,,,,,,
,Read Height: 7 mm,,,,,,,,,,,,,,,,,,,,,,,,,,,,,,,,,,,,,,,,,,,,,,,,,,,,,,,,,,,,,,,,,,,,,,,,,,,,,,,,,,,,,,,,,,,,,,,,
Read,Fluorescence Spectrum,,,,,,,,,,,,,,,,,,,,,,,,,,,,,,,,,,,,,,,,,,,,,,,,,,,,,,,,,,,,,,,,,,,,,,,,,,,,,,,,,,,,,,,,,,,,,,,,
,Full Plate,,,,,,,,,,,,,,,,,,,,,,,,,,,,,,,,,,,,,,,,,,,,,,,,,,,,,,,,,,,,,,,,,,,,,,,,,,,,,,,,,,,,,,,,,,,,,,,,
,Fixed Excitation: 450/20 nm,,,,,,,,,,,,,,,,,,,,,,,,,,,,,,,,,,,,,,,,,,,,,,,,,,,,,,,,,,,,,,,,,,,,,,,,,,,,,,,,,,,,,,,,,,,,,,,,
,"Emission Start: 500/20 nm,  Stop: 850 nm,  Step: 5 nm",,,,,,,,,,,,,,,,,,,,,,,,,,,,,,,,,,,,,,,,,,,,,,,,,,,,,,,,,,,,,,,,,,,,,,,,,,,,,,,,,,,,,,,,,,,,,,,,
,"Optics: Bottom,  Gain: 50",,,,,,,,,,,,,,,,,,,,,,,,,,,,,,,,,,,,,,,,,,,,,,,,,,,,,,,,,,,,,,,,,,,,,,,,,,,,,,,,,,,,,,,,,,,,,,,,
,"Light Source: Xenon Flash,  Lamp Energy: High",,,,,,,,,,,,,,,,,,,,,,,,,,,,,,,,,,,,,,,,,,,,,,,,,,,,,,,,,,,,,,,,,,,,,,,,,,,,,,,,,,,,,,,,,,,,,,,,
,"Read Speed: Sweep,  Delay: 100 msec,  Measurements/Data Point: 1",,,,,,,,,,,,,,,,,,,,,,,,,,,,,,,,,,,,,,,,,,,,,,,,,,,,,,,,,,,,,,,,,,,,,,,,,,,,,,,,,,,,,,,,,,,,,,,,
,Read Height: 7 mm,,,,,,,,,,,,,,,,,,,,,,,,,,,,,,,,,,,,,,,,,,,,,,,,,,,,,,,,,,,,,,,,,,,,,,,,,,,,,,,,,,,,,,,,,,,,,,,,
Read,Fluorescence Spectrum,,,,,,,,,,,,,,,,,,,,,,,,,,,,,,,,,,,,,,,,,,,,,,,,,,,,,,,,,,,,,,,,,,,,,,,,,,,,,,,,,,,,,,,,,,,,,,,,
,Full Plate,,,,,,,,,,,,,,,,,,,,,,,,,,,,,,,,,,,,,,,,,,,,,,,,,,,,,,,,,,,,,,,,,,,,,,,,,,,,,,,,,,,,,,,,,,,,,,,,
,Fixed Excitation: 450/20 nm,,,,,,,,,,,,,,,,,,,,,,,,,,,,,,,,,,,,,,,,,,,,,,,,,,,,,,,,,,,,,,,,,,,,,,,,,,,,,,,,,,,,,,,,,,,,,,,,
,"Emission Start: 500/20 nm,  Stop: 850 nm,  Step: 5 nm",,,,,,,,,,,,,,,,,,,,,,,,,,,,,,,,,,,,,,,,,,,,,,,,,,,,,,,,,,,,,,,,,,,,,,,,,,,,,,,,,,,,,,,,,,,,,,,,
,"Optics: Bottom,  Gain: 50",,,,,,,,,,,,,,,,,,,,,,,,,,,,,,,,,,,,,,,,,,,,,,,,,,,,,,,,,,,,,,,,,,,,,,,,,,,,,,,,,,,,,,,,,,,,,,,,
,"Light Source: Xenon Flash,  Lamp Energy: High",,,,,,,,,,,,,,,,,,,,,,,,,,,,,,,,,,,,,,,,,,,,,,,,,,,,,,,,,,,,,,,,,,,,,,,,,,,,,,,,,,,,,,,,,,,,,,,,
,"Read Speed: Sweep,  Delay: 100 msec,  Measurements/Data Point: 1",,,,,,,,,,,,,,,,,,,,,,,,,,,,,,,,,,,,,,,,,,,,,,,,,,,,,,,,,,,,,,,,,,,,,,,,,,,,,,,,,,,,,,,,,,,,,,,,
,Read Height: 7 mm,,,,,,,,,,,,,,,,,,,,,,,,,,,,,,,,,,,,,,,,,,,,,,,,,,,,,,,,,,,,,,,,,,,,,,,,,,,,,,,,,,,,,,,,,,,,,,,,
Read,Fluorescence Spectrum,,,,,,,,,,,,,,,,,,,,,,,,,,,,,,,,,,,,,,,,,,,,,,,,,,,,,,,,,,,,,,,,,,,,,,,,,,,,,,,,,,,,,,,,,,,,,,,,
,Full Plate,,,,,,,,,,,,,,,,,,,,,,,,,,,,,,,,,,,,,,,,,,,,,,,,,,,,,,,,,,,,,,,,,,,,,,,,,,,,,,,,,,,,,,,,,,,,,,,,
,Fixed Excitation: 450/20 nm,,,,,,,,,,,,,,,,,,,,,,,,,,,,,,,,,,,,,,,,,,,,,,,,,,,,,,,,,,,,,,,,,,,,,,,,,,,,,,,,,,,,,,,,,,,,,,,,
,"Emission Start: 500/20 nm,  Stop: 850 nm,  Step: 5 nm",,,,,,,,,,,,,,,,,,,,,,,,,,,,,,,,,,,,,,,,,,,,,,,,,,,,,,,,,,,,,,,,,,,,,,,,,,,,,,,,,,,,,,,,,,,,,,,,
,"Optics: Bottom,  Gain: 50",,,,,,,,,,,,,,,,,,,,,,,,,,,,,,,,,,,,,,,,,,,,,,,,,,,,,,,,,,,,,,,,,,,,,,,,,,,,,,,,,,,,,,,,,,,,,,,,
,"Light Source: Xenon Flash,  Lamp Energy: High",,,,,,,,,,,,,,,,,,,,,,,,,,,,,,,,,,,,,,,,,,,,,,,,,,,,,,,,,,,,,,,,,,,,,,,,,,,,,,,,,,,,,,,,,,,,,,,,
,"Read Speed: Sweep,  Delay: 100 msec,  Measurements/Data Point: 1",,,,,,,,,,,,,,,,,,,,,,,,,,,,,,,,,,,,,,,,,,,,,,,,,,,,,,,,,,,,,,,,,,,,,,,,,,,,,,,,,,,,,,,,,,,,,,,,
,Read Height: 7 mm,,,,,,,,,,,,,,,,,,,,,,,,,,,,,,,,,,,,,,,,,,,,,,,,,,,,,,,,,,,,,,,,,,,,,,,,,,,,,,,,,,,,,,,,,,,,,,,,
Read,Fluorescence Spectrum,,,,,,,,,,,,,,,,,,,,,,,,,,,,,,,,,,,,,,,,,,,,,,,,,,,,,,,,,,,,,,,,,,,,,,,,,,,,,,,,,,,,,,,,,,,,,,,,
,Full Plate,,,,,,,,,,,,,,,,,,,,,,,,,,,,,,,,,,,,,,,,,,,,,,,,,,,,,,,,,,,,,,,,,,,,,,,,,,,,,,,,,,,,,,,,,,,,,,,,
,Fixed Excitation: 450/20 nm,,,,,,,,,,,,,,,,,,,,,,,,,,,,,,,,,,,,,,,,,,,,,,,,,,,,,,,,,,,,,,,,,,,,,,,,,,,,,,,,,,,,,,,,,,,,,,,,
,"Emission Start: 500/20 nm,  Stop: 850 nm,  Step: 5 nm",,,,,,,,,,,,,,,,,,,,,,,,,,,,,,,,,,,,,,,,,,,,,,,,,,,,,,,,,,,,,,,,,,,,,,,,,,,,,,,,,,,,,,,,,,,,,,,,
,"Optics: Bottom,  Gain: 50",,,,,,,,,,,,,,,,,,,,,,,,,,,,,,,,,,,,,,,,,,,,,,,,,,,,,,,,,,,,,,,,,,,,,,,,,,,,,,,,,,,,,,,,,,,,,,,,
,"Light Source: Xenon Flash,  Lamp Energy: High",,,,,,,,,,,,,,,,,,,,,,,,,,,,,,,,,,,,,,,,,,,,,,,,,,,,,,,,,,,,,,,,,,,,,,,,,,,,,,,,,,,,,,,,,,,,,,,,
,"Read Speed: Sweep,  Delay: 100 msec,  Measurements/Data Point: 1",,,,,,,,,,,,,,,,,,,,,,,,,,,,,,,,,,,,,,,,,,,,,,,,,,,,,,,,,,,,,,,,,,,,,,,,,,,,,,,,,,,,,,,,,,,,,,,,
,Read Height: 7 mm,,,,,,,,,,,,,,,,,,,,,,,,,,,,,,,,,,,,,,,,,,,,,,,,,,,,,,,,,,,,,,,,,,,,,,,,,,,,,,,,,,,,,,,,,,,,,,,,
Read,Fluorescence Spectrum,,,,,,,,,,,,,,,,,,,,,,,,,,,,,,,,,,,,,,,,,,,,,,,,,,,,,,,,,,,,,,,,,,,,,,,,,,,,,,,,,,,,,,,,,,,,,,,,
,Full Plate,,,,,,,,,,,,,,,,,,,,,,,,,,,,,,,,,,,,,,,,,,,,,,,,,,,,,,,,,,,,,,,,,,,,,,,,,,,,,,,,,,,,,,,,,,,,,,,,
,Fixed Excitation: 450/20 nm,,,,,,,,,,,,,,,,,,,,,,,,,,,,,,,,,,,,,,,,,,,,,,,,,,,,,,,,,,,,,,,,,,,,,,,,,,,,,,,,,,,,,,,,,,,,,,,,
,"Emission Start: 500/20 nm,  Stop: 850 nm,  Step: 5 nm",,,,,,,,,,,,,,,,,,,,,,,,,,,,,,,,,,,,,,,,,,,,,,,,,,,,,,,,,,,,,,,,,,,,,,,,,,,,,,,,,,,,,,,,,,,,,,,,
,"Optics: Bottom,  Gain: 50",,,,,,,,,,,,,,,,,,,,,,,,,,,,,,,,,,,,,,,,,,,,,,,,,,,,,,,,,,,,,,,,,,,,,,,,,,,,,,,,,,,,,,,,,,,,,,,,
,"Light Source: Xenon Flash,  Lamp Energy: High",,,,,,,,,,,,,,,,,,,,,,,,,,,,,,,,,,,,,,,,,,,,,,,,,,,,,,,,,,,,,,,,,,,,,,,,,,,,,,,,,,,,,,,,,,,,,,,,
,"Read Speed: Sweep,  Delay: 100 msec,  Measurements/Data Point: 1",,,,,,,,,,,,,,,,,,,,,,,,,,,,,,,,,,,,,,,,,,,,,,,,,,,,,,,,,,,,,,,,,,,,,,,,,,,,,,,,,,,,,,,,,,,,,,,,
,Read Height: 7 mm,,,,,,,,,,,,,,,,,,,,,,,,,,,,,,,,,,,,,,,,,,,,,,,,,,,,,,,,,,,,,,,,,,,,,,,,,,,,,,,,,,,,,,,,,,,,,,,,
Read,Fluorescence Spectrum,,,,,,,,,,,,,,,,,,,,,,,,,,,,,,,,,,,,,,,,,,,,,,,,,,,,,,,,,,,,,,,,,,,,,,,,,,,,,,,,,,,,,,,,,,,,,,,,
,Full Plate,,,,,,,,,,,,,,,,,,,,,,,,,,,,,,,,,,,,,,,,,,,,,,,,,,,,,,,,,,,,,,,,,,,,,,,,,,,,,,,,,,,,,,,,,,,,,,,,
,Fixed Excitation: 450/20 nm,,,,,,,,,,,,,,,,,,,,,,,,,,,,,,,,,,,,,,,,,,,,,,,,,,,,,,,,,,,,,,,,,,,,,,,,,,,,,,,,,,,,,,,,,,,,,,,,
,"Emission Start: 500/20 nm,  Stop: 850 nm,  Step: 5 nm",,,,,,,,,,,,,,,,,,,,,,,,,,,,,,,,,,,,,,,,,,,,,,,,,,,,,,,,,,,,,,,,,,,,,,,,,,,,,,,,,,,,,,,,,,,,,,,,
,"Optics: Bottom,  Gain: 50",,,,,,,,,,,,,,,,,,,,,,,,,,,,,,,,,,,,,,,,,,,,,,,,,,,,,,,,,,,,,,,,,,,,,,,,,,,,,,,,,,,,,,,,,,,,,,,,
,"Light Source: Xenon Flash,  Lamp Energy: High",,,,,,,,,,,,,,,,,,,,,,,,,,,,,,,,,,,,,,,,,,,,,,,,,,,,,,,,,,,,,,,,,,,,,,,,,,,,,,,,,,,,,,,,,,,,,,,,
,"Read Speed: Sweep,  Delay: 100 msec,  Measurements/Data Point: 1",,,,,,,,,,,,,,,,,,,,,,,,,,,,,,,,,,,,,,,,,,,,,,,,,,,,,,,,,,,,,,,,,,,,,,,,,,,,,,,,,,,,,,,,,,,,,,,,
,Read Height: 7 mm,,,,,,,,,,,,,,,,,,,,,,,,,,,,,,,,,,,,,,,,,,,,,,,,,,,,,,,,,,,,,,,,,,,,,,,,,,,,,,,,,,,,,,,,,,,,,,,,
Read,Fluorescence Spectrum,,,,,,,,,,,,,,,,,,,,,,,,,,,,,,,,,,,,,,,,,,,,,,,,,,,,,,,,,,,,,,,,,,,,,,,,,,,,,,,,,,,,,,,,,,,,,,,,
,Full Plate,,,,,,,,,,,,,,,,,,,,,,,,,,,,,,,,,,,,,,,,,,,,,,,,,,,,,,,,,,,,,,,,,,,,,,,,,,,,,,,,,,,,,,,,,,,,,,,,
,Fixed Excitation: 450/20 nm,,,,,,,,,,,,,,,,,,,,,,,,,,,,,,,,,,,,,,,,,,,,,,,,,,,,,,,,,,,,,,,,,,,,,,,,,,,,,,,,,,,,,,,,,,,,,,,,
,"Emission Start: 500/20 nm,  Stop: 850 nm,  Step: 5 nm",,,,,,,,,,,,,,,,,,,,,,,,,,,,,,,,,,,,,,,,,,,,,,,,,,,,,,,,,,,,,,,,,,,,,,,,,,,,,,,,,,,,,,,,,,,,,,,,
,"Optics: Bottom,  Gain: 50",,,,,,,,,,,,,,,,,,,,,,,,,,,,,,,,,,,,,,,,,,,,,,,,,,,,,,,,,,,,,,,,,,,,,,,,,,,,,,,,,,,,,,,,,,,,,,,,
,"Light Source: Xenon Flash,  Lamp Energy: High",,,,,,,,,,,,,,,,,,,,,,,,,,,,,,,,,,,,,,,,,,,,,,,,,,,,,,,,,,,,,,,,,,,,,,,,,,,,,,,,,,,,,,,,,,,,,,,,
,"Read Speed: Sweep,  Delay: 100 msec,  Measurements/Data Point: 1",,,,,,,,,,,,,,,,,,,,,,,,,,,,,,,,,,,,,,,,,,,,,,,,,,,,,,,,,,,,,,,,,,,,,,,,,,,,,,,,,,,,,,,,,,,,,,,,
,Read Height: 7 mm,,,,,,,,,,,,,,,,,,,,,,,,,,,,,,,,,,,,,,,,,,,,,,,,,,,,,,,,,,,,,,,,,,,,,,,,,,,,,,,,,,,,,,,,,,,,,,,,
Read,Fluorescence Spectrum,,,,,,,,,,,,,,,,,,,,,,,,,,,,,,,,,,,,,,,,,,,,,,,,,,,,,,,,,,,,,,,,,,,,,,,,,,,,,,,,,,,,,,,,,,,,,,,,
,Full Plate,,,,,,,,,,,,,,,,,,,,,,,,,,,,,,,,,,,,,,,,,,,,,,,,,,,,,,,,,,,,,,,,,,,,,,,,,,,,,,,,,,,,,,,,,,,,,,,,
,Fixed Excitation: 450/20 nm,,,,,,,,,,,,,,,,,,,,,,,,,,,,,,,,,,,,,,,,,,,,,,,,,,,,,,,,,,,,,,,,,,,,,,,,,,,,,,,,,,,,,,,,,,,,,,,,
,"Emission Start: 500/20 nm,  Stop: 850 nm,  Step: 5 nm",,,,,,,,,,,,,,,,,,,,,,,,,,,,,,,,,,,,,,,,,,,,,,,,,,,,,,,,,,,,,,,,,,,,,,,,,,,,,,,,,,,,,,,,,,,,,,,,
,"Optics: Bottom,  Gain: 50",,,,,,,,,,,,,,,,,,,,,,,,,,,,,,,,,,,,,,,,,,,,,,,,,,,,,,,,,,,,,,,,,,,,,,,,,,,,,,,,,,,,,,,,,,,,,,,,
,"Light Source: Xenon Flash,  Lamp Energy: High",,,,,,,,,,,,,,,,,,,,,,,,,,,,,,,,,,,,,,,,,,,,,,,,,,,,,,,,,,,,,,,,,,,,,,,,,,,,,,,,,,,,,,,,,,,,,,,,
,"Read Speed: Sweep,  Delay: 100 msec,  Measurements/Data Point: 1",,,,,,,,,,,,,,,,,,,,,,,,,,,,,,,,,,,,,,,,,,,,,,,,,,,,,,,,,,,,,,,,,,,,,,,,,,,,,,,,,,,,,,,,,,,,,,,,
,Read Height: 7 mm,,,,,,,,,,,,,,,,,,,,,,,,,,,,,,,,,,,,,,,,,,,,,,,,,,,,,,,,,,,,,,,,,,,,,,,,,,,,,,,,,,,,,,,,,,,,,,,,
Read,Fluorescence Spectrum,,,,,,,,,,,,,,,,,,,,,,,,,,,,,,,,,,,,,,,,,,,,,,,,,,,,,,,,,,,,,,,,,,,,,,,,,,,,,,,,,,,,,,,,,,,,,,,,
,Full Plate,,,,,,,,,,,,,,,,,,,,,,,,,,,,,,,,,,,,,,,,,,,,,,,,,,,,,,,,,,,,,,,,,,,,,,,,,,,,,,,,,,,,,,,,,,,,,,,,
,Fixed Excitation: 450/20 nm,,,,,,,,,,,,,,,,,,,,,,,,,,,,,,,,,,,,,,,,,,,,,,,,,,,,,,,,,,,,,,,,,,,,,,,,,,,,,,,,,,,,,,,,,,,,,,,,
,"Emission Start: 500/20 nm,  Stop: 850 nm,  Step: 5 nm",,,,,,,,,,,,,,,,,,,,,,,,,,,,,,,,,,,,,,,,,,,,,,,,,,,,,,,,,,,,,,,,,,,,,,,,,,,,,,,,,,,,,,,,,,,,,,,,
,"Optics: Bottom,  Gain: 50",,,,,,,,,,,,,,,,,,,,,,,,,,,,,,,,,,,,,,,,,,,,,,,,,,,,,,,,,,,,,,,,,,,,,,,,,,,,,,,,,,,,,,,,,,,,,,,,
,"Light Source: Xenon Flash,  Lamp Energy: High",,,,,,,,,,,,,,,,,,,,,,,,,,,,,,,,,,,,,,,,,,,,,,,,,,,,,,,,,,,,,,,,,,,,,,,,,,,,,,,,,,,,,,,,,,,,,,,,
,"Read Speed: Sweep,  Delay: 100 msec,  Measurements/Data Point: 1",,,,,,,,,,,,,,,,,,,,,,,,,,,,,,,,,,,,,,,,,,,,,,,,,,,,,,,,,,,,,,,,,,,,,,,,,,,,,,,,,,,,,,,,,,,,,,,,
,Read Height: 7 mm,,,,,,,,,,,,,,,,,,,,,,,,,,,,,,,,,,,,,,,,,,,,,,,,,,,,,,,,,,,,,,,,,,,,,,,,,,,,,,,,,,,,,,,,,,,,,,,,
Read,Fluorescence Spectrum,,,,,,,,,,,,,,,,,,,,,,,,,,,,,,,,,,,,,,,,,,,,,,,,,,,,,,,,,,,,,,,,,,,,,,,,,,,,,,,,,,,,,,,,,,,,,,,,
,Full Plate,,,,,,,,,,,,,,,,,,,,,,,,,,,,,,,,,,,,,,,,,,,,,,,,,,,,,,,,,,,,,,,,,,,,,,,,,,,,,,,,,,,,,,,,,,,,,,,,
,Fixed Excitation: 450/20 nm,,,,,,,,,,,,,,,,,,,,,,,,,,,,,,,,,,,,,,,,,,,,,,,,,,,,,,,,,,,,,,,,,,,,,,,,,,,,,,,,,,,,,,,,,,,,,,,,
,"Emission Start: 500/20 nm,  Stop: 850 nm,  Step: 5 nm",,,,,,,,,,,,,,,,,,,,,,,,,,,,,,,,,,,,,,,,,,,,,,,,,,,,,,,,,,,,,,,,,,,,,,,,,,,,,,,,,,,,,,,,,,,,,,,,
,"Optics: Bottom,  Gain: 50",,,,,,,,,,,,,,,,,,,,,,,,,,,,,,,,,,,,,,,,,,,,,,,,,,,,,,,,,,,,,,,,,,,,,,,,,,,,,,,,,,,,,,,,,,,,,,,,
,"Light Source: Xenon Flash,  Lamp Energy: High",,,,,,,,,,,,,,,,,,,,,,,,,,,,,,,,,,,,,,,,,,,,,,,,,,,,,,,,,,,,,,,,,,,,,,,,,,,,,,,,,,,,,,,,,,,,,,,,
,"Read Speed: Sweep,  Delay: 100 msec,  Measurements/Data Point: 1",,,,,,,,,,,,,,,,,,,,,,,,,,,,,,,,,,,,,,,,,,,,,,,,,,,,,,,,,,,,,,,,,,,,,,,,,,,,,,,,,,,,,,,,,,,,,,,,
,Read Height: 7 mm,,,,,,,,,,,,,,,,,,,,,,,,,,,,,,,,,,,,,,,,,,,,,,,,,,,,,,,,,,,,,,,,,,,,,,,,,,,,,,,,,,,,,,,,,,,,,,,,
Read,Fluorescence Spectrum,,,,,,,,,,,,,,,,,,,,,,,,,,,,,,,,,,,,,,,,,,,,,,,,,,,,,,,,,,,,,,,,,,,,,,,,,,,,,,,,,,,,,,,,,,,,,,,,
,Full Plate,,,,,,,,,,,,,,,,,,,,,,,,,,,,,,,,,,,,,,,,,,,,,,,,,,,,,,,,,,,,,,,,,,,,,,,,,,,,,,,,,,,,,,,,,,,,,,,,
,Fixed Excitation: 450/20 nm,,,,,,,,,,,,,,,,,,,,,,,,,,,,,,,,,,,,,,,,,,,,,,,,,,,,,,,,,,,,,,,,,,,,,,,,,,,,,,,,,,,,,,,,,,,,,,,,
,"Emission Start: 500/20 nm,  Stop: 850 nm,  Step: 5 nm",,,,,,,,,,,,,,,,,,,,,,,,,,,,,,,,,,,,,,,,,,,,,,,,,,,,,,,,,,,,,,,,,,,,,,,,,,,,,,,,,,,,,,,,,,,,,,,,
,"Optics: Bottom,  Gain: 50",,,,,,,,,,,,,,,,,,,,,,,,,,,,,,,,,,,,,,,,,,,,,,,,,,,,,,,,,,,,,,,,,,,,,,,,,,,,,,,,,,,,,,,,,,,,,,,,
,"Light Source: Xenon Flash,  Lamp Energy: High",,,,,,,,,,,,,,,,,,,,,,,,,,,,,,,,,,,,,,,,,,,,,,,,,,,,,,,,,,,,,,,,,,,,,,,,,,,,,,,,,,,,,,,,,,,,,,,,
,"Read Speed: Sweep,  Delay: 100 msec,  Measurements/Data Point: 1",,,,,,,,,,,,,,,,,,,,,,,,,,,,,,,,,,,,,,,,,,,,,,,,,,,,,,,,,,,,,,,,,,,,,,,,,,,,,,,,,,,,,,,,,,,,,,,,
,Read Height: 7 mm,,,,,,,,,,,,,,,,,,,,,,,,,,,,,,,,,,,,,,,,,,,,,,,,,,,,,,,,,,,,,,,,,,,,,,,,,,,,,,,,,,,,,,,,,,,,,,,,
Read,Fluorescence Spectrum,,,,,,,,,,,,,,,,,,,,,,,,,,,,,,,,,,,,,,,,,,,,,,,,,,,,,,,,,,,,,,,,,,,,,,,,,,,,,,,,,,,,,,,,,,,,,,,,
,Full Plate,,,,,,,,,,,,,,,,,,,,,,,,,,,,,,,,,,,,,,,,,,,,,,,,,,,,,,,,,,,,,,,,,,,,,,,,,,,,,,,,,,,,,,,,,,,,,,,,
,Fixed Excitation: 450/20 nm,,,,,,,,,,,,,,,,,,,,,,,,,,,,,,,,,,,,,,,,,,,,,,,,,,,,,,,,,,,,,,,,,,,,,,,,,,,,,,,,,,,,,,,,,,,,,,,,
,"Emission Start: 500/20 nm,  Stop: 850 nm,  Step: 5 nm",,,,,,,,,,,,,,,,,,,,,,,,,,,,,,,,,,,,,,,,,,,,,,,,,,,,,,,,,,,,,,,,,,,,,,,,,,,,,,,,,,,,,,,,,,,,,,,,
,"Optics: Bottom,  Gain: 50",,,,,,,,,,,,,,,,,,,,,,,,,,,,,,,,,,,,,,,,,,,,,,,,,,,,,,,,,,,,,,,,,,,,,,,,,,,,,,,,,,,,,,,,,,,,,,,,
,"Light Source: Xenon Flash,  Lamp Energy: High",,,,,,,,,,,,,,,,,,,,,,,,,,,,,,,,,,,,,,,,,,,,,,,,,,,,,,,,,,,,,,,,,,,,,,,,,,,,,,,,,,,,,,,,,,,,,,,,
,"Read Speed: Sweep,  Delay: 100 msec,  Measurements/Data Point: 1",,,,,,,,,,,,,,,,,,,,,,,,,,,,,,,,,,,,,,,,,,,,,,,,,,,,,,,,,,,,,,,,,,,,,,,,,,,,,,,,,,,,,,,,,,,,,,,,
,Read Height: 7 mm,,,,,,,,,,,,,,,,,,,,,,,,,,,,,,,,,,,,,,,,,,,,,,,,,,,,,,,,,,,,,,,,,,,,,,,,,,,,,,,,,,,,,,,,,,,,,,,,
Read,Fluorescence Spectrum,,,,,,,,,,,,,,,,,,,,,,,,,,,,,,,,,,,,,,,,,,,,,,,,,,,,,,,,,,,,,,,,,,,,,,,,,,,,,,,,,,,,,,,,,,,,,,,,
,Full Plate,,,,,,,,,,,,,,,,,,,,,,,,,,,,,,,,,,,,,,,,,,,,,,,,,,,,,,,,,,,,,,,,,,,,,,,,,,,,,,,,,,,,,,,,,,,,,,,,
,Fixed Excitation: 450/20 nm,,,,,,,,,,,,,,,,,,,,,,,,,,,,,,,,,,,,,,,,,,,,,,,,,,,,,,,,,,,,,,,,,,,,,,,,,,,,,,,,,,,,,,,,,,,,,,,,
,"Emission Start: 500/20 nm,  Stop: 850 nm,  Step: 5 nm",,,,,,,,,,,,,,,,,,,,,,,,,,,,,,,,,,,,,,,,,,,,,,,,,,,,,,,,,,,,,,,,,,,,,,,,,,,,,,,,,,,,,,,,,,,,,,,,
,"Optics: Bottom,  Gain: 50",,,,,,,,,,,,,,,,,,,,,,,,,,,,,,,,,,,,,,,,,,,,,,,,,,,,,,,,,,,,,,,,,,,,,,,,,,,,,,,,,,,,,,,,,,,,,,,,
,"Light Source: Xenon Flash,  Lamp Energy: High",,,,,,,,,,,,,,,,,,,,,,,,,,,,,,,,,,,,,,,,,,,,,,,,,,,,,,,,,,,,,,,,,,,,,,,,,,,,,,,,,,,,,,,,,,,,,,,,
,"Read Speed: Sweep,  Delay: 100 msec,  Measurements/Data Point: 1",,,,,,,,,,,,,,,,,,,,,,,,,,,,,,,,,,,,,,,,,,,,,,,,,,,,,,,,,,,,,,,,,,,,,,,,,,,,,,,,,,,,,,,,,,,,,,,,
,Read Height: 7 mm,,,,,,,,,,,,,,,,,,,,,,,,,,,,,,,,,,,,,,,,,,,,,,,,,,,,,,,,,,,,,,,,,,,,,,,,,,,,,,,,,,,,,,,,,,,,,,,,
Read,Fluorescence Spectrum,,,,,,,,,,,,,,,,,,,,,,,,,,,,,,,,,,,,,,,,,,,,,,,,,,,,,,,,,,,,,,,,,,,,,,,,,,,,,,,,,,,,,,,,,,,,,,,,
,Full Plate,,,,,,,,,,,,,,,,,,,,,,,,,,,,,,,,,,,,,,,,,,,,,,,,,,,,,,,,,,,,,,,,,,,,,,,,,,,,,,,,,,,,,,,,,,,,,,,,
,Fixed Excitation: 450/20 nm,,,,,,,,,,,,,,,,,,,,,,,,,,,,,,,,,,,,,,,,,,,,,,,,,,,,,,,,,,,,,,,,,,,,,,,,,,,,,,,,,,,,,,,,,,,,,,,,
,"Emission Start: 500/20 nm,  Stop: 850 nm,  Step: 5 nm",,,,,,,,,,,,,,,,,,,,,,,,,,,,,,,,,,,,,,,,,,,,,,,,,,,,,,,,,,,,,,,,,,,,,,,,,,,,,,,,,,,,,,,,,,,,,,,,
,"Optics: Bottom,  Gain: 50",,,,,,,,,,,,,,,,,,,,,,,,,,,,,,,,,,,,,,,,,,,,,,,,,,,,,,,,,,,,,,,,,,,,,,,,,,,,,,,,,,,,,,,,,,,,,,,,
,"Light Source: Xenon Flash,  Lamp Energy: High",,,,,,,,,,,,,,,,,,,,,,,,,,,,,,,,,,,,,,,,,,,,,,,,,,,,,,,,,,,,,,,,,,,,,,,,,,,,,,,,,,,,,,,,,,,,,,,,
,"Read Speed: Sweep,  Delay: 100 msec,  Measurements/Data Point: 1",,,,,,,,,,,,,,,,,,,,,,,,,,,,,,,,,,,,,,,,,,,,,,,,,,,,,,,,,,,,,,,,,,,,,,,,,,,,,,,,,,,,,,,,,,,,,,,,
,Read Height: 7 mm,,,,,,,,,,,,,,,,,,,,,,,,,,,,,,,,,,,,,,,,,,,,,,,,,,,,,,,,,,,,,,,,,,,,,,,,,,,,,,,,,,,,,,,,,,,,,,,,
Read,Fluorescence Spectrum,,,,,,,,,,,,,,,,,,,,,,,,,,,,,,,,,,,,,,,,,,,,,,,,,,,,,,,,,,,,,,,,,,,,,,,,,,,,,,,,,,,,,,,,,,,,,,,,
,Full Plate,,,,,,,,,,,,,,,,,,,,,,,,,,,,,,,,,,,,,,,,,,,,,,,,,,,,,,,,,,,,,,,,,,,,,,,,,,,,,,,,,,,,,,,,,,,,,,,,
,Fixed Excitation: 450/20 nm,,,,,,,,,,,,,,,,,,,,,,,,,,,,,,,,,,,,,,,,,,,,,,,,,,,,,,,,,,,,,,,,,,,,,,,,,,,,,,,,,,,,,,,,,,,,,,,,
,"Emission Start: 500/20 nm,  Stop: 850 nm,  Step: 5 nm",,,,,,,,,,,,,,,,,,,,,,,,,,,,,,,,,,,,,,,,,,,,,,,,,,,,,,,,,,,,,,,,,,,,,,,,,,,,,,,,,,,,,,,,,,,,,,,,
,"Optics: Bottom,  Gain: 50",,,,,,,,,,,,,,,,,,,,,,,,,,,,,,,,,,,,,,,,,,,,,,,,,,,,,,,,,,,,,,,,,,,,,,,,,,,,,,,,,,,,,,,,,,,,,,,,
,"Light Source: Xenon Flash,  Lamp Energy: High",,,,,,,,,,,,,,,,,,,,,,,,,,,,,,,,,,,,,,,,,,,,,,,,,,,,,,,,,,,,,,,,,,,,,,,,,,,,,,,,,,,,,,,,,,,,,,,,
,"Read Speed: Sweep,  Delay: 100 msec,  Measurements/Data Point: 1",,,,,,,,,,,,,,,,,,,,,,,,,,,,,,,,,,,,,,,,,,,,,,,,,,,,,,,,,,,,,,,,,,,,,,,,,,,,,,,,,,,,,,,,,,,,,,,,
,Read Height: 7 mm,,,,,,,,,,,,,,,,,,,,,,,,,,,,,,,,,,,,,,,,,,,,,,,,,,,,,,,,,,,,,,,,,,,,,,,,,,,,,,,,,,,,,,,,,,,,,,,,
Read,Fluorescence Spectrum,,,,,,,,,,,,,,,,,,,,,,,,,,,,,,,,,,,,,,,,,,,,,,,,,,,,,,,,,,,,,,,,,,,,,,,,,,,,,,,,,,,,,,,,,,,,,,,,
,Full Plate,,,,,,,,,,,,,,,,,,,,,,,,,,,,,,,,,,,,,,,,,,,,,,,,,,,,,,,,,,,,,,,,,,,,,,,,,,,,,,,,,,,,,,,,,,,,,,,,
,Fixed Excitation: 450/20 nm,,,,,,,,,,,,,,,,,,,,,,,,,,,,,,,,,,,,,,,,,,,,,,,,,,,,,,,,,,,,,,,,,,,,,,,,,,,,,,,,,,,,,,,,,,,,,,,,
,"Emission Start: 500/20 nm,  Stop: 850 nm,  Step: 5 nm",,,,,,,,,,,,,,,,,,,,,,,,,,,,,,,,,,,,,,,,,,,,,,,,,,,,,,,,,,,,,,,,,,,,,,,,,,,,,,,,,,,,,,,,,,,,,,,,
,"Optics: Bottom,  Gain: 50",,,,,,,,,,,,,,,,,,,,,,,,,,,,,,,,,,,,,,,,,,,,,,,,,,,,,,,,,,,,,,,,,,,,,,,,,,,,,,,,,,,,,,,,,,,,,,,,
,"Light Source: Xenon Flash,  Lamp Energy: High",,,,,,,,,,,,,,,,,,,,,,,,,,,,,,,,,,,,,,,,,,,,,,,,,,,,,,,,,,,,,,,,,,,,,,,,,,,,,,,,,,,,,,,,,,,,,,,,
,"Read Speed: Sweep,  Delay: 100 msec,  Measurements/Data Point: 1",,,,,,,,,,,,,,,,,,,,,,,,,,,,,,,,,,,,,,,,,,,,,,,,,,,,,,,,,,,,,,,,,,,,,,,,,,,,,,,,,,,,,,,,,,,,,,,,
,Read Height: 7 mm,,,,,,,,,,,,,,,,,,,,,,,,,,,,,,,,,,,,,,,,,,,,,,,,,,,,,,,,,,,,,,,,,,,,,,,,,,,,,,,,,,,,,,,,,,,,,,,,
Read,Fluorescence Spectrum,,,,,,,,,,,,,,,,,,,,,,,,,,,,,,,,,,,,,,,,,,,,,,,,,,,,,,,,,,,,,,,,,,,,,,,,,,,,,,,,,,,,,,,,,,,,,,,,
,Full Plate,,,,,,,,,,,,,,,,,,,,,,,,,,,,,,,,,,,,,,,,,,,,,,,,,,,,,,,,,,,,,,,,,,,,,,,,,,,,,,,,,,,,,,,,,,,,,,,,
,Fixed Excitation: 450/20 nm,,,,,,,,,,,,,,,,,,,,,,,,,,,,,,,,,,,,,,,,,,,,,,,,,,,,,,,,,,,,,,,,,,,,,,,,,,,,,,,,,,,,,,,,,,,,,,,,
,"Emission Start: 500/20 nm,  Stop: 850 nm,  Step: 5 nm",,,,,,,,,,,,,,,,,,,,,,,,,,,,,,,,,,,,,,,,,,,,,,,,,,,,,,,,,,,,,,,,,,,,,,,,,,,,,,,,,,,,,,,,,,,,,,,,
,"Optics: Bottom,  Gain: 50",,,,,,,,,,,,,,,,,,,,,,,,,,,,,,,,,,,,,,,,,,,,,,,,,,,,,,,,,,,,,,,,,,,,,,,,,,,,,,,,,,,,,,,,,,,,,,,,
,"Light Source: Xenon Flash,  Lamp Energy: High",,,,,,,,,,,,,,,,,,,,,,,,,,,,,,,,,,,,,,,,,,,,,,,,,,,,,,,,,,,,,,,,,,,,,,,,,,,,,,,,,,,,,,,,,,,,,,,,
,"Read Speed: Sweep,  Delay: 100 msec,  Measurements/Data Point: 1",,,,,,,,,,,,,,,,,,,,,,,,,,,,,,,,,,,,,,,,,,,,,,,,,,,,,,,,,,,,,,,,,,,,,,,,,,,,,,,,,,,,,,,,,,,,,,,,
,Read Height: 7 mm,,,,,,,,,,,,,,,,,,,,,,,,,,,,,,,,,,,,,,,,,,,,,,,,,,,,,,,,,,,,,,,,,,,,,,,,,,,,,,,,,,,,,,,,,,,,,,,,
Read,Fluorescence Spectrum,,,,,,,,,,,,,,,,,,,,,,,,,,,,,,,,,,,,,,,,,,,,,,,,,,,,,,,,,,,,,,,,,,,,,,,,,,,,,,,,,,,,,,,,,,,,,,,,
,Full Plate,,,,,,,,,,,,,,,,,,,,,,,,,,,,,,,,,,,,,,,,,,,,,,,,,,,,,,,,,,,,,,,,,,,,,,,,,,,,,,,,,,,,,,,,,,,,,,,,
,Fixed Excitation: 450/20 nm,,,,,,,,,,,,,,,,,,,,,,,,,,,,,,,,,,,,,,,,,,,,,,,,,,,,,,,,,,,,,,,,,,,,,,,,,,,,,,,,,,,,,,,,,,,,,,,,
,"Emission Start: 500/20 nm,  Stop: 850 nm,  Step: 5 nm",,,,,,,,,,,,,,,,,,,,,,,,,,,,,,,,,,,,,,,,,,,,,,,,,,,,,,,,,,,,,,,,,,,,,,,,,,,,,,,,,,,,,,,,,,,,,,,,
,"Optics: Bottom,  Gain: 50",,,,,,,,,,,,,,,,,,,,,,,,,,,,,,,,,,,,,,,,,,,,,,,,,,,,,,,,,,,,,,,,,,,,,,,,,,,,,,,,,,,,,,,,,,,,,,,,
,"Light Source: Xenon Flash,  Lamp Energy: High",,,,,,,,,,,,,,,,,,,,,,,,,,,,,,,,,,,,,,,,,,,,,,,,,,,,,,,,,,,,,,,,,,,,,,,,,,,,,,,,,,,,,,,,,,,,,,,,
,"Read Speed: Sweep,  Delay: 100 msec,  Measurements/Data Point: 1",,,,,,,,,,,,,,,,,,,,,,,,,,,,,,,,,,,,,,,,,,,,,,,,,,,,,,,,,,,,,,,,,,,,,,,,,,,,,,,,,,,,,,,,,,,,,,,,
,Read Height: 7 mm,,,,,,,,,,,,,,,,,,,,,,,,,,,,,,,,,,,,,,,,,,,,,,,,,,,,,,,,,,,,,,,,,,,,,,,,,,,,,,,,,,,,,,,,,,,,,,,,
Read,Fluorescence Spectrum,,,,,,,,,,,,,,,,,,,,,,,,,,,,,,,,,,,,,,,,,,,,,,,,,,,,,,,,,,,,,,,,,,,,,,,,,,,,,,,,,,,,,,,,,,,,,,,,
,Full Plate,,,,,,,,,,,,,,,,,,,,,,,,,,,,,,,,,,,,,,,,,,,,,,,,,,,,,,,,,,,,,,,,,,,,,,,,,,,,,,,,,,,,,,,,,,,,,,,,
,Fixed Excitation: 450/20 nm,,,,,,,,,,,,,,,,,,,,,,,,,,,,,,,,,,,,,,,,,,,,,,,,,,,,,,,,,,,,,,,,,,,,,,,,,,,,,,,,,,,,,,,,,,,,,,,,
,"Emission Start: 500/20 nm,  Stop: 850 nm,  Step: 5 nm",,,,,,,,,,,,,,,,,,,,,,,,,,,,,,,,,,,,,,,,,,,,,,,,,,,,,,,,,,,,,,,,,,,,,,,,,,,,,,,,,,,,,,,,,,,,,,,,
,"Optics: Bottom,  Gain: 50",,,,,,,,,,,,,,,,,,,,,,,,,,,,,,,,,,,,,,,,,,,,,,,,,,,,,,,,,,,,,,,,,,,,,,,,,,,,,,,,,,,,,,,,,,,,,,,,
,"Light Source: Xenon Flash,  Lamp Energy: High",,,,,,,,,,,,,,,,,,,,,,,,,,,,,,,,,,,,,,,,,,,,,,,,,,,,,,,,,,,,,,,,,,,,,,,,,,,,,,,,,,,,,,,,,,,,,,,,
,"Read Speed: Sweep,  Delay: 100 msec,  Measurements/Data Point: 1",,,,,,,,,,,,,,,,,,,,,,,,,,,,,,,,,,,,,,,,,,,,,,,,,,,,,,,,,,,,,,,,,,,,,,,,,,,,,,,,,,,,,,,,,,,,,,,,
,Read Height: 7 mm,,,,,,,,,,,,,,,,,,,,,,,,,,,,,,,,,,,,,,,,,,,,,,,,,,,,,,,,,,,,,,,,,,,,,,,,,,,,,,,,,,,,,,,,,,,,,,,,
Read,Fluorescence Spectrum,,,,,,,,,,,,,,,,,,,,,,,,,,,,,,,,,,,,,,,,,,,,,,,,,,,,,,,,,,,,,,,,,,,,,,,,,,,,,,,,,,,,,,,,,,,,,,,,
,Full Plate,,,,,,,,,,,,,,,,,,,,,,,,,,,,,,,,,,,,,,,,,,,,,,,,,,,,,,,,,,,,,,,,,,,,,,,,,,,,,,,,,,,,,,,,,,,,,,,,
,Fixed Excitation: 450/20 nm,,,,,,,,,,,,,,,,,,,,,,,,,,,,,,,,,,,,,,,,,,,,,,,,,,,,,,,,,,,,,,,,,,,,,,,,,,,,,,,,,,,,,,,,,,,,,,,,
,"Emission Start: 500/20 nm,  Stop: 850 nm,  Step: 5 nm",,,,,,,,,,,,,,,,,,,,,,,,,,,,,,,,,,,,,,,,,,,,,,,,,,,,,,,,,,,,,,,,,,,,,,,,,,,,,,,,,,,,,,,,,,,,,,,,
,"Optics: Bottom,  Gain: 50",,,,,,,,,,,,,,,,,,,,,,,,,,,,,,,,,,,,,,,,,,,,,,,,,,,,,,,,,,,,,,,,,,,,,,,,,,,,,,,,,,,,,,,,,,,,,,,,
,"Light Source: Xenon Flash,  Lamp Energy: High",,,,,,,,,,,,,,,,,,,,,,,,,,,,,,,,,,,,,,,,,,,,,,,,,,,,,,,,,,,,,,,,,,,,,,,,,,,,,,,,,,,,,,,,,,,,,,,,
,"Read Speed: Sweep,  Delay: 100 msec,  Measurements/Data Point: 1",,,,,,,,,,,,,,,,,,,,,,,,,,,,,,,,,,,,,,,,,,,,,,,,,,,,,,,,,,,,,,,,,,,,,,,,,,,,,,,,,,,,,,,,,,,,,,,,
,Read Height: 7 mm,,,,,,,,,,,,,,,,,,,,,,,,,,,,,,,,,,,,,,,,,,,,,,,,,,,,,,,,,,,,,,,,,,,,,,,,,,,,,,,,,,,,,,,,,,,,,,,,
Read,Fluorescence Spectrum,,,,,,,,,,,,,,,,,,,,,,,,,,,,,,,,,,,,,,,,,,,,,,,,,,,,,,,,,,,,,,,,,,,,,,,,,,,,,,,,,,,,,,,,,,,,,,,,
,Full Plate,,,,,,,,,,,,,,,,,,,,,,,,,,,,,,,,,,,,,,,,,,,,,,,,,,,,,,,,,,,,,,,,,,,,,,,,,,,,,,,,,,,,,,,,,,,,,,,,
,Fixed Excitation: 450/20 nm,,,,,,,,,,,,,,,,,,,,,,,,,,,,,,,,,,,,,,,,,,,,,,,,,,,,,,,,,,,,,,,,,,,,,,,,,,,,,,,,,,,,,,,,,,,,,,,,
,"Emission Start: 500/20 nm,  Stop: 850 nm,  Step: 5 nm",,,,,,,,,,,,,,,,,,,,,,,,,,,,,,,,,,,,,,,,,,,,,,,,,,,,,,,,,,,,,,,,,,,,,,,,,,,,,,,,,,,,,,,,,,,,,,,,
,"Optics: Bottom,  Gain: 50",,,,,,,,,,,,,,,,,,,,,,,,,,,,,,,,,,,,,,,,,,,,,,,,,,,,,,,,,,,,,,,,,,,,,,,,,,,,,,,,,,,,,,,,,,,,,,,,
,"Light Source: Xenon Flash,  Lamp Energy: High",,,,,,,,,,,,,,,,,,,,,,,,,,,,,,,,,,,,,,,,,,,,,,,,,,,,,,,,,,,,,,,,,,,,,,,,,,,,,,,,,,,,,,,,,,,,,,,,
,"Read Speed: Sweep,  Delay: 100 msec,  Measurements/Data Point: 1",,,,,,,,,,,,,,,,,,,,,,,,,,,,,,,,,,,,,,,,,,,,,,,,,,,,,,,,,,,,,,,,,,,,,,,,,,,,,,,,,,,,,,,,,,,,,,,,
,Read Height: 7 mm,,,,,,,,,,,,,,,,,,,,,,,,,,,,,,,,,,,,,,,,,,,,,,,,,,,,,,,,,,,,,,,,,,,,,,,,,,,,,,,,,,,,,,,,,,,,,,,,
Read,Fluorescence Spectrum,,,,,,,,,,,,,,,,,,,,,,,,,,,,,,,,,,,,,,,,,,,,,,,,,,,,,,,,,,,,,,,,,,,,,,,,,,,,,,,,,,,,,,,,,,,,,,,,
,Full Plate,,,,,,,,,,,,,,,,,,,,,,,,,,,,,,,,,,,,,,,,,,,,,,,,,,,,,,,,,,,,,,,,,,,,,,,,,,,,,,,,,,,,,,,,,,,,,,,,
,Fixed Excitation: 450/20 nm,,,,,,,,,,,,,,,,,,,,,,,,,,,,,,,,,,,,,,,,,,,,,,,,,,,,,,,,,,,,,,,,,,,,,,,,,,,,,,,,,,,,,,,,,,,,,,,,
,"Emission Start: 500/20 nm,  Stop: 850 nm,  Step: 5 nm",,,,,,,,,,,,,,,,,,,,,,,,,,,,,,,,,,,,,,,,,,,,,,,,,,,,,,,,,,,,,,,,,,,,,,,,,,,,,,,,,,,,,,,,,,,,,,,,
,"Optics: Bottom,  Gain: 50",,,,,,,,,,,,,,,,,,,,,,,,,,,,,,,,,,,,,,,,,,,,,,,,,,,,,,,,,,,,,,,,,,,,,,,,,,,,,,,,,,,,,,,,,,,,,,,,
,"Light Source: Xenon Flash,  Lamp Energy: High",,,,,,,,,,,,,,,,,,,,,,,,,,,,,,,,,,,,,,,,,,,,,,,,,,,,,,,,,,,,,,,,,,,,,,,,,,,,,,,,,,,,,,,,,,,,,,,,
,"Read Speed: Sweep,  Delay: 100 msec,  Measurements/Data Point: 1",,,,,,,,,,,,,,,,,,,,,,,,,,,,,,,,,,,,,,,,,,,,,,,,,,,,,,,,,,,,,,,,,,,,,,,,,,,,,,,,,,,,,,,,,,,,,,,,
,Read Height: 7 mm,,,,,,,,,,,,,,,,,,,,,,,,,,,,,,,,,,,,,,,,,,,,,,,,,,,,,,,,,,,,,,,,,,,,,,,,,,,,,,,,,,,,,,,,,,,,,,,,
Read,Fluorescence Spectrum,,,,,,,,,,,,,,,,,,,,,,,,,,,,,,,,,,,,,,,,,,,,,,,,,,,,,,,,,,,,,,,,,,,,,,,,,,,,,,,,,,,,,,,,,,,,,,,,
,Full Plate,,,,,,,,,,,,,,,,,,,,,,,,,,,,,,,,,,,,,,,,,,,,,,,,,,,,,,,,,,,,,,,,,,,,,,,,,,,,,,,,,,,,,,,,,,,,,,,,
,Fixed Excitation: 450/20 nm,,,,,,,,,,,,,,,,,,,,,,,,,,,,,,,,,,,,,,,,,,,,,,,,,,,,,,,,,,,,,,,,,,,,,,,,,,,,,,,,,,,,,,,,,,,,,,,,
,"Emission Start: 500/20 nm,  Stop: 850 nm,  Step: 5 nm",,,,,,,,,,,,,,,,,,,,,,,,,,,,,,,,,,,,,,,,,,,,,,,,,,,,,,,,,,,,,,,,,,,,,,,,,,,,,,,,,,,,,,,,,,,,,,,,
,"Optics: Bottom,  Gain: 50",,,,,,,,,,,,,,,,,,,,,,,,,,,,,,,,,,,,,,,,,,,,,,,,,,,,,,,,,,,,,,,,,,,,,,,,,,,,,,,,,,,,,,,,,,,,,,,,
,"Light Source: Xenon Flash,  Lamp Energy: High",,,,,,,,,,,,,,,,,,,,,,,,,,,,,,,,,,,,,,,,,,,,,,,,,,,,,,,,,,,,,,,,,,,,,,,,,,,,,,,,,,,,,,,,,,,,,,,,
,"Read Speed: Sweep,  Delay: 100 msec,  Measurements/Data Point: 1",,,,,,,,,,,,,,,,,,,,,,,,,,,,,,,,,,,,,,,,,,,,,,,,,,,,,,,,,,,,,,,,,,,,,,,,,,,,,,,,,,,,,,,,,,,,,,,,
,Read Height: 7 mm,,,,,,,,,,,,,,,,,,,,,,,,,,,,,,,,,,,,,,,,,,,,,,,,,,,,,,,,,,,,,,,,,,,,,,,,,,,,,,,,,,,,,,,,,,,,,,,,
Read,Fluorescence Spectrum,,,,,,,,,,,,,,,,,,,,,,,,,,,,,,,,,,,,,,,,,,,,,,,,,,,,,,,,,,,,,,,,,,,,,,,,,,,,,,,,,,,,,,,,,,,,,,,,
,Full Plate,,,,,,,,,,,,,,,,,,,,,,,,,,,,,,,,,,,,,,,,,,,,,,,,,,,,,,,,,,,,,,,,,,,,,,,,,,,,,,,,,,,,,,,,,,,,,,,,
,Fixed Excitation: 450/20 nm,,,,,,,,,,,,,,,,,,,,,,,,,,,,,,,,,,,,,,,,,,,,,,,,,,,,,,,,,,,,,,,,,,,,,,,,,,,,,,,,,,,,,,,,,,,,,,,,
,"Emission Start: 500/20 nm,  Stop: 850 nm,  Step: 5 nm",,,,,,,,,,,,,,,,,,,,,,,,,,,,,,,,,,,,,,,,,,,,,,,,,,,,,,,,,,,,,,,,,,,,,,,,,,,,,,,,,,,,,,,,,,,,,,,,
,"Optics: Bottom,  Gain: 50",,,,,,,,,,,,,,,,,,,,,,,,,,,,,,,,,,,,,,,,,,,,,,,,,,,,,,,,,,,,,,,,,,,,,,,,,,,,,,,,,,,,,,,,,,,,,,,,
,"Light Source: Xenon Flash,  Lamp Energy: High",,,,,,,,,,,,,,,,,,,,,,,,,,,,,,,,,,,,,,,,,,,,,,,,,,,,,,,,,,,,,,,,,,,,,,,,,,,,,,,,,,,,,,,,,,,,,,,,
,"Read Speed: Sweep,  Delay: 100 msec,  Measurements/Data Point: 1",,,,,,,,,,,,,,,,,,,,,,,,,,,,,,,,,,,,,,,,,,,,,,,,,,,,,,,,,,,,,,,,,,,,,,,,,,,,,,,,,,,,,,,,,,,,,,,,
,Read Height: 7 mm,,,,,,,,,,,,,,,,,,,,,,,,,,,,,,,,,,,,,,,,,,,,,,,,,,,,,,,,,,,,,,,,,,,,,,,,,,,,,,,,,,,,,,,,,,,,,,,,
Read,Fluorescence Spectrum,,,,,,,,,,,,,,,,,,,,,,,,,,,,,,,,,,,,,,,,,,,,,,,,,,,,,,,,,,,,,,,,,,,,,,,,,,,,,,,,,,,,,,,,,,,,,,,,
,Full Plate,,,,,,,,,,,,,,,,,,,,,,,,,,,,,,,,,,,,,,,,,,,,,,,,,,,,,,,,,,,,,,,,,,,,,,,,,,,,,,,,,,,,,,,,,,,,,,,,
,Fixed Excitation: 450/20 nm,,,,,,,,,,,,,,,,,,,,,,,,,,,,,,,,,,,,,,,,,,,,,,,,,,,,,,,,,,,,,,,,,,,,,,,,,,,,,,,,,,,,,,,,,,,,,,,,
,"Emission Start: 500/20 nm,  Stop: 850 nm,  Step: 5 nm",,,,,,,,,,,,,,,,,,,,,,,,,,,,,,,,,,,,,,,,,,,,,,,,,,,,,,,,,,,,,,,,,,,,,,,,,,,,,,,,,,,,,,,,,,,,,,,,
,"Optics: Bottom,  Gain: 50",,,,,,,,,,,,,,,,,,,,,,,,,,,,,,,,,,,,,,,,,,,,,,,,,,,,,,,,,,,,,,,,,,,,,,,,,,,,,,,,,,,,,,,,,,,,,,,,
,"Light Source: Xenon Flash,  Lamp Energy: High",,,,,,,,,,,,,,,,,,,,,,,,,,,,,,,,,,,,,,,,,,,,,,,,,,,,,,,,,,,,,,,,,,,,,,,,,,,,,,,,,,,,,,,,,,,,,,,,
,"Read Speed: Sweep,  Delay: 100 msec,  Measurements/Data Point: 1",,,,,,,,,,,,,,,,,,,,,,,,,,,,,,,,,,,,,,,,,,,,,,,,,,,,,,,,,,,,,,,,,,,,,,,,,,,,,,,,,,,,,,,,,,,,,,,,
,Read Height: 7 mm,,,,,,,,,,,,,,,,,,,,,,,,,,,,,,,,,,,,,,,,,,,,,,,,,,,,,,,,,,,,,,,,,,,,,,,,,,,,,,,,,,,,,,,,,,,,,,,,
Read,Fluorescence Spectrum,,,,,,,,,,,,,,,,,,,,,,,,,,,,,,,,,,,,,,,,,,,,,,,,,,,,,,,,,,,,,,,,,,,,,,,,,,,,,,,,,,,,,,,,,,,,,,,,
,Full Plate,,,,,,,,,,,,,,,,,,,,,,,,,,,,,,,,,,,,,,,,,,,,,,,,,,,,,,,,,,,,,,,,,,,,,,,,,,,,,,,,,,,,,,,,,,,,,,,,
,Fixed Excitation: 450/20 nm,,,,,,,,,,,,,,,,,,,,,,,,,,,,,,,,,,,,,,,,,,,,,,,,,,,,,,,,,,,,,,,,,,,,,,,,,,,,,,,,,,,,,,,,,,,,,,,,
,"Emission Start: 500/20 nm,  Stop: 850 nm,  Step: 5 nm",,,,,,,,,,,,,,,,,,,,,,,,,,,,,,,,,,,,,,,,,,,,,,,,,,,,,,,,,,,,,,,,,,,,,,,,,,,,,,,,,,,,,,,,,,,,,,,,
,"Optics: Bottom,  Gain: 50",,,,,,,,,,,,,,,,,,,,,,,,,,,,,,,,,,,,,,,,,,,,,,,,,,,,,,,,,,,,,,,,,,,,,,,,,,,,,,,,,,,,,,,,,,,,,,,,
,"Light Source: Xenon Flash,  Lamp Energy: High",,,,,,,,,,,,,,,,,,,,,,,,,,,,,,,,,,,,,,,,,,,,,,,,,,,,,,,,,,,,,,,,,,,,,,,,,,,,,,,,,,,,,,,,,,,,,,,,
,"Read Speed: Sweep,  Delay: 100 msec,  Measurements/Data Point: 1",,,,,,,,,,,,,,,,,,,,,,,,,,,,,,,,,,,,,,,,,,,,,,,,,,,,,,,,,,,,,,,,,,,,,,,,,,,,,,,,,,,,,,,,,,,,,,,,
,Read Height: 7 mm,,,,,,,,,,,,,,,,,,,,,,,,,,,,,,,,,,,,,,,,,,,,,,,,,,,,,,,,,,,,,,,,,,,,,,,,,,,,,,,,,,,,,,,,,,,,,,,,
Read,Fluorescence Spectrum,,,,,,,,,,,,,,,,,,,,,,,,,,,,,,,,,,,,,,,,,,,,,,,,,,,,,,,,,,,,,,,,,,,,,,,,,,,,,,,,,,,,,,,,,,,,,,,,
,Full Plate,,,,,,,,,,,,,,,,,,,,,,,,,,,,,,,,,,,,,,,,,,,,,,,,,,,,,,,,,,,,,,,,,,,,,,,,,,,,,,,,,,,,,,,,,,,,,,,,
,Fixed Excitation: 450/20 nm,,,,,,,,,,,,,,,,,,,,,,,,,,,,,,,,,,,,,,,,,,,,,,,,,,,,,,,,,,,,,,,,,,,,,,,,,,,,,,,,,,,,,,,,,,,,,,,,
,"Emission Start: 500/20 nm,  Stop: 850 nm,  Step: 5 nm",,,,,,,,,,,,,,,,,,,,,,,,,,,,,,,,,,,,,,,,,,,,,,,,,,,,,,,,,,,,,,,,,,,,,,,,,,,,,,,,,,,,,,,,,,,,,,,,
,"Optics: Bottom,  Gain: 50",,,,,,,,,,,,,,,,,,,,,,,,,,,,,,,,,,,,,,,,,,,,,,,,,,,,,,,,,,,,,,,,,,,,,,,,,,,,,,,,,,,,,,,,,,,,,,,,
,"Light Source: Xenon Flash,  Lamp Energy: High",,,,,,,,,,,,,,,,,,,,,,,,,,,,,,,,,,,,,,,,,,,,,,,,,,,,,,,,,,,,,,,,,,,,,,,,,,,,,,,,,,,,,,,,,,,,,,,,
,"Read Speed: Sweep,  Delay: 100 msec,  Measurements/Data Point: 1",,,,,,,,,,,,,,,,,,,,,,,,,,,,,,,,,,,,,,,,,,,,,,,,,,,,,,,,,,,,,,,,,,,,,,,,,,,,,,,,,,,,,,,,,,,,,,,,
,Read Height: 7 mm,,,,,,,,,,,,,,,,,,,,,,,,,,,,,,,,,,,,,,,,,,,,,,,,,,,,,,,,,,,,,,,,,,,,,,,,,,,,,,,,,,,,,,,,,,,,,,,,
Read,Fluorescence Spectrum,,,,,,,,,,,,,,,,,,,,,,,,,,,,,,,,,,,,,,,,,,,,,,,,,,,,,,,,,,,,,,,,,,,,,,,,,,,,,,,,,,,,,,,,,,,,,,,,
,Full Plate,,,,,,,,,,,,,,,,,,,,,,,,,,,,,,,,,,,,,,,,,,,,,,,,,,,,,,,,,,,,,,,,,,,,,,,,,,,,,,,,,,,,,,,,,,,,,,,,
,Fixed Excitation: 450/20 nm,,,,,,,,,,,,,,,,,,,,,,,,,,,,,,,,,,,,,,,,,,,,,,,,,,,,,,,,,,,,,,,,,,,,,,,,,,,,,,,,,,,,,,,,,,,,,,,,
,"Emission Start: 500/20 nm,  Stop: 850 nm,  Step: 5 nm",,,,,,,,,,,,,,,,,,,,,,,,,,,,,,,,,,,,,,,,,,,,,,,,,,,,,,,,,,,,,,,,,,,,,,,,,,,,,,,,,,,,,,,,,,,,,,,,
,"Optics: Bottom,  Gain: 50",,,,,,,,,,,,,,,,,,,,,,,,,,,,,,,,,,,,,,,,,,,,,,,,,,,,,,,,,,,,,,,,,,,,,,,,,,,,,,,,,,,,,,,,,,,,,,,,
,"Light Source: Xenon Flash,  Lamp Energy: High",,,,,,,,,,,,,,,,,,,,,,,,,,,,,,,,,,,,,,,,,,,,,,,,,,,,,,,,,,,,,,,,,,,,,,,,,,,,,,,,,,,,,,,,,,,,,,,,
,"Read Speed: Sweep,  Delay: 100 msec,  Measurements/Data Point: 1",,,,,,,,,,,,,,,,,,,,,,,,,,,,,,,,,,,,,,,,,,,,,,,,,,,,,,,,,,,,,,,,,,,,,,,,,,,,,,,,,,,,,,,,,,,,,,,,
,Read Height: 7 mm,,,,,,,,,,,,,,,,,,,,,,,,,,,,,,,,,,,,,,,,,,,,,,,,,,,,,,,,,,,,,,,,,,,,,,,,,,,,,,,,,,,,,,,,,,,,,,,,
Read,Fluorescence Spectrum,,,,,,,,,,,,,,,,,,,,,,,,,,,,,,,,,,,,,,,,,,,,,,,,,,,,,,,,,,,,,,,,,,,,,,,,,,,,,,,,,,,,,,,,,,,,,,,,
,Full Plate,,,,,,,,,,,,,,,,,,,,,,,,,,,,,,,,,,,,,,,,,,,,,,,,,,,,,,,,,,,,,,,,,,,,,,,,,,,,,,,,,,,,,,,,,,,,,,,,
,Fixed Excitation: 450/20 nm,,,,,,,,,,,,,,,,,,,,,,,,,,,,,,,,,,,,,,,,,,,,,,,,,,,,,,,,,,,,,,,,,,,,,,,,,,,,,,,,,,,,,,,,,,,,,,,,
,"Emission Start: 500/20 nm,  Stop: 850 nm,  Step: 5 nm",,,,,,,,,,,,,,,,,,,,,,,,,,,,,,,,,,,,,,,,,,,,,,,,,,,,,,,,,,,,,,,,,,,,,,,,,,,,,,,,,,,,,,,,,,,,,,,,
,"Optics: Bottom,  Gain: 50",,,,,,,,,,,,,,,,,,,,,,,,,,,,,,,,,,,,,,,,,,,,,,,,,,,,,,,,,,,,,,,,,,,,,,,,,,,,,,,,,,,,,,,,,,,,,,,,
,"Light Source: Xenon Flash,  Lamp Energy: High",,,,,,,,,,,,,,,,,,,,,,,,,,,,,,,,,,,,,,,,,,,,,,,,,,,,,,,,,,,,,,,,,,,,,,,,,,,,,,,,,,,,,,,,,,,,,,,,
,"Read Speed: Sweep,  Delay: 100 msec,  Measurements/Data Point: 1",,,,,,,,,,,,,,,,,,,,,,,,,,,,,,,,,,,,,,,,,,,,,,,,,,,,,,,,,,,,,,,,,,,,,,,,,,,,,,,,,,,,,,,,,,,,,,,,
,Read Height: 7 mm,,,,,,,,,,,,,,,,,,,,,,,,,,,,,,,,,,,,,,,,,,,,,,,,,,,,,,,,,,,,,,,,,,,,,,,,,,,,,,,,,,,,,,,,,,,,,,,,
Read,Fluorescence Spectrum,,,,,,,,,,,,,,,,,,,,,,,,,,,,,,,,,,,,,,,,,,,,,,,,,,,,,,,,,,,,,,,,,,,,,,,,,,,,,,,,,,,,,,,,,,,,,,,,
,Full Plate,,,,,,,,,,,,,,,,,,,,,,,,,,,,,,,,,,,,,,,,,,,,,,,,,,,,,,,,,,,,,,,,,,,,,,,,,,,,,,,,,,,,,,,,,,,,,,,,
,Fixed Excitation: 450/20 nm,,,,,,,,,,,,,,,,,,,,,,,,,,,,,,,,,,,,,,,,,,,,,,,,,,,,,,,,,,,,,,,,,,,,,,,,,,,,,,,,,,,,,,,,,,,,,,,,
,"Emission Start: 500/20 nm,  Stop: 850 nm,  Step: 5 nm",,,,,,,,,,,,,,,,,,,,,,,,,,,,,,,,,,,,,,,,,,,,,,,,,,,,,,,,,,,,,,,,,,,,,,,,,,,,,,,,,,,,,,,,,,,,,,,,
,"Optics: Bottom,  Gain: 50",,,,,,,,,,,,,,,,,,,,,,,,,,,,,,,,,,,,,,,,,,,,,,,,,,,,,,,,,,,,,,,,,,,,,,,,,,,,,,,,,,,,,,,,,,,,,,,,
,"Light Source: Xenon Flash,  Lamp Energy: High",,,,,,,,,,,,,,,,,,,,,,,,,,,,,,,,,,,,,,,,,,,,,,,,,,,,,,,,,,,,,,,,,,,,,,,,,,,,,,,,,,,,,,,,,,,,,,,,
,"Read Speed: Sweep,  Delay: 100 msec,  Measurements/Data Point: 1",,,,,,,,,,,,,,,,,,,,,,,,,,,,,,,,,,,,,,,,,,,,,,,,,,,,,,,,,,,,,,,,,,,,,,,,,,,,,,,,,,,,,,,,,,,,,,,,
,Read Height: 7 mm,,,,,,,,,,,,,,,,,,,,,,,,,,,,,,,,,,,,,,,,,,,,,,,,,,,,,,,,,,,,,,,,,,,,,,,,,,,,,,,,,,,,,,,,,,,,,,,,
Read,Fluorescence Spectrum,,,,,,,,,,,,,,,,,,,,,,,,,,,,,,,,,,,,,,,,,,,,,,,,,,,,,,,,,,,,,,,,,,,,,,,,,,,,,,,,,,,,,,,,,,,,,,,,
,Full Plate,,,,,,,,,,,,,,,,,,,,,,,,,,,,,,,,,,,,,,,,,,,,,,,,,,,,,,,,,,,,,,,,,,,,,,,,,,,,,,,,,,,,,,,,,,,,,,,,
,Fixed Excitation: 450/20 nm,,,,,,,,,,,,,,,,,,,,,,,,,,,,,,,,,,,,,,,,,,,,,,,,,,,,,,,,,,,,,,,,,,,,,,,,,,,,,,,,,,,,,,,,,,,,,,,,
,"Emission Start: 500/20 nm,  Stop: 850 nm,  Step: 5 nm",,,,,,,,,,,,,,,,,,,,,,,,,,,,,,,,,,,,,,,,,,,,,,,,,,,,,,,,,,,,,,,,,,,,,,,,,,,,,,,,,,,,,,,,,,,,,,,,
,"Optics: Bottom,  Gain: 50",,,,,,,,,,,,,,,,,,,,,,,,,,,,,,,,,,,,,,,,,,,,,,,,,,,,,,,,,,,,,,,,,,,,,,,,,,,,,,,,,,,,,,,,,,,,,,,,
,"Light Source: Xenon Flash,  Lamp Energy: High",,,,,,,,,,,,,,,,,,,,,,,,,,,,,,,,,,,,,,,,,,,,,,,,,,,,,,,,,,,,,,,,,,,,,,,,,,,,,,,,,,,,,,,,,,,,,,,,
,"Read Speed: Sweep,  Delay: 100 msec,  Measurements/Data Point: 1",,,,,,,,,,,,,,,,,,,,,,,,,,,,,,,,,,,,,,,,,,,,,,,,,,,,,,,,,,,,,,,,,,,,,,,,,,,,,,,,,,,,,,,,,,,,,,,,
,Read Height: 7 mm,,,,,,,,,,,,,,,,,,,,,,,,,,,,,,,,,,,,,,,,,,,,,,,,,,,,,,,,,,,,,,,,,,,,,,,,,,,,,,,,,,,,,,,,,,,,,,,,
Read,Fluorescence Spectrum,,,,,,,,,,,,,,,,,,,,,,,,,,,,,,,,,,,,,,,,,,,,,,,,,,,,,,,,,,,,,,,,,,,,,,,,,,,,,,,,,,,,,,,,,,,,,,,,
,Full Plate,,,,,,,,,,,,,,,,,,,,,,,,,,,,,,,,,,,,,,,,,,,,,,,,,,,,,,,,,,,,,,,,,,,,,,,,,,,,,,,,,,,,,,,,,,,,,,,,
,Fixed Excitation: 450/20 nm,,,,,,,,,,,,,,,,,,,,,,,,,,,,,,,,,,,,,,,,,,,,,,,,,,,,,,,,,,,,,,,,,,,,,,,,,,,,,,,,,,,,,,,,,,,,,,,,
,"Emission Start: 500/20 nm,  Stop: 850 nm,  Step: 5 nm",,,,,,,,,,,,,,,,,,,,,,,,,,,,,,,,,,,,,,,,,,,,,,,,,,,,,,,,,,,,,,,,,,,,,,,,,,,,,,,,,,,,,,,,,,,,,,,,
,"Optics: Bottom,  Gain: 50",,,,,,,,,,,,,,,,,,,,,,,,,,,,,,,,,,,,,,,,,,,,,,,,,,,,,,,,,,,,,,,,,,,,,,,,,,,,,,,,,,,,,,,,,,,,,,,,
,"Light Source: Xenon Flash,  Lamp Energy: High",,,,,,,,,,,,,,,,,,,,,,,,,,,,,,,,,,,,,,,,,,,,,,,,,,,,,,,,,,,,,,,,,,,,,,,,,,,,,,,,,,,,,,,,,,,,,,,,
,"Read Speed: Sweep,  Delay: 100 msec,  Measurements/Data Point: 1",,,,,,,,,,,,,,,,,,,,,,,,,,,,,,,,,,,,,,,,,,,,,,,,,,,,,,,,,,,,,,,,,,,,,,,,,,,,,,,,,,,,,,,,,,,,,,,,
,Read Height: 7 mm,,,,,,,,,,,,,,,,,,,,,,,,,,,,,,,,,,,,,,,,,,,,,,,,,,,,,,,,,,,,,,,,,,,,,,,,,,,,,,,,,,,,,,,,,,,,,,,,
Read,Fluorescence Spectrum,,,,,,,,,,,,,,,,,,,,,,,,,,,,,,,,,,,,,,,,,,,,,,,,,,,,,,,,,,,,,,,,,,,,,,,,,,,,,,,,,,,,,,,,,,,,,,,,
,Full Plate,,,,,,,,,,,,,,,,,,,,,,,,,,,,,,,,,,,,,,,,,,,,,,,,,,,,,,,,,,,,,,,,,,,,,,,,,,,,,,,,,,,,,,,,,,,,,,,,
,Fixed Excitation: 450/20 nm,,,,,,,,,,,,,,,,,,,,,,,,,,,,,,,,,,,,,,,,,,,,,,,,,,,,,,,,,,,,,,,,,,,,,,,,,,,,,,,,,,,,,,,,,,,,,,,,
,"Emission Start: 500/20 nm,  Stop: 850 nm,  Step: 5 nm",,,,,,,,,,,,,,,,,,,,,,,,,,,,,,,,,,,,,,,,,,,,,,,,,,,,,,,,,,,,,,,,,,,,,,,,,,,,,,,,,,,,,,,,,,,,,,,,
,"Optics: Bottom,  Gain: 50",,,,,,,,,,,,,,,,,,,,,,,,,,,,,,,,,,,,,,,,,,,,,,,,,,,,,,,,,,,,,,,,,,,,,,,,,,,,,,,,,,,,,,,,,,,,,,,,
,"Light Source: Xenon Flash,  Lamp Energy: High",,,,,,,,,,,,,,,,,,,,,,,,,,,,,,,,,,,,,,,,,,,,,,,,,,,,,,,,,,,,,,,,,,,,,,,,,,,,,,,,,,,,,,,,,,,,,,,,
,"Read Speed: Sweep,  Delay: 100 msec,  Measurements/Data Point: 1",,,,,,,,,,,,,,,,,,,,,,,,,,,,,,,,,,,,,,,,,,,,,,,,,,,,,,,,,,,,,,,,,,,,,,,,,,,,,,,,,,,,,,,,,,,,,,,,
,Read Height: 7 mm,,,,,,,,,,,,,,,,,,,,,,,,,,,,,,,,,,,,,,,,,,,,,,,,,,,,,,,,,,,,,,,,,,,,,,,,,,,,,,,,,,,,,,,,,,,,,,,,
Read,Fluorescence Spectrum,,,,,,,,,,,,,,,,,,,,,,,,,,,,,,,,,,,,,,,,,,,,,,,,,,,,,,,,,,,,,,,,,,,,,,,,,,,,,,,,,,,,,,,,,,,,,,,,
,Full Plate,,,,,,,,,,,,,,,,,,,,,,,,,,,,,,,,,,,,,,,,,,,,,,,,,,,,,,,,,,,,,,,,,,,,,,,,,,,,,,,,,,,,,,,,,,,,,,,,
,Fixed Excitation: 450/20 nm,,,,,,,,,,,,,,,,,,,,,,,,,,,,,,,,,,,,,,,,,,,,,,,,,,,,,,,,,,,,,,,,,,,,,,,,,,,,,,,,,,,,,,,,,,,,,,,,
,"Emission Start: 500/20 nm,  Stop: 850 nm,  Step: 5 nm",,,,,,,,,,,,,,,,,,,,,,,,,,,,,,,,,,,,,,,,,,,,,,,,,,,,,,,,,,,,,,,,,,,,,,,,,,,,,,,,,,,,,,,,,,,,,,,,
,"Optics: Bottom,  Gain: 50",,,,,,,,,,,,,,,,,,,,,,,,,,,,,,,,,,,,,,,,,,,,,,,,,,,,,,,,,,,,,,,,,,,,,,,,,,,,,,,,,,,,,,,,,,,,,,,,
,"Light Source: Xenon Flash,  Lamp Energy: High",,,,,,,,,,,,,,,,,,,,,,,,,,,,,,,,,,,,,,,,,,,,,,,,,,,,,,,,,,,,,,,,,,,,,,,,,,,,,,,,,,,,,,,,,,,,,,,,
,"Read Speed: Sweep,  Delay: 100 msec,  Measurements/Data Point: 1",,,,,,,,,,,,,,,,,,,,,,,,,,,,,,,,,,,,,,,,,,,,,,,,,,,,,,,,,,,,,,,,,,,,,,,,,,,,,,,,,,,,,,,,,,,,,,,,
,Read Height: 7 mm,,,,,,,,,,,,,,,,,,,,,,,,,,,,,,,,,,,,,,,,,,,,,,,,,,,,,,,,,,,,,,,,,,,,,,,,,,,,,,,,,,,,,,,,,,,,,,,,
Read,Fluorescence Spectrum,,,,,,,,,,,,,,,,,,,,,,,,,,,,,,,,,,,,,,,,,,,,,,,,,,,,,,,,,,,,,,,,,,,,,,,,,,,,,,,,,,,,,,,,,,,,,,,,
,Full Plate,,,,,,,,,,,,,,,,,,,,,,,,,,,,,,,,,,,,,,,,,,,,,,,,,,,,,,,,,,,,,,,,,,,,,,,,,,,,,,,,,,,,,,,,,,,,,,,,
,Fixed Excitation: 450/20 nm,,,,,,,,,,,,,,,,,,,,,,,,,,,,,,,,,,,,,,,,,,,,,,,,,,,,,,,,,,,,,,,,,,,,,,,,,,,,,,,,,,,,,,,,,,,,,,,,
,"Emission Start: 500/20 nm,  Stop: 850 nm,  Step: 5 nm",,,,,,,,,,,,,,,,,,,,,,,,,,,,,,,,,,,,,,,,,,,,,,,,,,,,,,,,,,,,,,,,,,,,,,,,,,,,,,,,,,,,,,,,,,,,,,,,
,"Optics: Bottom,  Gain: 50",,,,,,,,,,,,,,,,,,,,,,,,,,,,,,,,,,,,,,,,,,,,,,,,,,,,,,,,,,,,,,,,,,,,,,,,,,,,,,,,,,,,,,,,,,,,,,,,
,"Light Source: Xenon Flash,  Lamp Energy: High",,,,,,,,,,,,,,,,,,,,,,,,,,,,,,,,,,,,,,,,,,,,,,,,,,,,,,,,,,,,,,,,,,,,,,,,,,,,,,,,,,,,,,,,,,,,,,,,
,"Read Speed: Sweep,  Delay: 100 msec,  Measurements/Data Point: 1",,,,,,,,,,,,,,,,,,,,,,,,,,,,,,,,,,,,,,,,,,,,,,,,,,,,,,,,,,,,,,,,,,,,,,,,,,,,,,,,,,,,,,,,,,,,,,,,
,Read Height: 7 mm,,,,,,,,,,,,,,,,,,,,,,,,,,,,,,,,,,,,,,,,,,,,,,,,,,,,,,,,,,,,,,,,,,,,,,,,,,,,,,,,,,,,,,,,,,,,,,,,
Read,Fluorescence Spectrum,,,,,,,,,,,,,,,,,,,,,,,,,,,,,,,,,,,,,,,,,,,,,,,,,,,,,,,,,,,,,,,,,,,,,,,,,,,,,,,,,,,,,,,,,,,,,,,,
,Full Plate,,,,,,,,,,,,,,,,,,,,,,,,,,,,,,,,,,,,,,,,,,,,,,,,,,,,,,,,,,,,,,,,,,,,,,,,,,,,,,,,,,,,,,,,,,,,,,,,
,Fixed Excitation: 450/20 nm,,,,,,,,,,,,,,,,,,,,,,,,,,,,,,,,,,,,,,,,,,,,,,,,,,,,,,,,,,,,,,,,,,,,,,,,,,,,,,,,,,,,,,,,,,,,,,,,
,"Emission Start: 500/20 nm,  Stop: 850 nm,  Step: 5 nm",,,,,,,,,,,,,,,,,,,,,,,,,,,,,,,,,,,,,,,,,,,,,,,,,,,,,,,,,,,,,,,,,,,,,,,,,,,,,,,,,,,,,,,,,,,,,,,,
,"Optics: Bottom,  Gain: 50",,,,,,,,,,,,,,,,,,,,,,,,,,,,,,,,,,,,,,,,,,,,,,,,,,,,,,,,,,,,,,,,,,,,,,,,,,,,,,,,,,,,,,,,,,,,,,,,
,"Light Source: Xenon Flash,  Lamp Energy: High",,,,,,,,,,,,,,,,,,,,,,,,,,,,,,,,,,,,,,,,,,,,,,,,,,,,,,,,,,,,,,,,,,,,,,,,,,,,,,,,,,,,,,,,,,,,,,,,
,"Read Speed: Sweep,  Delay: 100 msec,  Measurements/Data Point: 1",,,,,,,,,,,,,,,,,,,,,,,,,,,,,,,,,,,,,,,,,,,,,,,,,,,,,,,,,,,,,,,,,,,,,,,,,,,,,,,,,,,,,,,,,,,,,,,,
,Read Height: 7 mm,,,,,,,,,,,,,,,,,,,,,,,,,,,,,,,,,,,,,,,,,,,,,,,,,,,,,,,,,,,,,,,,,,,,,,,,,,,,,,,,,,,,,,,,,,,,,,,,
,,,,,,,,,,,,,,,,,,,,,,,,,,,,,,,,,,,,,,,,,,,,,,,,,,,,,,,,,,,,,,,,,,,,,,,,,,,,,,,,,,,,,,,,,,,,,,,,,
Read 1:EM Spectrum,,,,,,,,,,,,,,,,,,,,,,,,,,,,,,,,,,,,,,,,,,,,,,,,,,,,,,,,,,,,,,,,,,,,,,,,,,,,,,,,,,,,,,,,,,,,,,,,,
,,,,,,,,,,,,,,,,,,,,,,,,,,,,,,,,,,,,,,,,,,,,,,,,,,,,,,,,,,,,,,,,,,,,,,,,,,,,,,,,,,,,,,,,,,,,,,,,,
,Wavelength,A1,A2,A3,A4,A5,A6,A7,A8,A9,A10,A11,A12,B1,B2,B3,B4,B5,B6,B7,B8,B9,B10,B11,B12,C1,C2,C3,C4,C5,C6,C7,C8,C9,C10,C11,C12,D1,D2,D3,D4,D5,D6,D7,D8,D9,D10,D11,D12,E1,E2,E3,E4,E5,E6,E7,E8,E9,E10,E11,E12,F1,F2,F3,F4,F5,F6,F7,F8,F9,F10,F11,F12,G1,G2,G3,G4,G5,G6,G7,G8,G9,G10,G11,G12,H1,H2,H3,H4,H5,H6,H7,H8,H9,H10,H11,H12
,500,1,1,1,1,1,2,3,2,2,3,2,3,3,2,3,3,2,2,27,2,2,2,2,3,3,3,3,3,5,3,4,3,4,3,7,3,4,6,7,7,8,6,6,5,3,6,5,5,7,4,5,6,9,3,8,6,2,0,2,2,6,0,1,1,1,7,2,15,2,2,0,2,21,2,3,2,1,1,12,1,2,1,2,1,2,16,1,0,2,0,33,36,2,11,32,24
,505,1,1,1,1,1,1,2,2,3,3,2,2,2,2,3,2,2,3,60,3,3,2,3,2,1,2,4,4,3,3,5,4,3,5,4,4,7,4,4,4,8,5,6,4,5,3,5,4,5,4,7,9,8,3,8,5,3,0,2,3,9,1,1,1,1,12,2,13,3,1,0,1,16,1,6,2,0,1,16,2,3,1,1,0,2,19,0,0,1,1,48,55,2,15,54,53
,510,1,1,2,1,1,2,3,3,2,2,2,2,3,2,3,2,3,1,122,2,2,2,4,2,1,3,3,2,5,4,3,4,5,3,4,3,6,7,4,4,5,8,6,4,3,4,5,4,7,4,4,7,5,2,6,6,3,0,3,3,6,1,1,1,1,7,2,20,3,1,0,2,9,1,3,2,0,1,19,1,2,1,1,0,4,9,1,0,1,0,94,103,1,9,111,97
,515,1,1,1,2,1,2,2,3,2,3,3,3,2,2,2,2,3,2,281,2,2,2,3,3,3,1,3,2,4,3,3,5,5,2,6,2,5,4,6,3,4,8,7,4,5,3,8,4,4,3,6,8,8,3,8,5,2,0,3,2,6,1,1,1,1,11,2,12,2,1,0,1,15,1,3,2,0,1,16,1,2,1,1,1,2,19,1,0,1,1,229,251,1,18,255,236
,520,1,0,1,1,1,1,2,2,2,2,3,2,3,4,1,3,3,2,576,3,2,3,2,3,1,1,4,2,3,2,4,4,3,2,3,2,5,4,7,6,4,8,5,4,5,3,8,3,5,5,3,4,7,3,7,9,1,0,3,2,10,0,1,1,1,11,1,18,1,2,0,2,14,2,2,2,1,1,10,2,1,1,2,1,2,9,0,0,1,1,453,500,1,18,512,498
,525,1,0,1,1,1,1,2,3,2,3,2,2,2,3,2,3,2,1,1025,3,3,2,3,2,3,2,3,4,3,2,3,3,3,2,5,4,3,3,3,7,7,6,4,3,4,5,4,3,5,3,3,3,7,2,4,6,1,0,1,1,5,0,1,1,1,7,1,27,3,2,0,1,7,1,4,1,1,1,15,2,2,1,2,1,1,7,0,0,1,0,766,872,2,19,913,816
,530,0,1,1,1,1,1,3,2,2,2,1,2,3,2,1,2,3,2,1828,2,3,3,2,3,1,1,3,3,4,3,4,6,4,2,2,4,4,5,3,3,6,6,3,2,2,5,4,3,3,5,3,6,7,1,7,2,2,0,1,1,8,0,0,1,1,5,1,6,2,1,0,2,7,1,4,2,0,1,8,1,2,2,2,1,1,14,1,0,2,1,1340,1471,3,20,1548,1453
,535,1,1,0,1,1,2,1,2,2,2,1,2,1,1,2,1,1,2,2557,1,1,1,3,2,1,1,2,2,2,1,3,4,4,4,2,3,2,5,5,6,3,4,3,3,5,6,4,3,8,5,5,7,3,2,6,2,3,0,1,1,9,0,1,1,1,4,2,27,2,2,0,1,8,1,5,1,1,1,7,2,2,1,2,0,2,16,1,0,1,1,1894,2074,1,31,2191,1996
,540,1,0,1,1,0,1,1,2,2,2,1,1,1,1,1,2,3,1,2910,2,1,2,3,1,2,2,3,3,1,1,2,3,2,1,5,1,4,5,3,5,5,3,3,5,2,5,6,2,3,2,3,3,5,1,3,2,2,0,2,2,3,0,1,0,1,4,1,21,1,1,0,2,12,1,4,2,0,1,13,2,1,2,2,1,2,22,1,0,1,1,2196,2407,3,38,2482,2282
,545,1,0,0,1,0,0,1,2,2,2,2,1,2,0,0,0,3,1,2933,2,1,1,2,2,2,1,3,3,2,1,2,2,4,1,1,4,2,4,3,2,4,6,6,5,1,3,3,5,3,4,2,6,1,1,3,4,1,0,2,2,1,0,0,1,1,8,1,5,2,1,0,2,14,2,2,2,0,1,14,2,3,2,3,1,2,17,1,0,2,1,2228,2514,2,43,2547,2310
,550,1,1,0,1,0,0,2,1,2,2,2,1,2,2,2,1,2,2,2586,3,2,2,2,2,1,1,3,2,1,0,3,1,3,3,1,3,1,2,5,2,2,3,5,1,4,1,2,2,3,1,4,6,4,1,2,1,1,0,1,2,7,0,0,1,0,6,1,5,2,0,0,1,5,1,3,2,1,1,10,2,3,2,2,1,2,15,1,0,2,1,1950,2205,3,39,2219,2042
,555,0,0,1,1,1,0,1,1,1,2,2,1,1,1,1,1,1,0,1856,3,1,1,1,1,1,1,2,1,2,1,2,2,3,2,3,2,3,3,3,3,3,3,3,7,2,1,3,3,5,2,3,4,2,1,3,2,1,0,1,0,4,0,0,1,1,6,1,8,2,1,0,1,12,2,3,2,1,1,13,2,2,2,3,1,3,19,1,0,2,1,1450,1653,3,35,1659,1542
,560,0,0,1,1,0,0,1,1,1,1,1,3,1,1,1,1,1,1,1222,1,2,1,1,1,0,1,2,1,2,1,2,2,2,1,1,1,1,6,3,3,6,4,3,2,1,2,4,2,3,1,3,3,2,1,3,2,1,0,1,1,3,1,0,1,1,6,1,8,1,1,0,1,12,1,3,2,1,1,14,2,3,2,3,1,3,20,1,0,2,1,959,1077,3,28,1111,995
,565,0,1,0,1,0,0,1,1,1,1,1,1,1,2,1,0,1,0,842,1,1,1,1,0,1,1,1,1,1,0,1,1,1,1,1,2,3,2,2,3,3,2,3,2,4,2,7,1,2,1,3,3,7,1,3,2,1,0,1,1,3,0,0,1,1,11,1,13,2,1,0,2,11,1,3,2,1,1,13,2,2,1,2,1,3,19,1,0,3,1,649,748,3,25,757,686
,570,0,0,0,0,0,0,1,1,1,1,1,1,1,1,1,1,1,0,525,1,1,1,1,0,0,1,1,1,1,0,1,1,2,1,1,1,1,3,3,3,2,3,2,2,2,2,3,3,4,2,2,2,1,1,3,2,2,0,1,1,5,0,1,1,1,9,2,15,3,1,0,2,21,1,4,1,0,1,11,1,2,1,2,1,2,19,1,0,2,1,430,470,2,20,471,456
,575,1,0,0,0,0,0,0,1,0,1,1,1,1,1,1,3,1,0,297,1,1,1,1,0,0,0,1,2,1,1,1,1,1,1,1,0,5,2,2,2,2,3,2,1,2,2,3,3,4,1,2,3,7,1,4,6,2,0,2,1,5,1,1,1,1,10,2,18,2,2,0,2,9,1,4,1,0,1,9,1,2,1,2,0,3,12,1,0,1,1,244,297,3,16,285,258
,580,0,0,0,0,0,0,0,1,1,0,0,1,1,0,1,0,1,0,168,1,1,1,1,0,1,0,1,1,1,2,1,1,4,0,1,1,2,2,2,3,2,3,2,2,1,0,3,2,6,2,3,3,3,2,4,3,2,0,3,2,8,1,2,1,1,17,2,21,2,2,0,2,9,1,4,1,0,1,8,1,1,1,1,0,2,11,0,0,1,0,145,169,1,12,166,149
,585,0,0,0,0,0,0,1,1,0,1,1,0,0,1,0,0,0,0,100,1,3,1,1,0,0,0,1,1,1,0,1,1,2,0,0,1,1,2,2,1,1,3,3,2,2,2,3,2,7,3,3,4,4,3,6,5,3,0,3,3,12,1,2,2,1,12,2,19,3,1,0,2,6,1,4,1,0,0,7,1,1,1,2,0,1,9,1,0,1,0,80,104,1,10,89,92
,590,0,0,0,0,0,1,1,1,0,1,1,0,1,0,1,0,1,0,68,1,1,1,1,0,0,0,1,1,1,0,0,1,1,0,2,0,1,2,2,2,3,3,3,2,2,2,4,3,9,4,4,6,7,2,7,8,4,1,5,5,15,1,2,2,1,13,2,20,2,2,0,1,7,1,3,1,0,0,5,1,1,1,1,0,1,6,0,0,1,0,56,69,1,5,62,59
,595,0,0,0,0,0,1,1,1,0,1,0,1,1,0,0,0,0,0,44,0,1,1,1,0,0,0,1,1,1,0,1,1,1,1,1,1,2,2,3,3,4,3,3,2,3,4,4,3,15,6,6,11,11,4,12,11,6,1,6,6,19,1,2,2,1,13,2,16,2,1,0,1,5,1,5,1,0,0,5,1,1,1,1,0,1,3,0,0,2,0,37,43,1,6,39,51
,600,0,0,0,1,0,0,0,1,0,1,1,0,0,0,0,0,0,1,25,0,0,0,1,0,0,0,1,1,1,0,1,1,2,3,1,0,2,3,3,4,9,6,10,6,5,6,7,6,23,10,12,17,19,6,18,16,8,1,7,10,26,1,2,2,2,13,1,13,3,1,0,1,3,1,3,1,0,0,6,1,1,0,1,0,1,3,0,0,1,0,20,29,1,6,27,24
,605,0,0,0,0,0,0,1,1,0,1,0,0,0,0,1,0,0,0,17,1,1,1,1,0,0,0,4,1,1,0,1,1,1,0,4,4,4,5,6,7,9,8,10,8,8,10,10,9,33,17,21,25,29,9,25,22,9,1,8,10,25,1,2,1,1,11,1,12,2,1,0,1,3,0,2,2,0,0,4,0,1,0,0,0,1,2,1,0,0,0,14,19,0,3,13,14
,610,0,0,0,0,0,0,0,0,0,0,0,0,1,0,0,0,0,0,13,0,1,1,1,0,0,0,2,0,2,0,1,1,3,1,5,2,6,7,8,13,13,14,16,14,11,14,17,14,45,23,26,42,38,12,33,24,10,1,9,11,27,1,1,1,1,9,1,21,1,1,0,1,1,0,1,1,0,0,2,0,1,0,0,0,0,1,0,0,1,0,10,18,0,1,10,12
,615,0,0,0,0,0,0,0,3,0,1,0,0,0,0,0,0,1,0,8,0,1,1,0,0,0,0,1,1,2,0,1,2,4,1,10,5,11,12,15,16,23,20,24,24,16,21,25,22,54,30,40,47,50,14,39,28,12,1,9,11,28,1,1,1,1,6,1,8,1,0,0,1,4,0,1,1,0,1,3,1,1,1,1,0,1,15,0,0,0,0,3,14,0,3,10,9
,620,0,0,0,0,0,0,2,0,0,1,0,0,0,1,0,0,0,0,4,1,1,2,1,0,0,0,2,2,3,1,1,6,7,2,16,10,17,19,23,25,36,34,39,41,26,35,42,32,62,40,43,61,59,18,42,30,10,1,8,11,26,0,1,1,0,8,0,3,1,0,0,1,3,0,1,0,0,0,1,0,1,1,0,0,1,1,0,0,0,0,6,13,2,0,3,6
,625,0,0,0,1,0,0,2,1,2,0,0,1,0,0,1,0,0,0,2,0,1,1,1,0,1,1,3,2,6,3,3,4,11,4,32,24,28,36,40,45,62,61,62,60,39,54,62,51,62,48,53,71,62,18,40,28,9,1,6,11,22,1,1,1,0,4,2,4,1,0,0,0,3,0,1,0,0,0,1,0,0,0,1,0,1,1,0,0,0,0,0,9,1,1,1,4
,630,0,1,0,0,0,0,0,1,0,1,0,0,1,0,0,0,0,0,3,2,1,2,2,1,2,1,4,4,8,5,6,7,22,9,51,34,49,59,72,73,85,86,91,86,54,74,89,71,61,50,55,74,66,16,37,25,7,1,5,8,17,0,0,1,1,4,0,1,1,0,0,0,2,0,0,0,0,0,1,0,0,0,0,0,1,0,0,0,0,0,0,9,0,0,0,4
,635,0,0,0,0,0,0,0,1,0,1,1,0,1,0,0,0,0,0,0,2,2,2,3,3,4,2,6,6,13,10,13,10,31,14,79,49,73,85,93,102,121,120,120,111,67,94,110,86,57,52,57,73,61,15,33,21,6,1,4,6,11,0,0,1,0,1,0,2,0,0,0,0,2,0,1,1,0,0,0,0,1,0,0,0,0,0,0,0,0,1,2,25,2,0,0,3
,640,0,0,0,0,0,0,0,1,0,1,1,1,1,1,1,1,0,3,0,2,3,4,5,4,7,4,10,10,22,16,16,17,50,23,124,79,107,121,132,137,149,154,147,133,76,101,135,96,43,48,49,64,50,15,28,15,5,1,3,4,9,0,0,1,0,12,0,0,1,0,0,0,0,0,1,0,0,0,1,0,0,0,0,0,0,0,0,0,0,0,1,10,0,0,0,3
,645,0,0,0,0,0,0,0,2,1,1,2,1,2,1,4,1,1,0,0,5,5,6,9,8,11,6,17,17,36,26,28,28,84,40,168,126,156,163,165,171,179,185,169,150,82,106,145,108,37,44,44,54,43,11,20,15,4,0,2,7,5,0,0,0,0,6,0,0,1,0,0,0,0,0,0,0,0,0,1,0,0,0,0,0,0,0,0,0,0,0,0,9,0,0,0,0
,650,0,0,1,1,0,1,1,1,1,3,2,2,3,1,2,2,2,1,0,8,9,12,15,15,18,12,29,29,68,48,47,52,132,69,226,176,201,219,203,204,194,209,183,150,84,102,150,102,28,40,34,41,41,8,17,10,3,1,1,2,3,0,0,0,0,0,0,0,1,0,0,1,11,0,0,0,0,0,0,0,0,0,0,0,0,1,0,0,0,0,0,16,0,0,0,0
,655,0,0,1,1,0,1,2,2,3,3,4,4,9,3,3,3,4,2,17,14,14,18,23,24,32,20,42,48,99,73,75,72,188,103,261,234,234,238,217,219,200,213,170,152,81,94,140,98,21,27,30,32,24,6,13,7,2,0,1,1,4,0,0,1,1,0,0,1,0,0,0,0,2,0,0,1,0,0,15,0,0,0,0,0,1,0,0,0,0,0,0,7,0,0,0,1
,660,0,0,1,1,0,3,2,3,4,5,4,5,7,4,7,6,6,4,0,20,23,28,36,38,48,33,69,74,140,112,106,116,237,151,292,256,252,262,222,226,190,212,169,140,71,85,126,89,16,23,20,25,12,5,9,5,2,0,1,1,4,0,0,0,0,1,0,1,1,0,0,0,0,0,0,0,0,0,2,0,0,0,0,0,0,0,0,0,0,0,0,7,0,0,0,3
,665,1,0,2,1,0,5,3,5,5,7,7,9,13,7,8,9,10,7,3,36,35,42,59,60,72,50,98,111,200,165,161,157,288,222,294,280,261,256,223,216,171,188,146,134,61,67,106,75,24,15,18,18,12,3,16,9,2,0,4,1,3,0,0,1,0,0,0,0,1,0,0,0,0,0,0,1,0,0,0,0,1,0,3,0,0,0,0,0,0,0,0,10,0,0,0,0
,670,1,1,1,1,2,9,6,8,11,12,13,13,20,12,16,23,18,14,0,56,59,72,92,100,119,90,161,179,276,240,240,237,332,290,283,293,240,232,190,192,138,157,119,92,48,52,92,58,5,11,12,15,5,2,6,3,2,0,0,0,0,0,0,0,0,0,0,3,1,0,0,0,0,0,0,1,0,0,0,0,0,0,0,0,0,0,0,0,0,0,0,8,0,0,0,5
,675,1,1,2,2,1,15,10,12,17,18,20,23,34,19,25,28,28,27,0,86,91,109,134,149,164,129,210,253,342,306,299,297,351,338,253,281,223,203,162,161,116,130,94,76,35,36,71,43,3,9,7,13,12,2,5,1,2,0,0,0,4,0,0,0,0,0,0,0,1,0,0,0,0,0,0,0,0,0,0,0,1,0,0,0,4,0,0,0,0,0,23,10,0,0,0,0
,680,1,1,2,2,2,25,15,19,26,29,34,37,51,31,41,42,46,45,0,131,136,157,186,196,219,182,265,311,386,364,363,352,334,385,204,251,200,174,129,128,86,101,70,57,28,34,49,35,3,5,6,6,2,2,2,0,1,0,0,0,0,0,0,0,0,0,0,0,1,0,0,0,0,0,0,0,0,0,1,0,0,0,0,0,1,0,1,0,0,0,0,10,0,0,0,0
,685,3,3,3,4,3,39,25,29,39,47,50,53,89,48,64,71,69,63,0,191,194,223,247,255,270,243,316,375,400,398,396,398,300,377,170,213,151,141,110,95,69,77,53,45,23,32,42,24,1,4,5,1,0,2,3,11,1,0,0,0,0,0,0,0,0,1,0,0,1,0,0,3,0,0,0,1,0,1,0,0,0,0,0,0,0,0,0,0,2,0,0,10,0,0,0,0
,690,5,4,6,6,4,63,41,47,68,69,76,86,125,74,95,109,108,99,0,260,259,287,306,307,306,311,352,426,400,405,407,403,263,362,138,167,129,108,84,75,50,68,45,29,18,16,33,19,2,4,3,3,0,1,1,1,2,0,0,0,0,0,0,0,0,22,0,0,1,0,0,0,1,0,0,1,0,0,0,0,0,0,0,0,0,0,0,0,0,0,0,11,1,0,0,0
,695,7,8,8,8,8,104,68,80,101,111,131,137,195,122,159,164,173,168,0,352,332,359,357,335,334,360,367,436,364,381,384,384,216,319,97,130,95,84,61,53,34,39,26,23,21,9,21,14,4,6,3,3,0,1,0,0,3,0,0,1,0,0,0,0,0,0,2,0,1,0,0,0,0,0,0,1,0,2,0,0,0,0,0,0,0,0,0,0,3,0,0,2,1,0,16,0
,700,12,12,12,13,12,162,106,122,163,170,196,214,283,196,231,257,265,252,0,441,400,393,380,345,317,404,341,416,313,345,340,347,174,286,74,97,69,61,40,42,28,33,19,16,10,7,16,10,1,1,2,1,0,0,0,1,1,0,0,0,0,0,0,0,0,0,0,0,2,0,0,0,2,0,0,1,0,0,0,0,0,0,0,0,1,0,0,1,0,0,26,12,0,0,0,0
,705,18,17,21,20,19,244,153,172,230,260,267,298,383,280,333,362,376,357,0,482,419,417,376,343,293,381,312,376,255,288,295,289,135,223,65,72,54,46,32,35,19,25,19,16,8,15,13,8,0,2,19,25,0,2,17,2,2,0,0,0,0,0,0,0,0,0,0,10,2,0,0,0,0,0,0,1,0,0,0,0,0,0,0,0,1,0,0,1,0,0,0,13,0,3,0,0
,710,26,26,28,28,27,317,225,246,324,355,367,387,474,383,438,452,475,471,0,479,405,393,333,292,246,342,255,310,197,231,226,217,94,162,39,49,39,34,28,22,12,24,8,9,7,5,10,7,0,0,5,0,0,2,4,0,2,0,0,0,0,0,0,0,0,0,0,0,0,0,0,0,0,0,0,0,0,1,0,0,0,0,0,0,1,0,0,0,0,0,0,17,0,0,0,0
,715,42,41,44,43,44,438,327,356,435,471,481,504,550,518,541,566,584,619,0,424,353,316,261,222,178,290,182,213,137,153,162,152,60,105,24,32,29,22,30,13,11,13,7,3,5,2,10,20,0,1,1,0,0,1,0,0,0,0,0,0,15,0,0,0,0,0,0,0,1,0,0,0,0,0,0,1,0,0,0,0,0,0,0,0,1,0,0,0,0,0,0,12,0,0,0,0
,720,62,61,62,64,61,556,440,480,545,575,573,579,587,628,636,639,678,691,0,369,288,261,203,174,134,215,131,166,101,107,116,111,44,75,18,21,22,19,12,12,7,10,6,1,3,6,7,4,0,1,0,0,0,0,1,0,1,0,0,0,1,0,0,0,0,0,1,0,1,0,0,0,0,4,0,1,0,0,26,0,0,0,0,0,0,0,0,0,0,0,0,8,0,0,0,0
,725,88,86,89,89,91,651,579,594,653,684,643,620,600,724,675,687,705,776,0,321,256,212,166,140,106,176,102,133,74,79,93,88,30,58,14,17,20,14,14,11,8,9,8,2,5,1,8,3,0,14,3,22,0,1,2,0,1,0,0,0,0,0,0,0,0,2,0,0,1,0,0,0,7,0,0,0,0,0,0,0,4,0,0,0,1,0,0,0,4,0,0,16,5,0,0,0
,730,128,129,128,129,127,728,708,727,752,786,715,667,597,840,742,728,770,854,1,274,201,179,137,111,87,148,80,101,60,72,70,64,29,42,11,14,14,12,7,9,9,10,2,0,3,0,7,2,0,0,4,0,14,1,4,0,2,1,0,1,0,0,0,0,0,0,0,0,0,1,0,0,29,0,11,0,0,1,0,0,0,0,1,0,1,0,0,0,0,0,0,9,1,0,0,1
,735,191,185,191,188,191,810,874,857,838,849,750,684,566,902,750,729,756,875,0,227,168,145,111,81,64,122,62,78,46,49,51,50,38,31,9,14,11,9,10,6,4,4,4,20,3,0,7,2,0,0,3,0,19,1,1,0,2,1,0,0,2,0,0,0,0,0,0,0,0,0,0,1,0,0,0,0,0,0,0,0,0,1,0,0,0,0,0,0,0,0,0,15,0,0,0,6
,740,292,285,295,289,293,805,961,954,860,837,723,637,494,887,683,648,699,822,0,168,121,104,77,61,45,76,47,51,34,30,37,38,16,19,4,5,5,8,9,29,6,12,0,0,6,0,6,3,0,0,0,0,0,0,0,0,1,0,0,0,0,0,0,1,0,6,0,0,1,0,0,0,0,0,0,1,0,1,0,0,0,0,0,0,1,0,0,0,0,2,0,12,0,4,0,0
,745,402,388,401,395,401,752,1023,956,819,816,661,543,421,832,615,558,600,729,0,127,98,81,53,48,30,56,33,41,29,23,22,27,12,13,0,3,6,8,5,5,7,7,2,1,4,1,8,2,1,0,0,0,0,1,0,3,5,0,0,15,0,0,0,1,1,0,0,0,2,0,0,0,0,0,0,6,0,1,0,0,1,0,0,0,0,0,0,0,6,0,0,23,0,0,0,0
,750,524,522,537,527,525,670,992,915,710,693,587,463,341,750,527,471,501,599,0,99,70,59,42,31,24,41,25,30,17,14,23,22,12,9,0,0,2,14,6,5,3,9,1,0,6,0,3,3,0,2,1,0,0,3,1,0,13,0,9,0,0,0,0,1,5,0,0,0,3,0,0,3,4,0,0,2,0,1,0,0,2,0,0,0,1,0,0,0,0,3,0,28,0,0,0,46
,755,696,664,692,679,668,541,891,832,587,588,454,377,256,587,404,359,373,463,0,63,51,48,31,23,9,31,17,23,12,7,12,12,7,5,0,23,5,5,9,4,4,3,2,0,5,0,10,1,0,0,18,0,0,3,0,0,12,0,0,0,0,0,0,0,0,0,0,0,2,0,0,0,0,0,0,1,0,1,0,0,0,6,0,0,0,0,0,0,0,3,0,10,0,0,0,0
,760,876,836,837,846,865,429,787,687,474,454,347,284,184,473,304,280,296,369,0,47,34,31,22,15,6,19,17,15,12,4,8,8,4,0,0,0,5,3,0,6,42,10,0,0,8,0,10,1,0,0,0,0,0,1,2,0,2,0,15,0,0,0,0,0,0,0,1,0,3,0,0,1,0,0,0,2,0,1,0,0,0,1,0,0,14,0,0,1,0,0,0,34,0,0,0,3
,765,1039,983,1024,995,1007,308,616,525,344,339,252,193,133,336,222,192,206,254,0,32,24,24,15,5,2,35,11,7,6,4,6,6,6,4,0,0,3,10,3,6,5,1,33,0,11,0,5,5,0,1,8,0,0,1,1,0,4,0,0,0,0,0,0,1,0,0,0,1,0,0,0,0,0,0,23,3,0,1,0,0,0,7,0,0,15,0,0,0,1,0,0,32,0,0,0,0
,770,1143,1081,1096,1089,1070,236,494,423,263,269,187,156,100,272,159,141,153,188,0,22,17,14,13,5,0,7,7,5,23,0,2,2,9,0,0,0,6,8,58,5,0,8,0,0,5,0,4,0,0,1,1,0,19,1,2,0,5,0,0,20,0,0,0,1,7,0,2,0,2,0,0,0,0,0,0,0,0,2,0,0,0,0,0,0,2,0,0,0,0,0,0,48,0,0,76,0
,775,1169,1128,1132,1145,1135,176,375,330,224,215,144,125,75,226,119,106,114,143,0,17,16,15,6,2,0,1,8,7,4,0,0,8,12,2,0,0,13,12,7,5,8,2,2,0,8,0,6,11,0,2,0,0,0,2,26,3,4,0,0,0,0,0,0,3,1,0,0,1,3,14,0,0,0,9,0,0,0,1,0,0,0,2,1,0,2,0,0,0,0,0,0,71,4,0,0,0
,780,1163,1057,1088,1107,1092,130,276,246,148,144,105,78,44,132,110,74,65,90,0,6,37,9,8,0,0,0,7,1,2,0,0,6,1,0,0,0,1,2,9,2,5,5,0,0,3,0,11,14,0,0,0,0,0,2,54,0,2,0,0,0,0,4,0,0,0,0,0,0,5,13,0,0,0,0,0,2,0,2,0,0,1,2,0,0,0,0,0,0,0,0,0,0,1,0,0,27
,785,1051,965,976,987,969,86,211,171,98,101,68,55,33,101,56,44,44,88,0,11,14,9,3,23,0,0,7,3,16,0,0,7,12,0,0,0,0,2,18,0,3,7,2,0,14,0,22,0,0,2,0,0,0,0,3,0,6,0,0,0,0,0,0,2,2,0,1,5,4,1,0,0,0,2,0,0,0,2,0,0,2,0,0,5,11,0,0,0,0,0,72,26,0,0,0,0
,790,933,849,887,851,851,56,137,119,71,78,51,36,26,62,40,25,34,42,0,12,8,4,6,0,0,0,3,0,0,0,0,5,8,0,0,0,5,1,1,0,1,15,0,0,2,2,11,3,2,0,7,0,0,1,60,53,30,0,0,0,0,0,0,1,1,0,1,0,25,1,0,0,0,0,0,0,0,2,0,0,2,0,0,0,2,0,0,0,0,0,0,33,0,0,0,0
,795,799,718,741,739,734,64,109,95,57,63,63,28,22,55,33,26,25,25,0,6,5,8,0,31,0,0,10,1,17,0,0,3,0,0,46,0,0,16,4,15,9,14,0,0,15,0,76,2,0,0,0,0,0,3,0,0,5,0,0,36,0,0,0,2,1,0,0,0,1,0,0,0,0,0,0,3,0,2,0,0,0,7,0,0,0,0,0,0,0,1,0,78,0,0,0,0
,800,647,595,598,586,581,27,73,64,34,46,23,21,8,24,14,7,18,14,0,0,43,0,2,0,0,0,8,2,4,0,10,47,1,0,0,0,0,20,13,7,11,13,3,0,11,0,15,2,0,4,0,0,0,2,0,2,9,0,0,0,0,0,0,1,1,2,0,0,5,0,0,21,0,0,0,3,0,3,2,18,0,0,0,0,1,0,0,0,0,0,0,77,2,0,0,16
,805,461,415,425,433,420,27,49,55,19,27,25,3,13,16,23,7,6,0,0,1,4,0,0,0,21,0,4,5,0,0,0,0,1,0,0,38,2,0,28,21,1,16,57,2,6,0,16,2,0,60,12,0,0,4,1,0,7,0,0,0,0,0,0,1,0,13,0,0,0,0,0,0,0,0,0,5,0,2,0,0,0,0,23,0,0,0,0,0,0,0,0,63,22,0,0,0
,810,363,332,331,339,335,7,36,40,17,21,10,38,0,6,13,3,1,0,0,0,2,8,0,37,0,0,2,0,6,35,0,0,8,0,0,0,0,8,17,0,11,10,0,0,8,0,26,3,0,0,2,0,0,2,0,0,4,0,33,0,0,0,0,2,1,10,0,0,7,0,0,0,0,0,0,0,0,3,0,0,0,0,0,0,6,0,0,1,0,0,0,69,0,0,0,0
,815,281,250,254,264,257,0,28,24,5,16,7,4,10,14,0,0,0,0,0,4,52,7,3,0,0,0,10,2,0,17,0,0,14,0,0,0,2,4,9,1,4,0,0,73,9,0,25,0,6,84,81,0,0,4,0,0,9,1,0,0,0,0,0,2,0,0,0,0,4,0,0,2,0,0,0,4,8,7,0,0,30,0,0,1,9,0,0,0,0,0,0,22,0,0,0,14
,820,208,179,185,191,193,0,13,45,5,8,3,3,2,0,3,0,0,0,0,0,0,23,0,0,0,0,0,1,7,0,0,0,0,0,0,0,0,9,13,15,8,7,0,70,9,0,31,8,0,50,0,0,0,0,0,0,10,0,0,0,0,2,0,1,3,0,0,0,5,5,0,0,0,0,0,1,0,3,0,0,0,0,0,0,3,0,0,0,0,0,0,71,0,0,0,52
,825,149,142,141,140,134,0,1,25,2,13,3,0,2,1,0,43,0,0,0,0,7,0,3,3,0,54,8,0,9,0,0,0,7,0,0,0,0,107,42,2,6,4,0,0,18,0,33,100,0,36,26,0,15,7,24,0,10,0,0,2,0,0,0,1,2,0,0,0,4,0,3,0,0,24,0,5,0,6,0,0,0,29,1,0,0,0,0,0,0,0,0,84,2,4,0,1
,830,111,99,109,108,91,0,0,18,0,27,0,0,7,1,0,0,0,0,0,15,94,16,0,0,0,0,17,0,0,0,96,4,0,0,0,0,8,22,45,0,12,15,0,0,29,140,1,9,0,6,13,0,0,7,53,0,0,0,0,0,0,1,22,0,2,0,0,0,8,0,0,0,12,0,0,12,0,7,0,0,1,1,0,0,0,0,0,0,1,1,0,166,0,0,0,35
,835,82,69,91,80,80,0,2,14,0,23,0,0,0,0,0,0,0,0,0,0,2,14,116,0,0,0,21,20,15,0,0,0,3,0,0,0,0,3,32,32,0,39,0,177,47,0,0,0,0,8,0,0,0,16,3,0,28,0,0,0,0,24,0,0,4,0,0,0,14,0,0,1,0,0,0,7,21,5,0,0,0,2,0,0,11,0,20,0,0,0,0,195,0,0,0,2
,840,56,55,81,81,60,0,0,27,0,30,0,134,0,0,16,0,0,0,0,0,0,37,0,0,0,2,11,0,28,0,0,29,17,0,0,0,0,45,74,38,59,0,0,0,58,0,85,17,0,12,26,0,0,14,0,0,38,0,0,0,0,3,0,10,2,10,3,0,19,7,0,0,0,1,0,0,0,6,0,0,17,8,2,27,0,0,0,0,0,0,0,192,4,0,0,47
,845,44,49,52,84,34,157,0,63,0,42,0,0,0,0,0,0,0,0,0,0,51,65,0,232,0,0,65,0,0,0,0,21,60,0,0,0,52,20,0,21,0,92,0,0,119,0,33,76,0,19,0,2,0,18,39,15,51,37,0,0,0,0,0,6,23,0,0,0,25,23,0,0,0,0,0,0,0,13,0,0,0,0,11,0,31,0,0,0,23,30,0,312,2,15,0,113
,850,173,20,92,58,45,0,0,54,0,374,0,0,26,0,0,0,119,0,0,0,74,54,32,0,0,0,0,0,44,0,0,6,99,0,0,0,0,11,0,13,0,5,0,0,156,50,155,145,0,0,0,0,0,73,0,0,32,0,0,0,0,13,0,25,14,0,26,0,18,7,23,0,0,0,0,28,0,27,0,0,12,29,0,3,29,0,0,24,0,0,0,459,0,0,0,1445
,,,,,,,,,,,,,,,,,,,,,,,,,,,,,,,,,,,,,,,,,,,,,,,,,,,,,,,,,,,,,,,,,,,,,,,,,,,,,,,,,,,,,,,,,,,,,,,,,
Read 2:EM Spectrum,,,,,,,,,,,,,,,,,,,,,,,,,,,,,,,,,,,,,,,,,,,,,,,,,,,,,,,,,,,,,,,,,,,,,,,,,,,,,,,,,,,,,,,,,,,,,,,,,
,,,,,,,,,,,,,,,,,,,,,,,,,,,,,,,,,,,,,,,,,,,,,,,,,,,,,,,,,,,,,,,,,,,,,,,,,,,,,,,,,,,,,,,,,,,,,,,,,
,Wavelength,A1,A2,A3,A4,A5,A6,A7,A8,A9,A10,A11,A12,B1,B2,B3,B4,B5,B6,B7,B8,B9,B10,B11,B12,C1,C2,C3,C4,C5,C6,C7,C8,C9,C10,C11,C12,D1,D2,D3,D4,D5,D6,D7,D8,D9,D10,D11,D12,E1,E2,E3,E4,E5,E6,E7,E8,E9,E10,E11,E12,F1,F2,F3,F4,F5,F6,F7,F8,F9,F10,F11,F12,G1,G2,G3,G4,G5,G6,G7,G8,G9,G10,G11,G12,H1,H2,H3,H4,H5,H6,H7,H8,H9,H10,H11,H12
,500,1,1,1,1,1,2,2,2,2,3,2,3,3,2,2,2,4,3,46,4,2,3,2,2,3,3,2,2,4,7,3,3,3,3,6,3,5,4,1,1,8,5,7,5,7,9,6,10,0,2,1,10,8,5,0,1,2,6,6,6,2,0,1,1,2,1,1,10,4,1,1,0,11,21,3,2,6,14,26,2,2,1,2,4,7,0,0,0,10,2,24,31,2,2,35,30
,505,1,1,1,1,1,2,3,3,1,3,2,2,2,3,1,3,2,2,82,3,2,2,3,4,2,3,4,2,3,3,5,5,3,5,7,3,4,6,2,1,7,5,6,5,5,8,6,7,0,2,1,8,16,9,0,2,2,8,7,4,2,1,1,1,1,1,1,12,3,1,1,0,10,9,2,1,9,24,22,2,1,1,1,5,7,0,0,1,16,1,42,55,2,1,61,58
,510,1,1,1,1,1,2,3,3,1,3,3,2,2,2,2,4,3,2,153,3,2,4,4,4,3,2,4,2,3,4,4,4,5,5,4,5,4,5,1,1,7,7,9,7,6,5,8,4,0,2,0,5,7,9,0,1,1,5,12,2,3,0,1,1,1,1,1,13,4,1,1,1,12,12,3,2,7,21,13,2,1,1,1,2,4,0,0,1,16,2,95,112,3,2,108,104
,515,1,1,1,1,1,2,2,3,1,1,2,2,2,2,1,3,2,2,385,2,3,3,4,4,2,3,4,2,3,2,4,4,5,3,4,3,4,6,1,1,7,7,6,7,10,8,5,5,0,2,0,5,6,8,0,1,1,7,10,2,3,1,1,1,1,0,1,8,3,0,1,1,10,8,2,2,9,17,17,2,1,1,1,2,7,0,0,0,10,2,214,259,2,3,248,251
,520,1,0,0,0,1,3,2,2,1,2,2,3,2,2,2,3,3,3,811,2,1,2,2,3,2,2,2,2,3,4,4,3,4,4,4,3,5,3,2,1,5,8,5,6,7,8,5,6,0,1,0,8,7,4,0,1,1,4,6,2,2,0,0,1,1,0,1,7,2,0,1,1,10,9,2,2,5,23,21,2,1,1,1,3,3,0,0,0,14,2,430,533,2,2,522,498
,525,1,0,0,0,1,2,2,2,2,1,1,1,2,3,1,1,2,2,1401,2,1,3,3,2,1,3,2,3,5,2,3,4,4,2,3,4,3,5,2,2,5,7,8,4,4,4,5,5,0,2,0,4,6,7,0,1,1,3,9,3,4,0,0,1,1,0,1,7,2,0,0,0,9,7,1,2,9,14,15,1,1,1,1,3,3,0,0,0,13,1,739,904,1,2,905,869
,530,1,0,0,0,0,2,2,3,3,2,1,1,3,1,1,2,4,2,2471,2,1,3,2,1,3,2,5,3,4,2,2,4,2,2,3,2,5,2,1,1,3,3,4,6,3,7,4,5,0,2,1,7,5,3,0,1,1,3,8,2,1,0,0,1,1,0,1,10,2,1,0,0,9,12,1,2,9,18,12,2,1,1,1,2,8,0,0,0,8,1,1307,1607,2,3,1572,1519
,535,1,1,0,1,0,2,2,2,1,2,1,2,2,2,1,1,3,2,3461,1,1,1,2,2,3,2,3,1,2,1,3,2,4,2,2,3,2,2,2,1,2,3,8,3,3,4,6,5,0,2,0,7,9,6,0,1,1,9,5,2,3,0,0,1,1,1,1,9,3,0,1,0,7,11,2,2,9,12,13,2,1,1,2,2,5,0,0,1,9,2,1860,2304,2,3,2256,2158
,540,1,0,1,0,0,1,2,1,2,2,1,1,1,2,1,1,3,2,3996,2,2,1,1,3,3,3,3,1,3,3,3,1,1,4,2,2,2,2,2,0,4,9,6,2,5,3,8,5,0,2,0,2,3,6,0,1,0,5,8,1,2,0,1,1,1,0,1,4,5,0,1,0,5,12,2,1,5,18,12,1,1,1,2,6,10,0,0,0,19,2,2163,2617,3,5,2579,2511
,545,0,0,0,0,1,2,2,1,0,1,1,1,2,2,1,0,1,3,4037,2,1,1,1,1,3,3,2,1,2,1,3,1,1,3,4,4,5,4,0,1,5,5,3,1,2,6,7,5,0,2,1,2,8,2,0,1,1,6,2,1,2,0,1,1,1,0,1,6,3,0,0,0,9,13,1,1,10,13,14,2,1,2,2,6,6,0,0,1,21,2,2170,2677,3,5,2642,2513
,550,0,1,0,0,0,1,2,3,1,1,1,2,0,1,2,2,1,4,3565,1,2,1,1,3,2,2,1,0,3,3,3,3,3,4,1,3,5,1,1,0,4,6,2,2,2,6,5,3,0,1,0,6,9,4,0,0,0,4,6,1,1,0,0,0,1,0,1,4,1,1,0,0,11,17,1,2,10,23,22,2,2,2,2,4,8,0,0,1,24,3,1933,2341,3,5,2367,2208
,555,1,0,0,1,1,1,1,1,1,0,1,1,1,1,1,0,1,1,2545,1,1,1,2,2,1,2,1,1,4,1,2,2,1,2,3,1,4,2,1,1,2,3,4,2,2,2,3,3,0,1,0,3,5,2,0,1,0,3,5,2,1,0,0,1,1,0,1,7,2,0,0,0,14,12,3,2,13,19,19,2,1,2,2,5,10,0,0,1,21,2,1464,1772,4,5,1730,1676
,560,0,0,0,0,0,1,1,1,0,1,2,1,1,1,0,1,1,1,1666,1,1,1,3,1,1,1,1,1,2,1,2,2,1,1,3,2,2,2,1,0,3,3,3,4,1,3,3,3,0,1,0,4,4,2,0,1,1,3,4,2,1,0,0,1,1,1,1,7,2,0,1,1,9,14,2,2,8,13,16,2,1,1,2,8,9,0,0,1,19,2,944,1169,4,4,1161,1103
,565,0,0,0,0,0,1,1,1,1,1,1,2,0,1,0,0,1,1,1129,1,0,1,2,2,1,2,1,1,2,1,1,1,1,1,2,2,2,5,1,0,1,3,3,3,2,4,2,2,0,1,0,3,4,5,0,1,1,2,5,2,2,0,0,1,1,0,1,7,2,1,1,0,9,20,2,2,9,19,19,2,1,2,2,4,9,0,0,1,17,2,654,820,4,3,792,757
,570,0,0,0,0,0,1,1,1,0,1,1,1,0,1,0,1,1,1,723,1,2,1,1,2,1,1,1,1,2,0,1,1,1,1,2,5,3,2,0,0,2,2,2,2,2,1,3,1,0,1,0,3,4,2,0,1,1,3,3,2,3,0,0,1,1,1,1,9,3,1,1,1,11,10,2,2,7,14,17,2,1,1,2,4,7,0,0,0,15,1,434,524,3,3,539,487
,575,1,0,0,0,0,1,1,2,0,0,0,1,0,2,0,0,2,1,424,0,1,1,2,1,1,1,1,0,1,1,1,1,0,1,1,1,2,2,1,0,1,2,7,2,4,2,3,2,0,1,0,3,4,2,0,1,1,4,7,2,2,1,1,1,1,1,1,11,5,1,1,1,8,11,2,2,7,15,12,1,1,1,1,4,6,0,0,0,12,1,249,307,3,2,299,290
,580,0,0,0,0,0,1,1,1,0,0,0,2,1,1,0,0,1,1,248,0,1,1,1,1,1,1,1,1,1,0,1,1,1,1,1,1,2,1,1,0,2,2,3,2,2,2,4,2,0,1,1,4,6,2,0,1,1,8,8,3,3,1,1,1,2,1,1,16,4,1,1,1,7,9,2,1,5,11,13,2,1,1,1,2,4,0,0,0,10,1,157,181,2,2,180,163
,585,0,0,0,0,0,1,1,1,0,0,0,0,1,2,0,0,2,1,128,0,0,1,1,1,1,1,1,0,1,0,1,1,0,0,2,2,2,2,0,1,2,2,2,2,2,2,4,2,0,1,0,6,7,5,0,1,2,8,12,4,4,1,1,2,2,1,1,11,4,1,0,0,6,9,2,1,4,11,13,1,1,1,1,2,3,0,0,0,8,1,85,107,1,1,99,93
,590,0,0,0,0,0,0,1,1,0,1,0,2,0,1,0,0,2,1,92,0,1,1,1,1,1,1,1,0,1,0,1,1,0,1,2,1,2,2,1,0,2,3,3,2,3,3,4,4,0,2,1,8,11,7,0,2,2,12,14,5,5,1,1,2,2,1,1,12,3,1,0,0,6,5,1,1,5,8,9,1,1,1,1,2,2,0,0,0,6,1,54,68,1,1,67,60
,595,0,0,0,0,0,0,1,1,0,0,0,0,0,0,0,0,1,1,58,1,0,1,1,1,0,1,0,1,1,0,3,0,0,1,2,1,2,2,1,1,4,4,4,3,5,5,5,3,1,2,1,12,17,12,1,3,3,17,23,7,6,1,1,2,2,1,1,10,3,1,0,0,4,6,1,1,3,6,5,1,1,0,0,1,1,0,0,0,4,1,34,46,1,1,46,43
,600,0,0,0,0,0,2,1,1,0,0,2,0,0,0,0,0,1,1,45,0,0,0,1,1,0,1,0,3,0,0,1,1,0,1,3,1,3,2,1,1,6,5,7,5,8,7,8,7,1,5,1,18,32,22,1,4,4,21,29,9,8,1,1,2,2,1,1,9,2,0,1,0,1,6,1,1,6,4,8,1,0,0,1,2,1,0,0,0,4,0,26,31,1,1,33,26
,605,0,0,0,0,0,0,1,1,0,0,0,0,0,0,0,0,1,1,24,0,0,0,1,1,3,1,0,0,1,0,1,1,1,1,4,2,4,4,2,1,13,9,11,12,14,16,10,10,2,6,2,30,37,34,1,6,5,26,31,10,7,1,1,2,2,1,1,5,1,0,0,0,2,4,1,1,4,4,4,1,0,0,0,0,1,0,0,0,1,0,15,23,2,1,21,13
,610,0,0,0,0,0,0,1,1,0,0,0,0,0,0,0,0,1,1,20,0,0,3,1,1,0,1,1,3,1,0,1,1,1,1,7,4,8,7,3,2,17,14,17,19,21,22,19,17,2,9,3,41,50,44,2,6,5,27,32,10,8,1,1,2,1,1,1,5,3,0,0,0,2,4,1,0,8,2,2,0,0,0,0,1,5,0,0,0,0,1,11,17,0,1,14,10
,615,0,0,0,0,0,0,1,0,0,0,0,0,0,0,0,0,1,1,14,0,3,1,1,1,1,2,1,1,2,0,1,1,3,2,10,7,14,14,7,3,25,22,27,30,33,34,29,26,2,12,3,53,59,55,2,8,5,33,29,11,8,1,1,1,1,1,1,5,1,0,0,0,1,3,1,0,2,3,5,2,0,0,0,1,0,0,0,0,0,0,7,15,1,0,10,9
,620,0,0,0,0,0,0,1,0,0,0,1,0,0,0,0,0,1,1,13,0,0,1,1,2,1,1,2,1,3,1,2,2,6,3,18,13,19,18,8,6,43,40,47,52,54,55,48,39,3,18,4,66,71,64,2,7,4,23,25,10,9,1,0,1,1,0,1,4,0,0,0,0,1,4,1,0,1,4,4,2,0,0,0,0,0,0,0,0,0,0,5,13,0,0,10,6
,625,0,0,0,0,0,0,1,1,0,0,0,0,3,2,0,0,1,1,8,0,1,1,2,2,1,2,2,3,4,3,3,5,12,5,35,22,37,31,15,10,74,62,76,80,79,77,71,58,3,18,5,71,70,63,2,7,4,19,21,8,5,0,0,1,1,0,1,3,1,0,0,0,3,0,0,0,2,2,3,0,0,0,0,1,0,0,0,0,0,0,5,12,0,1,6,3
,630,0,1,0,0,0,1,1,1,0,0,0,0,0,0,0,0,1,1,5,2,1,2,3,5,3,2,3,4,9,6,7,7,22,11,59,39,57,54,24,17,110,99,110,117,106,107,98,79,2,19,5,73,68,56,2,6,3,17,23,7,4,0,0,1,0,0,0,3,1,0,0,0,0,16,1,0,2,0,5,2,0,0,0,0,0,0,0,0,3,0,5,9,0,1,7,1
,635,0,0,0,0,0,0,1,1,0,0,0,0,0,1,0,0,1,1,6,1,2,2,4,4,5,4,6,6,14,10,11,10,37,16,88,63,85,76,33,23,136,129,147,139,131,123,120,94,2,19,4,67,59,50,1,5,3,13,12,5,3,0,0,0,1,0,0,1,0,0,0,0,1,0,2,0,0,0,0,0,0,0,0,0,0,0,0,0,0,0,5,11,0,0,5,3
,640,0,0,0,0,0,0,1,1,0,1,1,2,1,0,0,3,1,1,4,2,3,4,6,7,7,6,11,14,23,18,18,17,61,29,133,92,126,109,46,30,171,170,167,161,147,136,143,102,2,17,4,55,51,38,1,3,2,9,21,4,3,0,1,0,0,0,1,2,0,0,0,0,0,0,0,0,0,0,2,0,0,0,0,0,0,0,0,0,0,0,1,6,0,1,5,2
,645,0,0,0,0,0,1,2,1,1,1,1,2,5,1,1,1,2,3,5,4,6,8,10,11,13,9,18,17,39,29,31,29,102,44,186,140,174,147,58,38,198,195,191,178,159,138,148,103,1,14,3,56,42,29,1,3,2,6,8,4,1,0,0,2,0,0,1,2,0,0,0,0,0,0,0,0,1,0,0,0,0,0,0,0,0,0,0,0,0,1,0,11,0,1,6,4
,650,0,0,1,0,0,1,2,2,1,2,2,3,3,2,2,2,3,4,1,9,9,12,16,18,25,16,30,35,68,55,55,54,153,80,240,201,224,186,69,46,205,206,192,176,156,130,151,99,1,11,3,33,29,19,1,2,1,3,4,3,2,1,0,1,0,0,0,1,0,0,0,0,1,1,0,0,0,0,2,0,0,0,0,0,0,0,0,0,0,0,4,7,0,0,5,2
,655,0,0,0,0,0,3,2,2,2,6,3,4,5,3,4,4,5,5,4,14,15,21,26,28,38,25,49,51,103,83,83,82,214,117,280,245,262,207,70,48,201,213,180,162,139,113,141,99,1,9,2,26,28,13,1,1,1,2,4,4,2,0,0,1,0,0,0,4,0,0,0,0,0,0,1,0,1,0,0,0,0,0,0,1,0,0,0,0,0,0,0,13,0,0,5,0
,660,0,0,0,0,0,4,4,6,4,7,5,7,8,5,6,6,8,7,7,22,24,31,40,46,55,39,76,76,151,124,124,121,275,171,300,273,281,211,73,47,192,202,170,143,122,96,120,78,1,8,2,21,20,9,0,1,1,0,0,1,1,0,0,0,0,0,0,1,0,0,0,0,1,1,1,0,0,0,3,3,2,0,0,0,0,0,0,0,0,0,0,7,0,0,8,2
,665,1,1,1,0,0,6,5,5,6,7,9,12,12,7,9,10,13,12,4,34,39,50,61,71,92,63,115,119,208,182,179,174,326,232,300,297,274,209,69,44,159,175,155,121,103,77,96,64,0,5,1,15,15,6,0,1,1,0,1,2,0,0,0,0,1,0,1,0,0,0,0,0,14,0,1,0,0,0,0,0,1,0,2,0,0,0,0,0,0,0,22,12,0,0,7,3
,670,1,1,1,0,1,13,8,9,10,11,15,18,23,13,19,20,19,20,1,62,68,82,99,122,142,105,181,186,293,264,260,249,369,308,271,309,255,191,57,37,134,138,109,96,70,62,76,47,0,5,1,11,25,1,0,1,1,1,2,2,0,0,0,0,0,0,1,1,0,0,0,0,0,0,1,0,0,0,1,0,0,0,0,0,0,0,0,0,0,2,3,9,0,0,6,0
,675,3,3,1,1,1,20,13,12,16,18,24,29,35,20,31,29,34,30,1,93,100,123,147,165,192,152,242,257,353,325,327,313,370,358,238,281,240,166,49,31,106,118,90,79,57,46,56,39,0,3,1,8,6,0,0,1,1,1,0,2,0,0,0,0,0,0,0,1,0,1,0,0,0,0,0,0,0,0,0,0,0,0,0,0,0,0,0,1,0,0,0,9,0,3,7,0
,680,2,2,2,2,1,30,18,20,32,28,39,44,55,31,44,53,51,48,6,140,149,185,201,229,253,211,303,320,398,378,386,365,358,401,203,248,191,139,40,23,79,82,70,55,43,30,41,29,0,3,1,4,5,0,0,1,0,0,0,2,0,0,0,0,0,0,0,0,0,0,0,0,0,0,0,0,0,0,0,0,1,0,0,0,0,0,0,0,0,2,1,11,0,0,6,0
,685,4,3,3,3,3,46,29,32,40,42,58,69,81,49,72,79,79,75,0,208,216,248,266,284,305,276,353,379,409,409,412,396,330,398,165,206,155,107,31,19,62,60,62,38,30,27,35,21,0,2,1,6,23,0,0,0,0,0,22,0,1,0,0,0,0,0,1,19,0,0,0,0,0,1,0,0,17,0,5,0,0,0,0,0,0,0,0,0,3,0,0,7,0,5,7,1
,690,5,6,5,5,5,74,42,47,67,67,91,103,130,79,118,119,121,113,5,279,283,329,322,341,342,338,380,423,404,421,427,402,269,377,128,168,129,83,22,14,44,49,43,41,23,22,27,15,0,3,1,4,1,0,0,0,1,1,0,0,1,1,0,0,0,0,1,0,0,0,0,0,0,1,1,0,0,0,0,0,0,0,2,0,0,0,0,0,0,0,0,16,1,0,7,0
,695,8,9,8,8,9,121,73,78,108,114,159,173,205,126,191,210,199,191,1,386,357,387,355,378,355,402,378,426,349,393,385,359,212,319,89,120,88,56,15,10,28,35,26,17,15,12,17,11,0,1,0,1,0,0,0,0,0,0,0,2,0,0,0,0,0,0,1,1,0,0,0,0,0,1,0,0,0,0,0,0,0,0,0,0,0,0,0,0,0,0,1,12,0,0,5,0
,700,13,13,13,15,13,188,107,124,168,178,241,264,306,203,277,295,298,289,5,453,415,433,395,381,339,418,355,399,308,342,349,330,159,261,66,85,63,45,13,7,23,28,19,10,13,2,14,6,0,1,1,2,4,0,0,0,0,0,0,2,0,0,0,0,4,0,1,1,0,1,0,0,0,0,1,0,1,0,0,0,2,0,0,1,0,0,0,0,0,0,0,15,0,1,19,0
,705,20,21,21,20,20,263,164,179,250,264,338,357,399,278,406,425,401,405,4,502,436,450,368,363,317,418,319,370,245,292,296,276,126,210,49,68,50,37,8,6,12,21,32,13,13,28,10,8,0,1,0,0,5,0,0,0,0,0,0,1,1,0,0,0,1,0,3,23,0,0,0,0,0,4,0,0,0,0,0,0,0,0,0,0,0,0,0,0,0,1,0,16,0,1,11,0
,710,30,31,33,30,30,370,234,258,346,356,455,480,507,381,523,541,537,537,0,488,421,399,328,305,245,356,260,298,193,213,229,213,86,150,30,45,35,24,7,4,10,16,8,9,7,4,8,16,0,1,0,1,28,0,0,0,0,0,0,0,1,0,2,0,1,0,1,0,0,0,0,0,0,0,1,0,0,0,0,0,0,0,0,0,0,0,0,0,0,0,0,11,0,1,7,0
,715,46,52,49,47,46,505,343,369,477,468,606,620,599,527,694,671,665,684,2,427,359,339,256,231,184,277,180,205,123,147,157,145,53,104,24,29,23,16,3,3,7,9,4,2,3,5,6,2,0,5,0,4,3,0,0,0,0,20,0,2,0,0,0,1,0,0,1,1,1,0,0,0,21,1,0,0,0,0,0,0,0,0,0,6,0,0,0,0,0,0,0,10,0,1,11,0
,720,69,69,68,67,69,611,456,491,598,587,722,702,630,633,804,776,751,799,44,365,304,266,202,174,140,229,131,157,91,105,114,98,47,69,17,22,19,12,3,2,4,9,5,1,2,1,6,4,0,1,0,0,26,0,0,0,0,19,0,1,1,1,1,0,0,0,0,0,0,0,0,0,6,0,0,0,0,0,3,0,0,0,0,0,11,0,0,0,0,0,0,13,0,1,10,31
,725,95,102,98,97,102,715,585,619,707,705,839,774,661,743,870,830,801,869,8,314,250,223,163,139,108,192,105,123,70,79,86,78,30,58,12,14,13,11,2,1,3,7,6,18,2,1,8,2,0,1,0,1,4,0,0,0,0,0,0,1,1,0,0,0,0,0,1,3,0,0,0,0,0,0,0,0,0,0,0,0,3,0,0,0,0,0,0,0,0,0,0,13,0,1,13,0
,730,138,148,143,141,140,830,734,770,811,795,898,832,650,837,928,883,839,929,5,268,215,180,135,114,81,145,78,96,55,62,66,58,18,44,7,10,13,9,1,2,1,6,3,0,0,4,3,5,0,1,0,2,0,0,0,0,0,0,0,2,0,0,0,1,0,0,1,0,0,0,0,0,0,6,0,0,0,0,0,0,1,0,0,0,0,0,0,0,0,4,0,53,0,1,10,3
,735,207,217,209,210,215,899,889,893,904,880,950,851,624,890,937,870,866,981,7,217,163,137,99,99,65,112,58,71,41,45,52,48,28,32,10,11,10,7,2,2,2,2,6,1,4,0,7,2,0,0,0,1,8,0,0,4,0,1,4,1,1,0,0,4,0,0,1,0,0,0,0,0,0,0,1,0,4,0,0,0,0,1,0,0,0,0,1,0,0,0,37,10,0,1,11,0
,740,314,331,324,321,336,896,1014,986,916,896,900,786,549,899,861,772,746,897,12,159,126,100,82,71,43,84,45,49,28,31,34,31,11,26,3,4,8,6,3,1,20,3,0,0,1,4,29,5,0,1,1,0,2,0,0,1,1,0,0,1,0,0,0,0,0,0,1,0,0,0,0,0,0,0,1,0,0,0,0,0,0,0,0,0,0,0,0,0,0,0,0,23,0,0,6,1
,745,437,461,440,440,450,849,1050,1027,893,854,844,699,447,851,789,698,651,780,1,122,87,88,57,48,34,71,33,37,20,34,44,39,3,14,5,0,2,6,0,1,1,5,4,0,2,0,4,8,0,2,0,0,0,0,0,0,1,0,0,1,1,0,0,5,0,0,1,0,0,0,0,0,0,8,0,0,0,0,0,0,1,0,0,0,0,0,0,0,0,1,57,21,0,0,12,1
,750,575,599,595,582,584,758,1012,967,782,778,695,601,381,717,651,571,547,678,14,92,66,59,45,31,25,47,22,28,16,15,20,20,1,9,0,4,10,5,0,1,0,3,0,0,0,0,0,6,0,2,1,3,5,0,0,0,0,0,0,1,0,0,0,3,1,0,1,3,14,0,0,0,0,9,0,0,0,0,0,0,0,0,0,0,0,0,0,0,0,0,0,17,0,0,19,0
,755,763,782,750,771,766,621,918,839,659,616,582,478,275,617,507,433,410,516,5,57,46,41,31,41,20,33,13,17,6,7,12,15,1,6,4,2,5,5,2,2,0,1,0,0,0,0,6,2,0,12,1,0,0,0,0,0,1,2,0,1,0,0,0,1,0,0,1,0,0,0,0,0,0,0,2,0,6,0,0,0,0,0,0,0,0,0,0,0,0,0,0,29,0,1,0,0
,760,954,973,952,948,960,493,819,706,527,497,448,352,214,503,365,327,312,413,116,43,33,26,27,23,13,47,14,12,5,1,5,8,0,15,0,3,12,4,0,1,0,1,4,0,0,0,5,1,0,2,1,3,5,0,0,0,1,0,0,3,0,1,3,3,1,1,2,0,0,1,0,0,0,0,2,0,4,0,0,0,0,0,7,0,0,0,0,0,0,0,0,15,1,1,34,0
,765,1131,1158,1109,1124,1140,370,629,552,390,364,321,256,144,349,285,229,221,296,9,23,24,23,16,14,9,24,0,3,12,9,5,6,0,4,0,0,9,4,0,1,0,13,0,0,0,0,7,0,0,3,1,0,0,27,1,0,1,41,0,3,2,1,4,1,0,1,2,13,0,0,0,0,0,0,1,0,1,0,0,0,1,1,0,0,0,0,0,0,0,0,0,46,20,2,14,0
,770,1253,1240,1232,1223,1239,298,501,443,291,277,250,211,112,265,202,167,166,208,1,15,15,16,15,11,1,16,4,6,6,1,0,6,0,4,0,0,7,5,1,0,0,4,5,0,0,4,5,19,0,2,1,0,0,0,0,0,0,0,0,1,2,1,0,1,0,1,3,0,0,0,0,0,0,4,0,0,2,0,0,0,10,0,0,13,0,0,0,0,0,0,0,31,0,1,28,0
,775,1302,1292,1267,1286,1275,222,411,372,229,207,185,148,82,229,158,146,117,167,8,12,10,8,15,5,3,11,0,0,3,0,0,1,0,0,0,0,21,6,2,0,0,3,5,0,59,0,10,3,0,2,0,0,10,0,1,0,0,0,0,5,2,1,0,1,0,0,3,0,0,0,2,0,0,0,0,0,0,0,0,0,0,0,0,24,0,0,0,0,0,0,0,49,1,6,33,0
,780,1270,1263,1216,1230,1229,155,297,246,161,169,124,100,55,142,98,89,86,128,0,21,26,10,12,8,3,17,1,2,5,0,0,7,0,2,0,3,11,9,3,0,0,4,0,0,0,52,3,0,0,5,1,0,0,0,3,1,1,0,0,5,0,0,6,2,0,0,2,0,0,0,0,0,0,0,0,12,0,0,0,0,1,0,0,0,0,0,0,0,0,0,0,34,0,2,41,7
,785,1186,1149,1108,1113,1098,108,201,181,111,116,84,65,36,104,72,43,58,80,9,0,6,13,10,3,2,8,0,34,0,0,0,1,0,0,0,0,4,5,2,1,0,9,0,0,0,2,5,1,0,6,1,1,2,0,1,15,0,0,1,0,30,0,0,3,4,0,2,0,0,0,0,0,0,0,1,19,0,0,0,17,0,0,0,31,0,0,0,0,0,0,18,71,2,1,41,11
,790,1003,981,966,960,963,70,161,135,81,84,65,47,27,67,48,36,44,62,32,1,0,8,14,11,1,9,0,0,3,0,0,0,0,0,0,0,0,9,7,0,0,0,0,54,48,0,15,7,0,2,0,6,5,0,1,0,1,0,0,9,0,1,0,2,0,1,2,0,0,0,0,0,0,0,1,0,3,0,14,19,0,0,0,29,0,0,2,0,0,0,0,22,0,1,40,0
,795,863,828,829,822,818,60,110,98,55,57,38,71,21,57,31,21,30,53,66,0,3,1,12,2,2,7,2,0,5,0,8,0,0,0,0,0,10,7,2,0,0,3,0,0,0,0,4,2,0,2,1,0,0,0,1,2,0,0,0,7,1,1,0,2,0,0,3,0,0,1,0,0,0,0,26,0,18,0,0,19,1,1,0,0,0,0,0,0,0,0,0,91,0,31,24,4
,800,710,671,659,669,670,41,94,71,36,36,65,28,43,32,27,15,16,37,33,0,0,15,18,7,6,7,3,0,0,0,0,0,0,0,0,0,9,9,0,14,0,7,0,0,0,9,0,6,0,2,2,0,12,0,1,0,0,17,11,8,3,0,0,2,0,2,3,0,0,0,0,0,0,0,0,0,1,0,0,0,0,0,0,0,0,0,0,0,0,17,0,260,0,1,46,0
,805,521,498,467,483,491,59,59,46,23,22,14,17,0,22,5,2,15,62,30,0,0,0,13,6,0,11,0,0,0,0,0,1,0,0,0,0,2,0,3,2,0,6,6,72,0,0,14,1,0,4,8,0,6,0,1,0,2,0,0,3,1,0,8,3,16,0,2,0,0,0,0,0,0,8,0,21,0,0,0,0,0,1,0,0,0,0,0,0,0,0,0,63,0,4,273,0
,810,399,378,375,377,359,16,53,36,17,14,5,17,0,24,11,0,8,28,0,0,3,9,9,7,0,14,0,0,2,42,0,0,0,60,0,58,8,11,2,1,0,18,0,0,0,0,0,7,0,6,9,0,0,0,0,1,3,0,0,6,7,1,0,0,1,0,5,12,0,0,0,0,7,4,2,0,23,0,0,0,0,0,0,0,0,0,0,0,0,0,0,74,0,2,65,11
,815,314,290,319,281,298,8,28,31,10,9,0,0,0,54,0,0,0,29,87,31,0,5,12,3,10,11,0,31,67,0,49,60,58,0,0,53,19,0,0,3,0,17,1,92,3,0,14,0,0,6,1,2,0,0,0,0,0,0,0,3,6,2,0,3,0,0,0,0,0,1,0,0,0,0,4,0,0,0,0,0,19,0,1,0,21,1,0,0,0,0,0,93,0,0,39,0
,820,223,233,209,214,201,7,28,32,4,8,0,3,0,51,0,0,7,23,17,0,45,0,11,0,0,18,0,0,6,0,0,0,0,0,0,0,21,3,0,0,0,14,0,0,4,0,22,4,0,7,2,0,12,0,1,0,3,0,0,0,2,1,0,0,0,1,5,0,0,0,2,0,0,0,4,0,2,0,0,0,1,0,0,0,0,0,0,0,0,0,0,98,0,0,380,0
,825,171,153,162,145,144,4,25,22,0,0,0,0,0,5,4,0,0,15,39,0,0,4,3,0,0,17,0,0,1,0,0,0,0,0,0,0,13,40,0,1,0,0,0,0,0,0,3,13,0,7,3,0,0,0,2,1,3,0,0,12,0,12,0,4,0,1,5,0,0,1,1,0,0,0,5,0,0,0,0,0,1,0,1,0,0,0,1,0,0,27,0,128,0,21,132,35
,830,122,117,121,113,93,2,32,22,0,0,0,1,0,7,0,0,5,17,27,0,0,0,15,82,0,22,0,0,4,0,0,0,0,0,0,0,8,14,4,0,0,155,0,0,0,0,34,142,0,12,3,0,0,0,1,0,0,0,0,13,1,0,0,0,0,4,5,0,0,0,2,0,21,0,1,0,0,0,0,0,0,0,8,8,0,0,0,0,0,0,0,162,0,2,156,44
,835,103,102,87,71,86,10,22,20,0,0,0,0,0,0,0,0,16,13,115,0,0,4,29,0,0,0,0,0,0,0,0,0,0,0,0,0,11,6,0,3,0,16,0,0,0,0,26,0,0,84,5,0,0,0,3,53,42,0,0,9,11,3,24,7,0,31,9,0,0,22,24,0,0,10,0,0,3,0,0,0,0,29,0,0,0,0,0,1,0,0,20,236,0,11,231,60
,840,131,74,49,56,41,7,42,4,0,0,0,0,0,0,0,0,0,11,122,0,8,22,38,18,11,47,0,0,213,0,0,14,0,0,0,0,40,270,8,4,0,0,0,0,0,0,18,0,0,21,8,0,37,0,6,5,6,0,0,22,3,1,0,20,24,11,14,16,0,0,0,0,0,32,5,0,0,0,0,0,6,0,2,0,0,1,1,24,0,0,0,256,5,40,180,42
,845,58,59,29,23,25,6,14,36,24,0,0,0,0,0,0,0,0,43,1601,0,0,9,89,0,40,0,0,0,106,0,307,0,0,267,0,0,52,101,9,23,0,186,0,0,85,0,130,0,0,12,8,10,60,0,3,0,0,0,0,1,0,12,0,21,0,8,25,0,21,2,5,23,0,0,0,6,0,0,0,0,1,0,23,0,0,0,2,0,0,0,0,375,0,27,365,0
,850,189,32,21,1,0,0,72,0,0,0,0,0,0,0,0,0,19,40,270,0,0,0,36,75,0,162,0,0,36,0,0,0,0,0,0,0,87,131,231,246,0,0,8,0,0,0,0,8,59,0,79,0,65,0,58,14,0,0,0,37,0,22,0,21,0,1,24,0,0,18,0,0,0,0,0,0,0,0,0,0,25,3,0,0,0,21,27,0,0,0,0,250,0,20,492,0
,,,,,,,,,,,,,,,,,,,,,,,,,,,,,,,,,,,,,,,,,,,,,,,,,,,,,,,,,,,,,,,,,,,,,,,,,,,,,,,,,,,,,,,,,,,,,,,,,
Read 3:EM Spectrum,,,,,,,,,,,,,,,,,,,,,,,,,,,,,,,,,,,,,,,,,,,,,,,,,,,,,,,,,,,,,,,,,,,,,,,,,,,,,,,,,,,,,,,,,,,,,,,,,
,,,,,,,,,,,,,,,,,,,,,,,,,,,,,,,,,,,,,,,,,,,,,,,,,,,,,,,,,,,,,,,,,,,,,,,,,,,,,,,,,,,,,,,,,,,,,,,,,
,Wavelength,A1,A2,A3,A4,A5,A6,A7,A8,A9,A10,A11,A12,B1,B2,B3,B4,B5,B6,B7,B8,B9,B10,B11,B12,C1,C2,C3,C4,C5,C6,C7,C8,C9,C10,C11,C12,D1,D2,D3,D4,D5,D6,D7,D8,D9,D10,D11,D12,E1,E2,E3,E4,E5,E6,E7,E8,E9,E10,E11,E12,F1,F2,F3,F4,F5,F6,F7,F8,F9,F10,F11,F12,G1,G2,G3,G4,G5,G6,G7,G8,G9,G10,G11,G12,H1,H2,H3,H4,H5,H6,H7,H8,H9,H10,H11,H12
,500,1,1,1,1,1,2,3,2,2,2,3,3,3,3,4,3,2,3,45,4,2,3,2,3,2,2,2,4,3,5,5,3,5,4,5,5,3,5,4,5,9,5,6,8,4,9,4,5,9,5,9,2,0,2,9,11,3,10,2,7,1,7,0,1,2,2,1,2,4,1,1,2,2,3,1,1,2,3,1,3,3,1,1,1,1,10,1,1,8,6,30,27,2,4,24,34
,505,1,1,1,1,1,2,3,4,2,2,3,3,2,3,3,4,3,2,87,2,2,2,2,3,3,2,3,2,2,3,4,2,3,5,6,3,3,4,2,4,6,8,8,3,3,5,4,8,3,8,7,1,0,1,6,13,1,6,3,5,1,5,0,1,2,3,1,1,3,1,1,1,2,1,2,1,1,4,1,3,4,1,2,1,1,11,1,1,12,11,40,64,1,2,59,57
,510,1,1,1,1,1,2,2,3,2,2,3,3,2,1,3,2,3,2,171,2,3,2,3,2,3,3,3,2,4,5,3,3,3,5,6,7,4,4,2,7,5,4,8,6,2,6,7,4,5,7,8,1,1,1,6,12,2,7,3,7,1,11,0,1,1,2,1,1,2,0,1,1,2,2,2,1,1,2,1,3,2,1,2,1,0,17,1,1,8,7,83,99,2,2,112,106
,515,1,1,1,1,1,2,2,2,2,3,2,2,3,1,3,2,2,2,435,2,2,2,3,2,2,2,2,2,3,5,5,3,3,5,5,3,3,4,2,4,7,4,9,5,4,9,4,7,4,8,9,2,0,1,6,7,2,11,2,7,1,6,0,1,2,1,1,1,2,1,1,1,1,2,1,1,1,3,1,3,6,1,2,1,1,11,1,1,14,6,206,259,2,3,266,254
,520,1,1,1,1,1,2,3,1,1,2,3,3,2,3,2,2,3,2,890,3,3,3,3,2,1,2,2,1,3,2,5,4,5,5,6,4,3,7,2,3,5,4,8,2,5,7,6,6,4,5,5,1,0,1,6,10,2,8,3,9,1,11,0,1,1,3,0,1,2,1,1,1,1,1,1,1,1,3,1,3,2,1,1,1,1,18,1,1,5,10,413,502,2,4,534,510
,525,1,1,1,1,1,3,2,2,2,2,3,1,2,1,3,1,1,2,1597,2,1,3,4,1,3,3,2,2,2,3,5,2,3,3,6,2,5,3,3,3,8,6,5,4,2,4,7,3,6,4,10,1,0,1,5,5,1,8,2,3,1,5,0,1,2,2,0,2,3,0,1,1,1,1,2,1,2,5,1,3,3,1,1,1,1,25,1,1,8,5,729,908,2,4,963,926
,530,1,1,0,1,1,4,1,1,2,1,1,1,1,2,1,1,2,3,2835,2,1,2,2,3,2,3,2,1,3,4,5,3,5,3,3,4,2,6,1,5,8,6,3,2,2,3,3,3,1,7,3,1,0,2,3,10,2,8,3,3,0,5,0,1,2,1,0,1,2,0,1,1,1,1,3,2,1,3,1,3,4,1,1,1,1,8,1,1,14,6,1287,1598,2,3,1661,1569
,535,1,1,1,1,1,1,1,2,1,3,2,1,2,1,2,2,2,2,3986,3,3,1,4,1,3,3,2,3,3,4,2,3,5,2,5,4,4,3,1,2,4,6,6,4,2,6,3,5,11,3,7,0,0,1,3,4,1,2,1,2,0,9,0,1,2,2,1,1,1,1,1,1,1,2,1,1,1,3,1,2,2,1,1,1,1,18,1,1,14,8,1865,2266,2,5,2334,2219
,540,0,1,0,0,1,1,1,2,1,2,1,2,1,1,2,1,2,1,4582,1,1,2,2,1,1,1,1,2,2,2,4,2,5,2,4,4,1,3,2,5,6,9,3,3,2,3,3,5,1,2,7,0,0,1,5,2,0,4,2,2,0,3,0,0,1,0,0,1,1,0,1,1,1,1,2,1,1,4,1,2,2,2,1,2,1,14,1,1,16,9,2119,2690,2,7,2778,2606
,545,0,1,1,1,1,3,2,2,2,2,2,2,1,2,2,1,2,2,4568,3,1,2,1,2,2,1,2,0,3,3,2,1,3,3,4,5,4,10,2,1,3,2,4,3,1,1,2,1,4,6,6,1,0,1,3,4,0,1,1,5,0,1,0,0,1,2,0,1,1,0,1,1,2,2,1,1,1,3,1,3,4,2,3,2,1,25,1,1,13,14,2194,2702,3,7,2781,2609
,550,0,1,1,0,0,1,1,2,0,2,0,1,1,1,1,2,0,2,3923,1,0,1,2,2,2,1,1,0,1,1,3,1,4,4,1,0,0,2,2,1,3,2,6,1,3,5,1,2,6,6,6,1,0,1,4,5,1,2,2,5,1,8,0,0,2,1,1,1,1,0,1,1,1,1,2,1,2,2,2,3,4,3,2,1,1,19,2,1,14,14,1941,2374,3,9,2494,2341
,555,1,0,0,0,1,1,1,2,1,1,1,2,1,1,1,1,3,1,2864,2,1,2,1,1,1,1,1,1,2,2,3,1,3,3,3,1,1,3,1,2,9,2,2,0,2,3,2,2,2,1,3,1,0,0,2,4,1,2,1,3,0,6,0,0,1,1,0,1,2,0,1,2,1,2,1,1,2,3,1,2,4,2,3,2,1,22,2,2,17,13,1458,1796,3,7,1866,1745
,560,1,0,0,0,1,1,1,1,1,1,1,0,1,1,1,1,0,3,1871,2,1,1,1,1,1,1,1,1,2,2,2,1,2,2,3,2,1,3,1,2,3,2,3,4,1,2,3,5,0,2,1,0,0,1,5,2,0,8,2,2,0,4,0,0,2,1,0,1,2,0,1,1,1,2,1,1,2,3,1,2,3,2,3,2,1,22,2,1,17,12,963,1218,3,6,1221,1150
,565,0,0,0,0,0,1,1,1,1,1,1,1,1,1,1,1,0,1,1280,2,0,1,1,1,1,1,1,0,1,2,2,1,2,2,2,1,1,2,0,2,4,1,2,2,2,2,3,1,0,2,7,0,0,0,2,3,1,1,1,6,1,5,0,1,1,1,0,1,2,0,1,1,2,2,2,1,2,2,1,2,3,2,4,2,1,21,2,1,15,14,673,841,2,5,844,789
,570,0,0,0,0,1,0,1,1,1,1,1,1,1,1,1,2,0,1,817,3,1,1,1,0,1,1,1,0,2,2,2,1,2,1,3,1,1,3,0,2,3,2,3,0,1,2,2,1,1,2,2,1,1,0,2,4,1,3,2,2,1,7,0,1,1,2,1,1,3,1,2,2,2,3,2,1,2,4,1,2,3,2,2,2,1,19,1,1,12,10,421,561,3,4,539,515
,575,1,0,0,0,1,1,0,1,1,2,1,1,1,2,1,0,0,1,464,1,1,1,1,0,1,1,1,0,1,2,2,1,2,1,2,0,1,2,1,1,3,3,2,1,2,2,2,1,1,3,2,0,0,0,3,5,1,4,2,4,1,9,0,1,2,2,1,2,3,1,1,1,1,1,2,1,1,3,1,2,2,1,2,1,1,15,1,1,11,8,242,317,2,3,312,309
,580,0,0,0,0,0,1,1,1,1,1,1,1,0,0,1,1,1,0,261,1,1,1,1,1,0,1,0,0,1,1,1,1,4,2,3,0,1,3,0,2,3,2,1,1,3,2,3,1,2,7,4,1,0,1,3,5,2,11,3,5,1,11,0,1,2,3,1,2,3,1,1,1,1,2,2,1,1,2,1,2,2,2,1,1,1,13,1,1,10,10,149,178,1,2,185,177
,585,0,0,0,0,0,1,1,0,1,1,1,0,2,0,1,0,0,1,149,1,0,1,1,0,0,1,0,2,1,1,2,1,2,1,2,1,5,2,3,2,3,1,3,1,2,7,1,1,5,4,4,1,0,1,6,10,3,11,4,7,1,16,0,2,2,3,1,2,3,1,1,2,1,1,2,1,1,2,1,1,2,1,1,1,0,11,1,1,7,5,77,103,1,2,100,97
,590,0,0,0,0,0,1,1,0,0,1,0,0,1,0,1,0,0,0,99,1,0,1,1,0,0,0,0,0,1,1,2,0,1,2,2,0,1,6,1,2,5,2,2,1,2,3,7,2,8,5,7,2,1,1,8,16,4,17,6,11,2,15,0,2,2,3,1,2,3,1,1,1,1,1,2,1,1,2,1,2,1,1,1,1,0,7,1,1,6,5,59,65,1,1,64,65
,595,0,0,0,0,0,0,0,1,0,1,0,0,1,0,1,0,0,0,70,1,0,1,0,0,2,1,0,0,1,1,1,0,1,1,3,1,1,3,1,2,6,4,3,3,3,5,4,4,15,10,12,2,1,3,11,23,5,20,6,13,2,17,0,2,2,3,1,2,3,0,1,1,1,1,1,1,1,1,1,1,1,1,1,1,0,4,1,0,3,4,29,46,1,1,43,46
,600,0,0,0,0,0,1,0,1,0,1,0,0,1,0,2,0,0,0,43,1,0,1,1,0,0,0,0,0,1,1,1,0,2,1,4,2,1,5,2,4,8,6,6,4,4,13,7,7,24,18,20,5,2,4,15,33,6,29,8,17,2,19,0,2,2,2,1,1,2,0,0,1,1,0,1,1,1,1,0,1,2,1,1,0,0,2,1,1,7,2,18,24,1,1,27,27
,605,0,0,0,1,0,2,0,0,0,0,1,0,0,0,0,0,0,2,24,1,1,1,0,0,0,3,2,0,1,1,2,1,2,2,5,3,5,7,3,7,13,9,11,9,8,17,11,13,34,29,37,6,2,6,22,42,8,33,8,20,2,15,0,1,2,2,0,1,2,0,0,1,1,0,1,0,1,0,1,1,1,0,0,0,0,3,1,1,2,1,9,19,0,1,15,19
,610,0,0,0,0,0,1,0,0,0,1,0,0,1,0,1,0,2,0,25,2,0,1,0,0,0,1,1,0,2,2,2,1,5,2,8,4,7,10,6,11,19,17,20,16,11,23,21,21,44,43,46,8,3,8,26,51,8,33,8,22,2,10,0,1,1,1,0,1,1,0,0,1,0,0,1,1,1,0,1,1,0,0,0,0,0,3,0,0,2,3,6,10,0,1,9,12
,615,1,0,0,0,0,1,0,0,0,1,0,0,1,0,1,0,0,0,14,1,0,1,1,1,0,1,1,1,2,2,2,1,6,3,13,8,11,16,10,19,32,24,34,24,17,39,29,34,50,56,55,10,3,9,28,53,8,35,8,21,2,9,0,1,1,2,0,1,1,0,0,1,0,0,1,1,1,0,0,2,0,0,0,0,0,0,0,0,1,1,3,9,0,1,4,24
,620,0,0,0,0,0,1,0,0,0,3,1,0,1,0,1,0,0,0,10,1,0,1,0,1,1,1,1,1,3,7,3,2,11,5,21,14,22,26,17,34,52,47,55,41,27,58,52,60,53,72,72,12,4,10,29,50,7,29,6,18,2,17,0,1,1,0,0,1,1,0,0,0,0,0,1,0,0,1,0,0,1,0,0,0,0,0,1,0,0,0,3,4,0,0,0,9
,625,0,0,0,0,1,1,0,0,0,1,0,1,0,0,0,0,0,0,8,1,1,1,1,1,1,2,2,2,4,6,5,4,16,7,36,27,38,46,31,59,88,71,84,62,40,87,76,79,49,75,74,13,4,9,26,42,6,21,7,14,2,2,0,0,1,0,0,0,1,0,0,0,0,0,1,0,1,0,0,1,0,1,0,0,1,0,0,0,0,0,0,3,0,0,4,7
,630,0,0,0,1,0,0,0,0,2,1,1,1,0,0,1,0,0,1,2,2,1,1,3,2,4,3,4,5,6,9,8,6,29,13,62,48,71,75,48,94,123,111,122,87,53,116,105,103,44,78,76,12,4,8,23,34,5,17,4,13,1,3,0,0,2,0,0,1,1,0,0,0,0,0,1,0,0,0,0,1,0,0,2,0,0,0,0,0,0,0,0,2,0,1,0,5
,635,0,0,0,1,0,1,0,0,1,1,1,0,1,0,1,1,0,0,3,3,2,2,4,4,5,3,7,10,10,13,13,10,40,20,92,73,101,107,70,125,157,146,148,105,64,132,130,122,37,76,73,13,3,8,21,29,4,13,3,9,1,0,0,0,0,0,1,0,1,0,0,0,0,0,1,0,1,0,0,1,0,0,0,0,0,0,0,0,0,1,0,1,2,0,14,20
,640,0,0,0,0,0,1,3,0,1,1,1,1,1,0,1,0,0,1,4,4,3,5,5,6,9,6,11,10,16,21,20,16,71,32,138,111,145,155,92,168,187,180,174,118,69,145,140,130,29,68,64,9,3,6,15,20,3,8,3,8,1,0,0,0,0,0,0,1,0,0,0,0,0,0,1,0,1,0,0,0,0,0,0,0,0,0,1,1,0,0,0,16,0,0,0,8
,645,0,0,0,0,0,1,0,3,3,2,1,1,2,1,2,1,0,4,0,6,6,7,10,11,13,9,17,21,28,38,35,32,116,52,198,159,193,205,117,209,216,208,195,129,75,149,160,137,20,56,51,8,2,5,10,17,4,7,2,4,1,2,0,0,0,0,0,0,0,0,0,0,0,0,1,0,1,0,0,1,1,0,0,0,0,0,0,1,0,0,0,0,0,0,16,4
,650,0,0,0,0,0,2,1,1,1,2,3,2,4,1,3,5,1,2,0,11,9,13,17,18,25,16,34,35,48,66,59,52,174,89,244,233,260,249,132,238,215,219,195,121,68,124,140,124,14,53,38,6,2,3,10,11,1,16,2,4,1,0,0,1,0,0,0,0,1,0,0,0,1,0,0,1,0,0,0,1,0,0,0,0,0,0,0,0,0,0,9,0,0,2,0,1
,655,0,0,0,0,0,7,2,2,3,3,3,4,6,2,5,5,4,4,3,15,17,21,28,29,40,26,52,55,69,94,92,80,239,131,284,284,295,273,143,248,212,218,191,115,62,114,130,116,8,31,28,4,1,4,7,7,1,0,1,2,1,0,0,0,0,0,0,0,1,0,0,0,0,0,0,0,0,0,0,1,0,0,0,0,0,0,1,1,0,0,0,0,0,0,0,0
,660,1,0,0,0,0,4,2,4,4,9,10,9,9,4,8,7,6,7,1,23,26,33,42,47,61,41,82,85,106,139,139,117,296,189,293,314,304,284,137,239,198,211,164,103,52,98,111,91,4,27,23,3,1,2,4,3,1,0,1,1,1,0,0,0,0,0,0,1,0,0,0,0,0,0,0,0,1,0,2,0,0,0,0,0,0,0,0,0,0,0,0,1,0,0,0,6
,665,1,1,0,0,0,6,5,4,7,9,10,10,15,7,15,16,12,12,0,38,41,52,70,74,95,68,126,133,147,200,204,169,358,260,294,328,299,284,128,236,168,173,136,86,46,79,94,72,1,16,13,2,1,1,5,3,1,0,1,0,1,0,0,2,0,0,0,0,0,0,0,1,0,0,0,0,0,0,0,0,5,0,0,0,0,0,0,0,0,0,0,0,0,4,0,2
,670,1,1,1,1,1,11,7,8,12,14,17,18,24,12,23,21,21,18,0,65,70,84,109,118,148,108,189,198,197,288,285,238,389,335,270,326,280,251,105,187,139,138,107,70,32,55,80,53,4,12,26,1,1,1,2,2,1,0,1,0,0,0,0,0,0,0,0,0,5,0,0,0,0,0,1,1,0,4,1,0,0,0,0,0,0,0,1,2,0,1,0,0,0,0,0,7
,675,1,1,1,1,1,19,12,14,18,20,27,29,36,20,31,35,33,31,0,95,101,130,156,163,202,155,253,270,243,363,355,304,393,386,229,296,240,208,86,146,106,110,83,47,24,56,53,41,0,9,7,1,1,0,3,0,1,0,1,0,0,0,0,0,0,0,0,0,0,0,0,0,0,0,1,1,1,0,0,0,0,0,0,0,0,24,0,1,0,1,0,0,0,0,0,4
,680,3,2,2,2,2,31,21,20,29,31,39,47,61,31,49,54,49,48,0,146,155,188,217,230,253,218,315,345,268,409,417,339,368,412,193,265,210,167,75,118,85,75,61,35,18,26,35,27,0,3,7,1,1,1,2,0,0,0,1,0,1,0,0,1,0,0,0,1,0,0,0,0,1,0,0,0,0,0,1,1,0,0,0,2,0,0,0,0,0,0,0,0,0,0,0,2
,685,4,4,3,3,3,44,27,33,44,49,61,74,92,49,76,85,88,77,0,211,219,250,284,283,308,281,373,406,273,440,443,385,327,411,158,214,155,132,50,90,60,59,44,23,15,22,29,17,0,2,2,1,0,0,1,0,0,0,1,0,2,0,0,0,0,0,0,0,0,0,0,0,0,0,0,1,1,0,0,1,0,0,0,0,0,1,0,1,20,0,0,0,0,2,0,8
,690,6,4,5,5,5,71,48,48,70,80,101,110,144,76,118,129,130,127,0,293,285,334,340,328,337,364,392,437,268,437,437,368,279,381,117,169,126,100,41,62,47,43,35,18,11,17,18,12,0,0,3,0,0,0,1,0,0,0,1,0,1,0,0,0,0,0,0,0,0,0,2,0,1,0,1,2,1,0,1,1,0,0,0,1,0,0,0,1,0,0,0,0,0,0,0,0
,695,9,9,9,8,9,119,72,78,124,122,158,177,229,125,189,212,210,198,0,387,368,395,376,363,353,417,381,446,234,420,408,338,212,327,87,122,85,74,25,48,38,34,22,9,8,10,13,9,0,1,0,1,0,0,1,22,0,0,7,0,1,0,0,0,0,0,0,0,1,0,0,0,3,0,0,1,1,0,0,0,0,0,0,0,1,0,1,1,0,0,0,0,0,0,0,3
,700,14,14,14,13,14,182,113,126,177,189,243,270,328,187,289,323,321,303,0,447,418,446,391,369,337,428,358,427,200,345,365,295,180,275,62,102,69,59,17,32,45,22,15,6,9,8,4,2,0,0,7,0,0,0,1,0,0,0,1,2,1,0,0,0,0,0,0,1,0,0,2,0,0,0,1,1,1,0,1,0,0,0,0,0,0,0,1,1,0,0,0,0,0,1,0,0
,705,23,20,20,19,21,268,168,185,274,275,345,392,438,285,409,442,450,428,0,504,442,437,381,351,297,414,321,381,163,310,302,252,129,225,48,69,45,43,24,21,18,20,15,3,10,9,5,2,0,0,0,0,1,0,1,0,1,0,1,0,0,0,0,0,0,0,0,1,0,0,0,0,0,0,1,0,0,0,0,1,0,0,0,0,0,0,1,1,0,0,0,0,0,0,0,0
,710,32,30,30,30,30,363,242,272,377,382,455,504,539,372,546,573,578,556,1,477,414,393,337,296,249,381,247,306,122,231,232,181,91,171,36,52,28,44,9,21,16,10,7,0,6,4,3,1,0,0,0,0,0,0,0,0,0,0,1,0,1,0,0,0,0,0,0,1,5,0,0,1,0,0,1,1,0,0,0,0,0,1,0,0,0,0,1,1,0,0,0,0,0,0,0,14
,715,50,47,46,48,48,487,357,383,514,529,609,651,640,508,690,713,713,721,0,411,348,333,261,215,178,295,182,212,82,152,157,124,74,110,21,30,19,22,6,11,12,20,0,0,4,0,3,0,0,0,0,0,0,0,0,0,0,0,2,0,1,0,0,0,1,0,0,0,6,0,0,0,0,0,0,0,1,4,1,1,0,0,0,1,0,0,0,1,0,0,0,0,5,1,21,0
,720,72,70,65,69,70,613,473,506,643,659,732,749,700,626,785,806,793,824,0,357,293,260,203,163,138,226,129,158,59,116,116,92,44,76,15,18,13,19,3,7,9,2,0,0,4,0,1,0,0,0,0,0,0,3,1,0,0,0,2,0,1,0,0,1,0,0,0,0,0,0,0,0,0,0,1,1,1,0,1,0,0,0,0,0,0,0,1,1,0,23,0,0,0,0,0,3
,725,100,98,98,98,97,737,613,629,793,778,834,827,738,733,872,871,846,918,0,307,249,222,170,133,100,186,101,122,46,89,85,69,31,62,29,13,11,13,2,5,12,14,1,0,3,3,2,0,0,0,0,0,0,0,1,0,0,0,1,0,1,0,0,0,0,0,0,1,0,0,2,0,0,0,5,0,1,0,0,0,0,0,0,0,0,0,1,1,0,0,0,0,0,0,0,0
,730,146,141,141,145,147,828,768,773,926,886,919,879,774,828,934,905,897,982,0,260,204,172,127,100,78,152,86,94,36,78,66,53,26,46,11,10,7,11,1,6,7,20,0,0,3,1,0,0,0,0,0,0,0,0,1,0,0,0,1,0,1,0,0,0,0,0,0,0,0,0,0,0,0,0,1,1,1,6,1,1,0,0,0,1,0,0,0,1,0,0,0,0,0,0,0,2
,735,219,214,204,217,213,929,941,937,1016,968,970,886,702,900,964,945,883,1004,0,214,162,143,114,80,61,115,60,68,30,50,53,41,23,34,11,8,2,11,1,5,8,3,2,0,4,0,2,0,0,0,0,0,0,0,1,0,0,0,2,0,1,0,0,0,0,0,0,1,0,0,1,0,1,0,0,0,0,0,1,1,0,0,0,1,2,0,0,1,0,0,0,28,0,1,0,0
,740,342,324,314,332,332,926,1072,1020,1060,1006,913,810,633,888,886,825,792,931,3,154,112,97,70,51,43,84,43,51,18,37,38,27,15,29,7,3,4,12,0,4,3,0,0,0,3,28,0,0,0,0,0,0,1,0,2,0,0,0,0,0,1,0,0,0,0,0,0,0,0,0,0,0,2,0,1,1,1,0,1,0,0,0,0,1,0,0,1,1,0,0,0,0,0,0,0,0
,745,457,443,435,459,459,870,1085,1039,991,951,833,732,535,830,785,712,660,827,0,125,90,77,56,36,27,64,30,38,25,30,30,22,12,24,10,3,0,5,0,0,17,0,0,0,5,2,0,0,0,0,0,0,0,0,0,0,0,0,2,0,1,0,0,0,0,0,0,0,2,2,0,0,1,4,1,1,2,0,1,0,0,1,0,0,0,0,0,2,0,0,0,0,0,0,0,9
,750,614,579,570,602,595,787,1078,982,932,851,736,623,437,751,665,605,567,702,0,89,63,54,39,28,20,48,22,25,13,20,41,12,11,18,6,0,0,7,0,0,9,0,1,0,4,0,0,0,0,0,6,0,0,0,17,0,8,0,3,0,1,1,0,0,0,0,0,1,0,0,0,0,1,0,2,2,1,0,1,1,0,0,0,0,0,0,1,1,0,0,0,0,0,1,49,2
,755,797,743,753,780,770,661,953,893,795,710,580,477,326,614,523,449,436,556,0,62,51,41,26,19,17,30,15,15,11,17,16,9,10,16,5,0,0,7,0,2,10,4,0,0,3,0,34,0,18,0,0,0,1,0,3,1,1,0,0,0,1,0,0,0,4,0,0,0,1,0,0,1,7,0,5,3,1,0,2,1,0,0,0,0,0,0,2,2,0,0,0,0,0,0,0,2
,760,1027,961,948,991,967,526,823,736,632,572,432,373,249,482,406,354,320,422,0,49,33,26,19,35,2,22,13,9,8,17,14,5,11,16,5,0,0,10,0,7,14,0,0,0,6,0,0,0,0,0,0,0,1,0,32,0,8,0,5,35,1,0,0,1,1,0,3,1,1,0,0,0,0,0,1,1,2,0,1,0,0,1,0,0,0,0,1,2,0,0,0,0,0,0,0,0
,765,1208,1110,1112,1162,1141,384,659,575,461,438,319,263,177,344,270,242,219,318,0,29,19,19,18,6,4,13,5,9,9,13,12,3,8,9,5,0,0,13,0,1,3,0,1,0,4,2,0,0,0,0,0,0,0,0,3,0,2,0,3,2,2,0,0,1,3,0,0,0,0,0,0,0,2,0,0,2,1,0,7,2,17,1,0,1,0,0,1,3,0,0,35,0,0,12,88,0
,770,1327,1228,1196,1274,1229,306,529,455,383,316,249,203,124,272,215,183,172,217,0,21,11,40,8,1,0,16,4,1,8,12,9,0,7,15,8,0,0,12,18,0,12,0,0,0,7,0,38,0,0,0,0,0,1,0,3,0,1,0,3,0,3,0,0,1,1,0,0,0,0,0,0,1,0,0,2,1,2,0,2,22,0,0,0,1,0,0,1,3,0,7,0,5,0,0,0,0
,775,1372,1274,1275,1305,1293,222,427,354,273,251,210,157,94,216,155,128,119,164,0,18,8,11,7,29,4,9,2,2,27,12,20,0,25,11,11,0,0,11,0,1,14,0,0,0,8,0,2,0,0,0,0,1,1,0,43,0,3,0,4,0,1,0,0,0,0,0,0,3,1,0,0,0,1,0,3,2,2,0,12,2,0,1,0,1,0,0,2,4,0,0,0,0,22,6,0,0
,780,1325,1233,1214,1263,1232,167,307,263,194,171,134,99,62,148,108,90,76,116,0,36,7,6,1,0,0,5,0,0,2,9,4,0,8,11,6,0,0,7,0,0,3,0,0,0,5,6,0,0,0,0,2,0,1,0,5,0,0,0,2,0,1,0,0,1,0,0,0,2,1,0,0,1,2,0,0,3,2,0,3,0,29,0,0,0,0,0,1,11,0,0,104,0,0,20,0,12
,785,1228,1097,1095,1143,1103,119,216,184,133,128,88,74,51,93,92,64,66,71,0,8,0,7,16,0,0,9,0,0,9,20,11,0,9,9,9,0,0,9,0,0,11,0,0,0,12,0,0,0,0,0,0,0,2,0,1,0,21,0,3,0,2,0,0,1,1,0,0,0,2,4,0,1,4,1,3,12,0,0,1,1,0,1,0,0,0,0,2,3,0,0,0,0,0,1,78,0
,790,1062,975,954,1026,957,80,157,140,89,98,57,53,27,64,57,50,29,56,0,6,0,6,1,0,0,0,0,0,9,9,7,0,12,16,20,0,0,24,0,0,24,0,4,0,12,0,0,0,0,0,0,0,2,0,0,0,16,0,0,0,2,0,0,2,0,0,0,0,0,0,0,3,0,0,20,2,2,0,2,2,0,3,0,3,0,0,3,2,0,0,0,0,0,0,0,174
,795,920,841,811,854,824,72,107,98,61,67,43,35,35,51,72,29,20,39,0,5,1,2,0,0,0,1,2,0,8,8,7,33,10,13,12,0,0,8,0,0,9,6,0,0,9,0,0,0,0,0,0,0,0,0,0,0,4,0,33,0,3,0,0,1,2,0,0,3,1,0,1,0,3,0,1,9,3,0,3,2,0,1,0,0,0,0,4,5,0,0,0,0,0,0,0,0
,800,748,667,662,684,678,50,88,72,49,46,38,24,23,36,36,57,2,32,0,9,0,5,4,28,0,5,14,1,9,4,9,0,16,12,17,0,0,19,0,0,12,0,59,0,11,0,0,0,0,0,0,0,2,0,0,0,0,0,3,0,3,0,0,0,2,17,0,0,2,0,12,5,6,0,2,2,3,0,3,2,0,0,26,1,0,0,3,4,0,0,0,0,0,0,0,32
,805,549,491,499,488,466,30,54,51,36,32,21,18,11,20,27,2,0,15,174,8,0,0,0,0,0,0,0,0,11,8,56,0,9,20,9,0,0,0,0,0,6,0,0,0,12,0,0,0,0,0,0,0,2,0,3,0,0,0,4,0,3,0,0,2,1,0,0,0,0,0,0,0,0,0,0,4,6,0,5,2,0,6,0,3,0,0,1,4,0,0,0,0,0,0,0,0
,810,419,387,361,383,368,26,45,34,21,28,14,12,13,1,17,1,0,5,0,7,25,7,5,0,0,0,7,0,12,7,14,1,10,17,0,0,0,8,6,0,27,1,0,0,15,0,0,0,0,0,0,0,1,0,7,0,0,0,12,0,5,0,0,2,0,0,0,6,0,0,0,0,2,0,6,4,3,0,5,6,0,6,0,0,0,0,4,7,0,0,0,0,22,0,0,1
,815,330,296,282,298,288,19,30,29,20,27,2,9,13,0,18,0,0,2,0,13,0,1,6,0,0,8,0,0,5,3,14,0,8,13,19,0,0,15,0,0,23,0,0,0,18,0,0,0,0,0,22,0,2,0,0,0,2,0,1,0,5,0,1,1,1,0,0,7,0,0,0,0,4,27,0,2,4,29,4,5,0,0,0,2,0,0,0,6,0,0,0,0,0,43,0,47
,820,246,237,215,218,218,6,16,6,8,67,10,0,4,0,5,1,0,0,25,11,0,0,0,0,0,0,0,0,17,13,7,53,60,13,14,0,0,4,0,108,20,0,0,0,13,0,0,0,0,0,0,0,3,0,0,0,0,0,24,0,5,0,0,21,0,0,0,2,1,0,0,3,5,0,3,3,4,0,5,0,0,0,0,1,0,0,4,4,0,0,0,0,0,0,0,23
,825,193,185,153,164,146,5,18,50,1,18,3,0,4,3,12,0,0,6,0,5,0,0,0,0,0,0,0,51,12,7,71,0,3,23,14,0,0,15,0,0,40,0,0,0,19,0,0,0,0,0,0,26,2,0,30,0,0,0,2,0,6,0,1,2,0,0,0,4,3,0,0,0,4,0,5,7,3,0,3,0,0,4,0,3,0,0,4,9,0,0,0,0,0,5,0,10
,830,131,114,111,108,107,12,6,8,0,12,8,6,6,0,8,0,0,0,0,4,0,0,0,0,0,0,0,0,13,20,13,65,29,2,33,0,0,0,0,0,31,0,0,0,31,0,0,0,0,0,1,1,3,0,7,0,0,0,18,0,29,0,1,2,0,0,0,1,4,0,2,1,1,0,5,8,3,0,8,13,0,8,0,1,0,0,8,9,0,0,0,0,0,2,0,83
,835,108,78,95,81,88,9,8,0,0,107,0,0,13,0,13,0,0,0,0,17,0,11,0,0,0,0,0,0,25,15,3,0,15,2,39,0,0,48,0,0,168,0,0,0,30,0,0,0,0,0,0,0,5,0,9,0,0,0,11,0,7,0,0,2,0,0,0,0,3,21,0,7,9,0,7,10,5,0,10,0,0,0,0,0,0,0,11,6,0,0,0,0,0,12,0,49
,840,76,82,68,54,73,6,2,0,0,155,0,0,28,0,16,0,0,0,0,16,0,16,0,0,0,0,0,0,27,41,43,13,63,33,328,0,0,20,0,0,102,0,0,183,43,17,0,0,0,0,0,0,8,68,0,0,0,0,6,0,14,0,1,7,0,0,22,10,4,0,2,0,2,0,0,14,8,0,24,13,0,4,0,12,22,0,7,16,0,0,129,0,0,0,0,71
,845,36,46,33,13,34,0,0,0,6,49,6,0,38,0,38,0,0,0,0,20,0,0,0,0,0,0,0,0,43,56,61,0,81,124,19,0,0,129,243,0,198,0,0,0,57,0,0,0,0,0,0,78,8,0,56,0,9,0,33,0,25,0,2,0,2,0,0,23,25,0,27,10,15,0,21,21,30,0,13,1,0,7,0,0,0,0,27,30,0,0,0,0,0,43,0,191
,850,38,29,36,0,47,0,0,0,0,82,0,363,100,0,54,0,0,0,0,12,0,0,0,0,0,0,0,0,434,31,70,437,210,158,156,0,0,170,0,0,112,0,0,0,164,17,0,0,0,0,0,0,79,0,36,0,46,0,0,0,33,0,22,9,21,0,0,17,12,0,0,21,24,0,28,30,21,0,26,27,0,31,0,28,0,0,18,35,0,0,0,0,0,0,0,0
,,,,,,,,,,,,,,,,,,,,,,,,,,,,,,,,,,,,,,,,,,,,,,,,,,,,,,,,,,,,,,,,,,,,,,,,,,,,,,,,,,,,,,,,,,,,,,,,,
Read 4:EM Spectrum,,,,,,,,,,,,,,,,,,,,,,,,,,,,,,,,,,,,,,,,,,,,,,,,,,,,,,,,,,,,,,,,,,,,,,,,,,,,,,,,,,,,,,,,,,,,,,,,,
,,,,,,,,,,,,,,,,,,,,,,,,,,,,,,,,,,,,,,,,,,,,,,,,,,,,,,,,,,,,,,,,,,,,,,,,,,,,,,,,,,,,,,,,,,,,,,,,,
,Wavelength,A1,A2,A3,A4,A5,A6,A7,A8,A9,A10,A11,A12,B1,B2,B3,B4,B5,B6,B7,B8,B9,B10,B11,B12,C1,C2,C3,C4,C5,C6,C7,C8,C9,C10,C11,C12,D1,D2,D3,D4,D5,D6,D7,D8,D9,D10,D11,D12,E1,E2,E3,E4,E5,E6,E7,E8,E9,E10,E11,E12,F1,F2,F3,F4,F5,F6,F7,F8,F9,F10,F11,F12,G1,G2,G3,G4,G5,G6,G7,G8,G9,G10,G11,G12,H1,H2,H3,H4,H5,H6,H7,H8,H9,H10,H11,H12
,500,1,1,1,1,1,3,2,2,2,4,3,2,3,3,2,2,5,3,45,4,3,2,3,2,4,4,3,2,3,4,4,3,3,4,3,6,3,4,8,7,4,1,8,4,6,5,8,3,3,3,1,6,2,1,0,9,4,6,12,0,3,7,1,2,8,0,0,1,1,1,6,10,2,1,1,1,4,0,1,3,8,1,0,1,3,2,1,2,0,6,35,28,1,1,26,26
,505,1,1,1,1,1,3,2,2,2,2,3,5,3,3,2,2,4,2,81,3,2,4,2,2,3,2,4,3,3,2,5,4,5,3,2,6,5,4,6,7,4,1,6,6,5,8,8,3,2,2,1,8,4,2,1,9,4,4,12,0,3,8,0,1,8,0,0,1,1,2,10,14,2,1,1,1,3,0,1,4,13,1,0,1,3,1,1,3,0,6,39,54,1,1,51,56
,510,1,1,1,1,1,2,2,2,2,3,3,2,3,3,2,2,3,3,169,2,3,1,2,2,3,2,4,2,4,3,4,2,3,5,2,3,3,7,8,4,7,1,6,5,4,8,6,2,3,3,1,8,4,1,1,8,3,5,7,0,3,8,1,1,7,0,1,1,0,1,6,11,2,1,0,1,3,0,2,4,7,1,0,1,4,2,1,2,0,6,84,103,1,1,98,99
,515,0,1,1,1,1,2,2,2,3,3,2,2,2,2,3,2,4,2,405,3,2,3,2,3,2,2,2,2,5,2,3,4,4,4,2,5,3,4,4,6,3,2,6,5,7,4,5,3,3,2,1,4,4,1,0,5,2,3,6,0,3,12,0,2,7,0,0,1,1,1,9,6,1,1,0,1,3,0,1,4,11,1,0,2,4,1,1,4,0,12,201,265,1,1,251,239
,520,1,0,1,0,1,2,1,1,3,2,3,3,1,2,3,3,3,2,837,3,1,3,2,2,2,3,3,3,5,4,4,4,3,3,2,6,3,7,4,5,9,1,5,3,4,5,4,2,2,3,1,8,4,2,1,4,4,5,10,0,5,4,0,1,12,0,0,1,1,2,9,11,2,1,0,1,2,0,1,2,12,1,0,1,3,1,1,2,0,9,428,502,1,1,520,499
,525,0,1,1,0,1,2,2,2,2,2,2,4,2,1,3,1,2,2,1484,3,2,3,3,2,4,3,3,1,3,4,2,2,3,1,2,3,4,5,3,6,5,1,9,5,4,7,8,2,1,2,1,8,2,1,1,5,2,5,5,0,2,10,1,2,9,0,0,1,0,2,6,9,2,1,1,1,3,0,2,4,5,0,0,1,2,2,2,4,0,11,712,900,1,1,935,880
,530,1,0,1,1,1,3,1,1,1,2,2,2,2,1,3,1,2,1,2661,1,1,1,2,1,3,3,2,2,2,2,4,3,4,3,2,5,2,2,3,3,5,2,4,4,6,7,6,2,1,2,1,3,1,1,1,4,3,2,3,0,3,5,0,3,4,0,0,1,0,2,8,5,3,0,0,1,4,0,1,4,6,1,0,1,6,1,1,2,0,6,1322,1629,1,1,1648,1541
,535,0,0,0,1,1,2,2,2,1,3,3,1,1,2,1,2,1,3,3882,2,1,4,1,1,4,2,1,3,3,1,2,2,2,1,2,5,2,2,2,2,2,1,6,4,6,3,3,3,2,1,1,3,3,1,1,3,1,1,3,0,1,4,0,1,12,0,0,1,0,3,6,5,2,1,1,1,2,0,1,2,4,1,0,1,3,2,1,4,0,6,1855,2250,1,2,2372,2247
,540,0,0,1,1,2,2,1,1,1,2,1,1,1,1,1,1,3,3,4391,1,1,2,3,1,1,1,3,2,3,1,4,3,3,1,1,4,1,2,3,5,4,1,2,3,3,3,5,3,2,0,0,4,1,2,1,2,1,1,7,0,4,4,0,1,3,0,0,1,0,1,3,4,2,0,0,1,4,0,1,5,4,1,0,2,5,3,2,5,0,9,2162,2650,1,2,2745,2553
,545,0,0,1,1,1,2,1,2,2,1,2,1,1,2,2,0,2,1,4367,3,2,0,2,2,1,1,2,2,1,3,3,3,3,2,2,4,3,1,5,1,2,1,5,2,5,3,6,1,1,1,0,2,3,2,1,2,1,1,3,0,1,7,0,1,3,0,0,0,0,1,3,3,2,1,0,1,3,0,1,3,7,1,0,2,4,3,2,4,0,17,2209,2733,1,2,2777,2625
,550,0,0,1,0,0,2,1,2,1,1,1,1,2,0,2,1,2,2,3811,1,2,0,2,1,1,1,2,2,1,2,2,1,3,6,1,5,2,2,2,1,4,0,3,4,4,6,1,1,2,2,1,4,1,2,0,3,3,4,1,0,1,7,0,2,1,0,0,1,0,1,7,4,3,1,0,1,4,0,2,4,13,1,0,3,5,2,3,5,0,17,1957,2408,1,2,2481,2342
,555,0,0,0,0,1,1,1,1,1,2,2,1,1,1,2,1,2,2,2788,1,1,1,1,3,1,1,1,0,2,4,1,2,2,2,1,2,2,5,3,2,2,1,2,3,3,3,3,1,1,0,0,7,2,1,0,2,2,3,4,0,4,3,0,1,4,0,0,1,0,3,5,4,3,1,1,1,4,0,2,5,11,1,0,2,6,3,2,8,0,16,1463,1849,2,2,1815,1694
,560,0,0,0,0,1,1,2,1,1,3,1,1,1,1,1,2,2,2,1841,1,1,1,1,3,2,3,3,1,2,2,1,2,2,1,1,2,0,3,1,2,3,1,3,2,4,3,3,1,1,0,0,2,2,1,0,3,1,2,3,0,2,11,0,1,7,0,0,1,1,1,8,8,3,1,1,1,4,0,1,3,11,1,0,3,6,3,2,6,0,13,993,1227,1,2,1223,1113
,565,0,0,1,0,0,2,1,1,1,1,3,1,1,1,1,1,1,1,1261,1,1,1,1,0,2,1,1,1,2,2,1,1,4,1,1,4,1,5,2,2,3,0,3,3,2,3,2,1,1,0,0,2,2,1,0,2,2,2,11,0,2,11,0,1,7,0,0,1,0,2,8,9,5,1,1,1,4,0,1,3,13,1,0,2,6,3,2,5,0,14,670,834,1,2,858,791
,570,0,0,0,0,1,1,1,1,1,1,2,1,3,1,1,1,3,1,822,1,1,0,1,0,1,1,1,1,1,1,1,1,2,0,0,1,2,2,3,5,1,1,3,5,2,2,2,1,1,1,0,1,1,1,0,2,2,2,5,0,2,6,0,2,10,0,0,1,0,2,8,11,3,1,1,1,4,0,1,4,18,1,0,2,5,2,2,4,0,12,428,539,1,1,559,515
,575,0,0,0,0,0,1,1,1,1,1,1,1,1,1,1,2,1,1,467,2,0,1,1,1,2,1,1,0,1,1,1,1,4,1,1,1,1,1,2,1,2,0,2,2,2,3,2,1,2,1,0,2,2,1,0,4,2,3,5,0,5,10,1,2,11,0,1,1,1,2,9,10,3,1,1,1,3,0,1,3,6,1,0,1,3,2,2,3,0,10,259,313,1,1,305,297
,580,0,0,0,0,0,2,1,1,1,1,2,1,0,1,1,1,1,1,268,1,1,0,1,0,2,0,1,0,1,0,1,1,2,1,0,0,0,2,1,2,2,1,3,2,2,4,2,2,1,1,0,4,2,1,0,6,3,4,9,0,3,13,1,2,14,0,0,1,1,2,9,9,2,1,1,1,3,0,1,4,6,1,0,1,3,2,1,3,0,7,142,176,1,1,186,173
,585,0,0,0,0,0,1,1,1,1,2,1,1,1,0,1,1,1,1,151,1,0,0,1,0,1,0,1,0,1,1,1,1,1,0,1,1,1,5,1,1,2,0,6,3,2,4,3,1,3,1,1,5,3,2,1,9,5,7,14,0,6,18,1,3,18,0,1,1,1,2,7,9,2,1,1,1,2,0,1,2,3,1,0,1,2,1,1,2,0,5,77,110,1,1,98,102
,590,0,1,0,0,0,1,1,1,1,3,1,1,0,1,1,1,1,1,101,1,0,0,1,0,1,0,0,0,1,1,1,0,2,1,1,5,4,2,2,2,3,1,2,3,4,4,4,2,4,2,1,7,4,2,1,13,8,9,21,0,7,19,1,3,15,0,1,1,0,2,6,8,1,0,1,0,4,0,1,2,3,1,0,1,2,1,1,1,0,5,59,71,1,1,74,61
,595,0,0,0,0,0,0,0,1,0,1,1,1,0,1,1,0,0,1,66,1,1,0,1,0,1,1,0,0,4,0,1,0,2,1,1,1,1,3,3,7,4,1,4,4,4,6,5,3,5,3,1,13,8,4,1,19,9,12,22,1,12,20,1,3,15,0,0,1,0,2,6,7,1,0,1,0,2,0,1,2,0,0,0,0,2,1,1,1,0,3,30,49,0,0,39,42
,600,0,1,0,0,0,1,0,1,1,2,1,1,1,1,1,0,1,1,38,1,0,0,0,2,1,1,0,0,1,0,0,0,2,0,1,1,2,3,4,4,7,1,7,6,8,10,8,4,9,8,2,21,11,6,2,25,11,16,30,1,10,17,1,3,14,0,0,1,0,1,5,4,1,0,0,0,2,0,1,1,0,0,0,0,2,2,1,0,0,2,20,30,0,0,25,42
,605,0,0,0,0,0,1,0,1,1,1,1,0,0,1,1,0,1,1,23,1,0,0,1,0,1,0,1,0,1,1,1,1,3,0,3,3,4,6,12,8,11,3,12,10,17,18,17,7,13,10,4,36,15,8,2,34,12,19,31,1,11,15,1,2,11,0,0,1,0,1,4,4,1,0,0,0,1,0,0,1,8,0,0,0,1,2,1,0,0,3,9,21,0,0,13,18
,610,0,0,0,0,0,1,0,0,1,1,1,1,0,1,1,0,0,1,18,1,0,0,1,0,2,0,0,0,1,1,0,2,4,1,4,5,8,10,12,12,15,4,22,16,28,28,22,11,14,14,6,46,19,11,3,40,13,20,30,1,11,13,1,3,7,0,0,1,0,1,1,4,1,0,0,0,1,0,0,1,0,0,0,0,1,1,2,0,0,1,5,15,1,0,11,11
,615,0,0,0,0,0,0,0,0,0,1,1,1,0,0,0,0,1,1,13,1,0,0,1,0,2,1,1,0,2,2,2,2,5,1,5,10,16,18,19,21,26,7,32,27,40,43,35,17,17,19,7,58,23,12,3,39,12,20,27,1,10,9,0,2,6,0,0,1,0,1,2,2,1,0,0,0,1,0,0,1,0,0,0,0,1,0,0,0,0,2,3,16,0,1,7,10
,620,0,0,0,0,0,0,0,2,0,1,1,3,0,1,0,0,1,1,8,1,0,0,1,2,2,1,1,1,4,2,3,2,9,4,10,17,22,27,33,41,44,12,56,42,65,65,56,27,18,23,10,68,24,14,3,41,10,16,22,1,9,7,0,1,4,0,0,0,0,0,1,0,0,0,0,0,1,0,0,0,0,0,0,0,4,0,0,0,0,0,0,10,0,0,3,7
,625,0,0,0,0,1,0,2,0,0,1,1,0,0,0,1,3,1,1,8,1,1,1,2,1,3,1,2,2,6,4,4,4,14,6,17,30,45,50,58,73,74,19,90,69,96,94,91,39,17,25,10,71,27,12,3,35,9,14,17,1,7,5,0,1,2,0,0,1,0,0,1,0,0,0,0,0,1,0,1,0,0,0,0,0,4,2,0,0,0,0,0,14,0,0,4,5
,630,0,0,0,0,0,1,0,0,1,1,1,1,1,1,1,0,0,3,7,5,1,2,3,2,5,2,5,4,10,7,8,11,25,12,30,54,77,86,95,110,110,30,127,91,127,125,121,49,14,26,9,75,21,11,2,26,7,8,14,0,5,2,0,1,3,0,0,0,0,0,2,2,0,0,0,0,0,0,0,0,0,0,0,0,0,0,1,0,0,0,0,9,0,1,0,6
,635,0,0,0,0,0,1,0,0,1,1,4,1,1,1,1,1,1,1,3,3,3,2,4,3,6,4,10,7,17,11,12,12,40,19,44,84,106,118,129,146,132,40,155,109,151,140,143,56,13,24,8,62,19,9,2,21,5,7,10,0,3,1,0,2,0,0,0,1,0,0,10,0,1,0,0,0,0,0,0,0,0,0,0,0,1,0,0,0,0,0,0,6,0,0,18,7
,640,0,0,1,0,0,1,0,0,1,5,2,1,0,1,1,1,2,3,5,3,3,4,7,6,10,7,11,12,28,22,20,19,62,32,64,128,153,167,175,190,159,49,187,120,173,156,159,62,10,22,7,52,16,8,2,19,4,6,7,0,3,1,0,1,0,0,0,0,0,0,0,0,0,0,0,0,4,0,0,0,0,0,0,0,0,0,0,0,0,0,0,7,0,0,0,2
,645,0,0,1,0,0,1,3,1,1,2,2,1,2,2,2,2,3,3,3,6,6,7,10,12,19,11,21,19,47,36,38,35,100,54,86,189,214,220,218,244,170,55,194,129,173,147,161,64,7,16,6,36,13,6,2,12,4,3,3,0,4,1,0,0,0,0,0,1,0,0,0,0,0,0,0,0,1,0,0,1,0,0,0,0,0,0,0,0,0,0,0,5,0,1,0,3
,650,0,0,0,0,0,2,1,2,3,2,4,3,4,2,3,3,3,4,1,10,11,15,18,21,28,17,35,36,81,60,63,65,160,98,112,260,266,275,235,271,178,56,203,124,153,139,147,57,6,13,4,30,9,4,1,9,5,3,4,0,2,1,0,0,0,0,0,1,0,0,0,0,0,0,0,0,1,0,0,0,0,0,0,0,0,0,0,2,0,0,13,6,0,0,0,2
,655,0,0,0,0,0,3,2,2,4,4,6,4,6,3,6,8,5,5,1,17,18,22,30,33,46,27,55,56,122,100,98,102,215,147,127,307,281,287,252,277,164,54,192,114,137,112,140,50,4,9,3,22,8,3,1,6,6,1,3,0,6,0,0,0,1,0,0,0,0,0,0,0,0,0,0,0,4,0,0,1,0,0,0,0,0,2,0,0,0,0,0,5,0,0,0,4
,660,0,0,0,0,0,5,2,3,5,6,7,6,9,5,8,7,8,9,0,25,27,34,45,51,67,42,82,89,175,146,140,143,273,202,133,351,307,297,243,261,150,50,163,106,121,90,118,43,3,7,2,13,5,2,1,13,1,0,0,0,3,0,0,0,0,0,0,1,0,0,2,0,0,0,0,0,5,0,0,0,8,0,0,0,3,0,1,0,0,0,0,8,0,0,0,3
,665,0,0,1,0,1,11,4,5,12,8,11,12,14,7,14,13,13,13,2,40,48,55,68,78,105,68,127,135,248,206,214,210,313,289,132,358,299,278,226,241,130,44,138,80,95,73,93,33,3,4,2,10,5,1,0,14,1,0,0,0,2,0,0,0,0,0,0,1,0,0,0,0,0,0,0,0,0,0,0,1,0,0,0,0,0,0,0,0,0,0,0,6,0,0,0,0
,670,1,1,1,1,1,12,7,8,12,14,17,21,26,14,22,24,22,22,0,67,77,90,115,129,169,108,193,217,343,301,303,287,346,359,118,352,274,245,182,199,117,34,105,61,67,50,66,23,1,3,2,5,3,2,0,1,1,0,0,0,1,1,0,0,0,0,0,1,0,0,0,0,0,0,0,0,1,0,0,0,0,0,0,0,0,0,0,0,0,0,0,7,0,1,0,2
,675,1,1,2,1,2,20,11,12,20,22,28,31,40,20,35,35,39,35,0,103,117,141,170,179,221,162,254,290,396,362,366,369,366,419,101,328,237,209,148,161,80,27,74,45,50,54,53,19,2,1,1,2,3,2,0,2,1,0,0,0,1,0,0,0,0,0,0,1,0,0,0,0,0,1,0,0,0,0,0,0,0,0,0,0,0,0,1,0,0,0,0,5,0,0,0,12
,680,1,2,2,2,2,31,18,21,32,34,46,49,62,31,52,55,58,54,0,154,167,202,234,248,291,221,319,357,450,424,436,404,317,433,82,284,195,171,129,119,59,20,57,33,37,29,33,20,2,1,1,2,3,1,0,0,0,0,0,0,0,0,0,0,0,0,0,1,0,0,0,0,0,1,0,0,0,0,0,0,0,0,0,0,0,0,0,0,0,0,0,6,0,0,0,1
,685,2,3,4,3,4,51,28,35,49,58,67,77,102,49,81,85,90,86,27,218,233,273,290,306,333,292,351,408,447,451,450,430,285,428,64,222,150,136,91,95,48,15,39,27,27,21,26,11,1,0,0,0,2,1,0,1,2,0,0,0,1,0,0,0,0,0,0,1,1,0,0,0,5,1,1,2,0,0,0,1,0,0,0,0,0,0,0,6,0,0,0,10,0,0,0,0
,690,5,6,6,5,6,80,45,49,76,83,100,117,150,78,124,131,142,128,0,306,304,349,359,356,366,355,386,464,440,460,458,434,238,393,50,182,113,104,65,69,35,11,32,19,19,16,17,7,1,0,0,0,8,1,0,1,0,11,0,0,2,0,0,1,0,0,0,0,0,0,0,0,0,0,0,0,0,0,0,0,0,0,0,0,0,0,1,0,0,0,0,5,0,2,0,35
,695,8,8,9,9,9,129,72,79,130,133,170,189,248,122,216,215,219,212,0,388,399,417,406,385,371,411,391,463,378,399,413,393,182,346,37,138,77,71,51,48,25,7,20,15,32,10,14,7,1,0,0,0,3,0,0,0,1,0,0,0,2,0,0,0,0,0,0,1,0,0,0,0,0,0,0,0,1,0,0,2,0,0,0,0,0,0,1,0,0,0,0,11,0,1,0,0
,700,13,13,14,14,14,205,112,124,187,200,263,289,351,189,311,330,345,309,0,462,450,465,419,381,352,430,350,436,321,347,371,342,144,286,24,98,57,51,34,34,16,5,16,12,8,8,9,4,1,0,2,0,11,0,0,0,0,0,0,0,1,0,0,6,0,0,0,0,1,0,0,2,0,0,0,0,1,0,0,8,0,0,0,0,0,0,1,0,0,0,0,8,0,1,0,0
,705,20,21,20,20,22,291,163,189,291,298,374,394,474,283,413,449,468,440,0,506,455,464,393,367,323,423,310,371,251,295,313,271,109,218,19,69,41,41,29,26,14,4,7,9,23,4,4,4,2,0,0,0,2,0,0,18,1,0,0,0,0,0,0,0,0,0,0,1,0,0,0,0,0,1,0,0,0,0,0,1,0,0,0,0,0,0,1,0,0,0,0,13,0,1,0,4
,710,31,30,29,31,31,394,237,261,410,399,506,517,616,386,575,603,588,585,0,488,438,416,343,304,257,366,243,305,194,226,227,215,83,158,15,42,25,27,18,32,11,8,4,8,3,7,8,2,1,0,0,0,0,0,0,1,1,0,0,0,2,0,0,0,0,0,0,1,0,0,0,26,0,0,0,0,0,0,0,1,13,0,0,0,0,0,1,0,0,0,0,5,0,0,0,4
,715,46,48,48,50,50,548,347,377,563,567,637,663,699,527,729,727,736,743,0,417,373,342,264,220,180,279,172,212,133,138,159,145,50,114,7,31,18,18,10,9,7,1,4,6,6,2,0,3,1,5,0,0,2,5,0,1,1,0,0,0,0,0,0,0,0,0,0,1,0,0,0,0,7,0,0,0,0,0,3,1,0,0,0,0,0,0,1,0,0,0,0,13,0,1,0,6
,720,71,67,69,71,71,681,458,502,697,717,782,756,766,636,829,819,828,865,0,366,300,274,202,169,141,217,123,172,103,111,109,104,38,75,7,23,14,13,8,5,8,2,3,6,3,1,1,1,1,0,0,0,2,0,0,12,0,0,0,0,1,0,0,0,0,0,0,1,0,0,0,0,0,0,1,0,2,0,0,1,0,1,0,0,0,0,1,0,0,20,0,10,0,1,0,0
,725,103,97,99,102,102,817,594,648,842,828,893,839,809,763,913,887,903,963,0,313,255,220,165,135,108,182,98,122,75,79,86,78,26,57,5,15,8,7,7,7,4,1,0,4,3,5,0,1,1,0,0,0,0,0,0,0,1,0,0,0,0,0,0,0,0,0,0,1,0,0,0,18,0,0,0,0,1,0,0,8,0,0,0,0,2,0,1,0,0,25,0,12,0,1,0,4
,730,148,148,143,147,150,948,751,775,991,976,972,896,832,870,959,946,926,1042,0,262,210,177,125,106,86,146,72,93,55,66,69,57,25,45,3,10,4,5,3,3,5,1,5,3,1,2,0,3,1,0,0,0,2,0,0,0,1,0,0,0,1,0,0,0,0,0,0,1,0,0,2,0,0,0,0,0,0,0,0,1,0,0,0,4,0,0,1,0,0,0,0,11,0,1,0,1
,735,218,216,213,219,218,1051,919,936,1086,1069,1009,905,800,962,1001,947,932,1058,0,216,163,139,105,81,71,112,58,81,39,47,47,48,17,30,4,5,3,8,2,10,4,0,5,3,0,1,0,11,2,0,0,0,2,1,0,0,0,0,0,0,15,0,0,5,0,0,0,1,0,0,0,0,0,0,1,0,1,0,0,2,0,0,0,0,0,0,0,0,0,0,0,2,0,1,0,0
,740,335,327,333,341,336,1066,1035,1038,1128,1091,961,844,674,937,913,824,813,964,0,150,121,100,70,58,49,75,38,61,28,33,32,30,18,16,1,2,9,4,4,2,2,0,3,0,1,3,27,2,1,0,0,0,11,1,0,0,0,0,0,0,1,0,0,0,0,0,0,1,0,0,0,0,0,0,0,0,0,0,0,0,0,0,0,0,0,0,1,0,0,0,0,1,0,0,48,0
,745,463,453,462,459,455,1011,1091,1071,1058,1060,890,742,555,879,818,742,708,851,0,121,93,69,50,38,41,54,30,36,25,23,26,20,30,19,3,5,0,7,10,3,6,0,0,6,0,0,0,1,2,0,0,0,3,0,0,0,0,0,0,0,15,0,0,0,0,0,0,1,0,0,6,0,0,1,0,0,0,0,0,0,0,0,0,0,0,0,6,0,0,0,0,17,0,1,0,0
,750,608,601,606,614,604,921,1067,1051,974,912,746,643,478,795,698,612,596,726,0,91,72,50,41,29,29,44,21,23,13,17,16,17,8,6,1,0,0,0,4,0,1,0,26,4,0,0,0,0,1,0,0,0,0,0,0,0,3,0,0,0,6,0,0,0,0,0,0,1,0,0,0,0,0,1,1,0,0,0,0,1,0,1,0,0,0,0,1,0,0,0,0,15,0,1,0,0
,755,815,776,786,799,794,749,950,908,816,761,603,499,339,637,533,478,458,582,0,64,48,34,29,13,20,27,11,23,12,11,12,10,11,3,2,0,0,0,1,0,0,0,0,0,0,0,0,1,0,0,0,0,16,2,2,0,17,0,0,0,0,0,0,0,0,0,0,6,0,0,0,0,0,4,0,0,0,0,0,8,0,1,0,0,0,0,0,0,0,0,0,41,1,0,0,2
,760,1024,991,978,1008,1006,592,833,786,645,618,483,375,269,532,414,374,346,436,0,40,33,24,20,13,19,24,12,7,9,0,6,9,9,1,1,0,0,9,6,0,0,0,0,4,0,4,0,3,3,0,0,0,1,1,0,0,1,0,0,0,3,0,0,0,0,0,2,2,0,0,0,0,1,1,0,0,2,0,1,0,0,0,0,0,24,0,1,0,1,0,0,22,0,1,0,5
,765,1192,1155,1167,1187,1146,450,654,609,497,446,347,261,179,394,303,246,251,312,0,36,21,8,14,0,19,9,11,1,7,1,1,0,10,0,0,0,0,0,0,0,3,0,1,7,0,8,0,0,21,0,0,0,5,0,0,0,3,30,0,0,0,0,0,0,0,0,0,8,0,0,0,0,0,1,1,0,0,0,0,0,0,1,0,0,0,0,1,0,0,0,0,25,1,2,0,5
,770,1356,1286,1287,1312,1259,347,520,478,382,366,269,208,136,305,213,173,181,226,0,41,17,6,13,0,9,8,6,24,8,2,2,0,39,0,0,0,0,0,0,0,3,1,0,8,0,1,0,4,1,0,0,0,2,0,0,0,2,0,0,0,36,0,0,3,0,0,1,2,0,0,0,0,0,1,1,0,0,0,8,0,0,1,0,0,0,0,1,0,0,0,0,43,0,8,0,6
,775,1394,1319,1304,1331,1298,290,423,388,298,284,228,160,102,232,171,143,146,173,106,16,13,6,10,0,13,7,10,0,0,3,3,0,17,31,0,0,0,3,61,0,3,0,0,3,8,7,0,0,3,0,1,0,3,0,0,0,2,36,0,0,4,0,0,0,0,2,1,2,0,0,0,0,0,1,1,0,3,0,0,1,0,0,0,0,0,0,0,0,0,0,0,40,0,3,0,6
,780,1356,1268,1280,1307,1275,189,310,271,203,190,175,98,71,148,122,94,100,128,0,10,0,0,11,2,10,5,0,0,0,0,0,0,7,0,24,0,0,0,0,0,3,0,0,50,5,3,59,4,4,14,0,0,6,3,0,4,4,0,0,0,4,0,0,0,0,2,0,9,0,0,0,0,0,1,6,0,3,0,1,6,0,3,0,0,2,0,1,0,0,0,0,192,1,2,0,101
,785,1254,1133,1147,1169,1145,127,218,192,148,135,102,75,43,113,83,64,74,89,0,4,6,0,1,0,9,6,0,0,0,0,3,0,9,0,0,0,0,5,4,0,0,0,44,7,0,67,3,5,3,0,1,0,3,0,0,54,0,0,0,0,7,0,0,0,0,0,1,3,0,23,0,0,0,1,1,0,0,0,2,0,0,0,0,1,0,0,1,0,1,0,0,57,1,2,0,0
,790,1089,994,1024,1032,994,98,153,142,101,101,77,54,38,109,59,49,48,61,0,6,0,0,5,0,12,5,0,0,12,0,0,0,19,0,0,0,0,0,73,0,0,0,0,4,0,6,0,3,0,0,0,0,0,0,0,0,37,0,0,0,3,0,0,0,0,0,1,4,0,0,0,0,0,2,0,0,0,0,0,1,0,0,0,0,0,0,2,28,0,0,0,52,1,2,0,8
,795,938,865,877,892,859,71,127,106,77,78,65,32,27,63,46,33,34,50,0,8,0,31,7,0,16,0,0,0,1,0,0,0,15,30,0,0,48,0,3,0,0,4,4,21,0,0,0,0,0,0,0,0,6,2,0,0,43,0,0,0,0,0,0,0,0,0,0,3,0,0,0,0,28,3,0,0,3,0,0,0,0,1,0,0,0,0,0,0,1,0,0,80,3,2,0,9
,800,778,707,700,716,687,54,92,78,57,55,46,29,15,46,41,23,27,45,0,10,0,0,2,0,19,2,0,0,0,0,0,0,7,0,35,0,0,0,9,0,20,0,0,6,0,2,0,43,4,0,0,0,1,2,0,0,0,0,0,0,7,0,0,0,0,0,1,4,0,0,0,0,0,2,1,0,5,1,0,0,0,3,0,0,0,0,4,0,1,0,0,55,0,2,0,0
,805,550,496,512,520,499,33,52,53,43,43,44,15,4,27,30,11,10,23,0,14,0,0,2,0,12,0,0,0,0,0,0,0,7,0,0,0,37,3,0,0,77,0,0,8,7,23,0,0,5,0,0,0,8,0,0,0,6,0,0,0,16,0,7,0,0,0,1,4,0,0,0,0,0,1,0,0,2,0,0,1,0,1,0,0,0,0,3,0,1,0,0,66,1,1,0,0
,810,433,403,380,406,397,29,46,40,35,42,30,12,0,20,20,13,11,18,27,4,0,0,4,0,6,39,0,0,60,0,0,0,71,0,0,0,0,0,0,0,11,0,88,9,2,0,0,6,4,0,0,0,61,28,0,0,1,0,0,0,0,0,0,29,0,0,0,4,0,0,0,0,0,2,1,0,0,0,0,0,0,2,0,0,0,0,4,0,1,0,0,23,0,2,0,11
,815,327,290,306,309,302,15,27,24,18,71,26,22,0,16,18,4,4,26,0,1,0,0,7,0,17,0,0,0,9,0,0,0,20,0,0,0,0,6,16,5,5,0,0,12,106,5,0,10,9,22,0,0,2,3,0,0,11,0,0,5,5,0,5,0,0,0,1,6,0,0,0,0,0,2,0,0,4,0,0,0,0,0,0,0,0,0,10,0,1,0,0,31,2,5,0,0
,820,248,224,229,218,210,25,14,22,62,17,23,12,1,14,20,3,8,16,0,5,1,0,0,0,11,31,26,0,2,0,0,0,19,0,0,0,0,0,0,0,6,0,0,2,0,2,0,6,9,0,0,0,0,1,0,0,0,0,0,0,0,0,0,0,0,0,0,3,0,0,0,0,0,0,0,0,0,0,21,0,0,3,0,25,9,0,4,0,1,0,0,88,3,0,0,7
,825,168,150,165,158,165,5,20,19,6,30,25,11,11,7,16,3,41,9,0,12,0,0,2,0,31,2,87,0,0,0,0,0,29,0,0,0,0,2,9,0,0,0,121,8,0,0,0,7,8,0,0,0,13,4,0,0,8,0,0,0,9,0,0,0,0,0,1,6,0,0,0,0,0,2,0,0,0,1,3,4,0,1,0,0,0,22,29,0,1,0,0,78,25,3,0,0
,830,142,107,116,109,129,19,9,2,10,18,24,1,0,20,6,0,0,26,0,22,0,0,0,0,12,0,3,0,21,0,0,0,12,0,0,58,0,0,16,0,0,0,0,38,0,57,0,16,8,0,0,0,0,4,2,0,8,0,0,0,0,0,0,2,0,0,2,10,0,0,0,0,0,4,0,21,0,1,27,0,0,9,1,0,0,0,8,0,2,0,0,102,0,8,9,0
,835,95,87,100,90,96,13,0,9,11,32,22,19,0,12,27,0,0,4,0,0,0,0,12,0,33,4,0,0,5,0,0,0,39,0,4,0,0,0,27,0,214,0,1,28,34,0,0,151,16,0,3,0,13,70,12,0,13,0,0,0,5,0,0,0,0,0,2,5,0,0,0,0,0,0,4,0,0,1,0,12,0,10,0,0,0,0,4,0,2,0,0,154,6,11,0,183
,840,50,62,78,63,74,12,0,11,9,43,21,0,0,17,12,0,11,5,0,28,0,0,14,0,49,0,0,0,0,0,0,0,52,0,0,0,0,0,0,0,19,1,0,7,0,29,0,0,16,82,0,0,37,0,0,0,11,0,0,0,1,0,0,0,0,0,0,14,21,0,22,0,0,9,7,0,21,1,0,0,0,9,0,29,0,0,14,0,3,0,0,268,0,14,0,43
,845,15,43,66,36,47,7,19,13,227,75,21,11,0,0,33,0,0,9,0,32,0,0,22,0,47,0,0,0,313,0,0,0,422,256,41,0,0,0,0,0,30,14,0,56,13,0,0,65,63,0,86,0,9,14,0,21,0,0,0,0,2,0,18,0,0,23,3,30,0,0,0,0,0,0,18,0,0,3,0,0,0,18,0,0,0,0,16,0,3,0,0,181,7,4,0,292
,850,0,0,50,0,77,0,0,29,0,56,144,0,0,37,12,0,7,0,0,64,0,0,60,0,104,0,0,0,3,0,0,0,124,0,342,0,0,37,0,53,135,235,3,197,0,0,0,85,42,0,0,0,74,0,57,0,30,0,0,37,0,0,0,0,0,0,26,24,0,0,0,0,0,26,23,0,9,27,0,25,0,30,28,0,0,0,0,0,34,0,0,728,0,38,0,0
,,,,,,,,,,,,,,,,,,,,,,,,,,,,,,,,,,,,,,,,,,,,,,,,,,,,,,,,,,,,,,,,,,,,,,,,,,,,,,,,,,,,,,,,,,,,,,,,,
Read 5:EM Spectrum,,,,,,,,,,,,,,,,,,,,,,,,,,,,,,,,,,,,,,,,,,,,,,,,,,,,,,,,,,,,,,,,,,,,,,,,,,,,,,,,,,,,,,,,,,,,,,,,,
,,,,,,,,,,,,,,,,,,,,,,,,,,,,,,,,,,,,,,,,,,,,,,,,,,,,,,,,,,,,,,,,,,,,,,,,,,,,,,,,,,,,,,,,,,,,,,,,,
,Wavelength,A1,A2,A3,A4,A5,A6,A7,A8,A9,A10,A11,A12,B1,B2,B3,B4,B5,B6,B7,B8,B9,B10,B11,B12,C1,C2,C3,C4,C5,C6,C7,C8,C9,C10,C11,C12,D1,D2,D3,D4,D5,D6,D7,D8,D9,D10,D11,D12,E1,E2,E3,E4,E5,E6,E7,E8,E9,E10,E11,E12,F1,F2,F3,F4,F5,F6,F7,F8,F9,F10,F11,F12,G1,G2,G3,G4,G5,G6,G7,G8,G9,G10,G11,G12,H1,H2,H3,H4,H5,H6,H7,H8,H9,H10,H11,H12
,500,1,1,1,1,1,2,3,2,3,4,2,3,4,3,3,2,2,4,44,3,4,2,3,4,3,2,3,2,3,2,4,3,5,4,6,4,6,7,7,7,5,5,5,6,4,3,6,8,7,2,7,7,2,9,8,12,7,6,0,6,1,3,1,3,2,1,1,20,1,1,0,18,2,2,4,0,4,2,2,4,0,1,2,1,1,1,2,2,4,15,27,26,1,1,27,29
,505,1,1,1,1,1,3,3,2,3,2,2,2,3,2,2,3,2,4,74,4,3,3,2,2,4,5,3,2,5,4,3,4,3,6,5,6,7,8,6,4,6,5,6,6,6,5,4,4,9,1,5,4,2,9,10,11,4,4,0,10,1,2,1,4,3,1,1,18,1,1,0,20,2,3,2,0,3,3,3,4,0,2,2,2,1,1,2,3,2,10,52,52,1,2,60,50
,510,1,1,1,1,1,2,2,4,3,1,3,4,1,2,3,2,2,2,163,3,2,3,3,2,4,2,4,2,4,4,3,3,3,3,5,4,4,4,7,6,8,8,4,6,4,5,5,8,6,2,5,6,2,9,11,9,4,3,0,7,1,2,1,3,3,1,1,11,1,1,0,19,1,2,3,0,4,2,4,4,0,2,1,2,1,1,1,2,2,8,89,102,1,1,111,102
,515,1,1,1,1,1,4,2,3,2,4,3,2,1,2,1,3,3,2,386,3,3,3,3,2,5,3,3,3,3,3,4,5,3,3,4,5,6,6,4,3,5,7,5,8,3,3,4,5,5,2,6,4,2,9,10,10,4,5,0,6,1,3,1,3,2,1,1,27,1,1,0,11,2,3,3,0,4,3,2,3,0,1,1,1,1,1,2,3,2,11,221,257,0,1,265,258
,520,1,1,1,1,1,3,2,2,3,2,3,2,1,2,2,2,5,3,788,3,3,2,3,5,4,2,3,1,5,3,3,2,2,2,4,3,5,5,5,4,10,7,5,5,4,2,4,4,8,1,4,6,1,6,7,11,3,3,0,5,0,1,1,5,1,1,1,8,1,1,0,21,1,1,3,0,2,3,2,3,0,1,2,1,1,1,2,2,2,14,425,526,0,2,542,516
,525,1,1,1,1,1,2,1,3,2,3,2,2,2,1,3,3,3,4,1432,2,2,2,2,1,2,3,2,3,2,4,4,4,2,4,7,2,3,6,3,6,4,11,5,4,3,4,3,6,8,2,5,5,2,4,5,6,3,2,0,9,1,2,1,5,2,1,1,7,1,1,0,10,1,3,3,0,2,3,2,2,0,2,3,1,0,1,1,3,2,16,765,934,0,1,956,881
,530,1,1,1,1,1,4,1,1,2,1,1,3,3,1,1,2,3,2,2516,2,2,1,2,2,2,3,3,2,2,2,2,4,2,2,4,5,5,4,3,5,3,5,5,7,4,2,6,3,3,1,3,4,1,8,11,9,4,4,0,10,1,2,1,2,2,1,1,8,1,1,0,9,2,1,3,0,3,3,2,3,0,1,2,2,1,1,1,3,2,10,1309,1677,1,2,1657,1616
,535,0,0,1,0,1,1,1,1,2,1,1,3,2,1,3,2,1,3,3660,1,1,2,3,4,2,2,4,1,2,1,3,3,2,3,3,5,3,5,5,6,6,3,2,3,2,2,3,5,7,2,6,5,1,13,9,5,5,1,0,7,0,1,0,1,2,0,1,7,1,0,0,16,2,3,2,0,2,3,2,2,0,2,1,1,1,1,1,3,2,9,1889,2422,1,3,2400,2291
,540,0,1,1,1,1,2,1,2,1,2,3,2,1,2,2,2,1,3,4163,1,3,2,2,2,1,1,2,2,2,1,3,1,1,1,5,5,5,3,5,4,3,6,2,3,2,3,2,2,8,2,2,2,2,2,7,4,5,3,0,8,1,1,1,4,1,0,1,12,1,1,0,15,2,1,1,0,2,3,2,2,0,3,2,1,1,1,2,4,3,18,2246,2748,1,6,2794,2619
,545,1,0,1,0,1,4,2,2,1,2,1,3,0,2,1,1,2,2,4180,1,1,2,1,1,3,1,1,2,4,1,1,1,4,3,6,1,5,5,4,1,3,4,2,5,5,1,2,4,1,1,3,2,2,7,4,7,5,1,0,3,1,1,1,2,1,0,1,4,0,1,0,18,1,3,2,0,4,2,3,3,0,3,2,3,1,2,2,4,7,23,2282,2884,1,4,2924,2660
,550,1,1,0,0,0,1,2,1,1,2,3,2,0,1,2,1,2,3,3793,1,2,4,1,1,2,2,0,2,1,0,1,3,1,2,2,1,2,4,3,5,3,5,1,2,4,1,1,2,6,0,5,4,2,6,4,6,1,3,0,4,0,1,0,3,1,0,0,14,1,1,0,16,2,2,3,0,4,3,3,3,0,2,4,2,1,1,3,3,4,19,2047,2588,1,6,2551,2363
,555,1,0,0,0,1,2,1,1,2,3,1,1,1,1,1,1,1,1,2686,1,3,1,1,1,2,1,1,1,2,1,4,2,3,1,3,2,2,3,2,4,4,2,2,3,3,2,2,3,3,0,2,2,2,4,4,5,2,1,0,5,0,1,1,2,2,0,1,7,1,0,0,13,3,5,2,0,4,3,3,3,0,4,3,2,1,1,4,4,4,24,1538,1931,1,4,1848,1763
,560,0,1,0,0,1,1,1,1,1,1,1,1,2,1,2,1,1,2,1794,2,2,1,1,1,1,1,1,0,2,1,2,4,2,1,6,2,3,3,1,2,4,2,1,2,2,2,3,2,8,1,3,1,1,2,3,4,1,2,0,3,0,1,1,2,2,1,1,10,1,1,0,16,3,3,3,0,4,4,3,5,0,3,3,2,2,2,3,4,6,23,1004,1283,1,4,1276,1183
,565,0,0,0,0,1,1,1,1,1,1,1,1,0,1,0,1,2,1,1203,1,1,1,1,1,2,1,1,1,2,3,3,1,1,1,3,3,2,2,1,2,3,2,2,2,2,1,1,0,3,1,2,3,1,3,4,4,2,2,0,4,0,1,1,3,2,1,2,13,1,1,0,19,3,4,3,0,4,4,5,4,0,3,3,2,1,1,3,3,4,23,706,869,1,3,856,829
,570,0,0,0,0,0,1,1,1,1,1,1,1,0,1,0,1,1,1,783,1,3,1,1,1,1,1,1,0,1,1,1,1,1,1,2,1,2,2,1,2,3,2,2,3,2,2,6,2,3,2,3,2,1,4,4,5,2,2,0,5,1,2,1,3,2,1,1,17,1,1,0,20,3,4,4,0,3,3,3,3,0,3,4,2,1,1,3,4,4,17,435,573,1,3,559,534
,575,0,0,0,0,0,1,2,1,1,0,1,1,0,1,1,1,1,1,448,3,1,1,1,1,1,1,0,0,2,1,3,1,0,1,3,1,2,2,2,5,3,2,1,2,2,2,2,1,4,0,4,2,2,2,6,4,4,3,0,6,1,2,1,7,3,1,1,20,1,1,0,22,2,3,3,0,3,3,2,3,0,2,2,2,1,1,2,2,4,15,255,333,1,2,333,308
,580,1,0,0,0,0,1,0,1,1,1,1,1,0,1,0,1,0,1,253,1,1,2,1,1,1,1,1,0,1,1,1,1,1,1,2,1,2,2,2,1,3,2,2,2,2,2,1,2,5,1,3,2,2,5,6,6,5,4,1,8,1,3,1,7,3,1,2,19,1,1,0,20,2,3,4,0,2,2,2,2,0,2,2,1,1,1,1,2,3,10,153,190,0,1,188,181
,585,0,0,0,0,0,3,0,2,1,1,1,1,0,1,0,0,0,1,142,1,1,1,1,1,2,1,1,2,1,0,0,1,1,1,3,2,2,3,1,2,4,3,2,3,5,2,1,2,9,1,9,4,2,8,9,13,8,10,1,14,2,5,2,7,4,1,2,24,1,1,0,15,1,2,3,0,2,2,2,2,0,1,1,1,0,1,1,2,2,10,90,106,0,1,110,102
,590,0,0,1,0,0,1,0,2,1,1,1,1,0,1,0,1,0,1,95,1,2,1,1,1,1,0,0,1,2,0,0,1,1,0,3,1,2,3,2,2,5,2,6,5,4,3,2,2,12,1,6,7,4,10,14,17,12,9,1,19,1,4,2,9,3,2,1,17,1,1,0,17,1,1,3,0,1,2,2,2,0,1,1,1,0,1,1,2,2,8,61,69,0,1,69,67
,595,0,0,0,0,0,1,0,1,2,0,2,0,0,0,0,1,0,1,58,1,1,0,1,1,1,1,0,0,1,0,0,0,1,1,4,2,3,3,3,3,5,3,6,5,4,4,5,5,20,3,10,10,5,18,22,25,16,12,1,25,2,5,2,9,3,1,1,17,1,1,0,12,2,1,4,0,3,1,1,2,0,1,1,1,0,0,1,1,1,14,41,44,0,1,50,55
,600,0,0,0,1,0,1,0,1,1,2,1,1,0,1,0,1,0,1,36,1,1,0,1,1,2,1,1,0,1,0,0,1,1,1,5,2,4,4,5,5,8,6,6,10,8,6,8,10,30,6,18,16,8,30,38,34,22,16,1,30,2,4,2,8,4,1,1,12,1,1,0,9,0,1,2,0,1,1,1,1,0,1,1,1,0,0,0,1,1,4,24,28,0,0,32,26
,605,0,0,0,0,0,1,0,1,1,0,1,0,0,0,0,1,0,1,24,1,1,0,0,0,2,1,0,0,1,1,0,0,3,1,6,7,7,9,8,9,15,12,11,17,12,11,16,18,41,8,26,26,12,42,42,43,26,18,1,32,2,5,2,6,2,1,1,5,0,0,0,5,1,1,2,0,0,1,1,1,0,1,1,1,0,0,0,1,1,5,19,16,0,1,21,19
,610,0,0,0,0,0,1,0,1,0,1,1,1,0,1,0,0,0,1,19,1,1,0,0,0,1,1,1,0,1,0,1,1,7,2,9,6,11,12,13,14,22,22,18,35,21,17,27,30,51,12,38,32,15,52,50,50,26,17,1,34,2,3,1,6,2,1,1,9,1,0,0,5,1,1,1,0,1,1,1,1,0,1,0,0,0,1,0,1,1,3,11,12,0,1,16,15
,615,1,0,0,0,0,1,0,1,1,0,1,0,0,0,0,1,0,1,18,1,1,0,0,1,4,1,1,0,3,2,1,4,6,2,17,14,17,19,22,29,39,33,28,46,33,26,39,47,55,16,44,44,19,60,54,54,27,17,1,35,2,2,2,5,1,1,1,0,0,0,0,3,0,0,3,0,0,1,0,1,0,1,0,2,1,1,0,0,1,3,10,7,0,0,12,11
,620,0,0,0,0,0,0,2,1,1,0,1,0,0,3,0,1,0,1,22,1,1,1,1,1,2,2,1,1,3,2,1,3,10,3,29,19,28,34,39,43,62,55,47,76,56,40,69,69,61,20,55,50,20,61,50,49,21,19,1,30,2,2,1,3,1,1,0,2,0,0,0,4,0,1,1,0,0,1,2,1,0,1,0,1,0,0,0,1,1,3,7,16,0,0,10,9
,625,0,0,0,0,0,1,0,0,1,0,1,2,0,1,0,1,2,1,8,1,4,4,1,2,3,1,2,2,7,4,3,5,16,8,48,33,50,60,65,73,90,92,75,117,77,58,101,101,54,22,58,50,19,57,47,41,18,12,1,32,1,1,1,2,1,0,1,0,1,0,0,3,0,0,1,0,0,1,0,1,0,1,0,0,0,0,0,1,1,0,5,4,0,0,9,8
,630,0,0,0,0,0,1,0,0,1,1,1,2,0,1,0,1,0,1,8,2,3,2,3,3,4,3,4,8,11,8,8,8,33,13,84,65,85,98,109,117,133,138,108,153,100,70,135,129,46,20,56,50,16,50,39,34,11,8,1,17,1,1,0,1,1,0,0,0,0,0,0,3,0,1,0,0,0,0,0,1,0,0,0,0,0,0,0,2,1,2,20,0,0,0,5,4
,635,0,0,0,0,0,1,0,1,1,0,1,1,1,1,0,1,1,1,7,2,3,3,4,4,7,4,7,7,18,12,12,15,49,20,126,92,127,143,146,162,171,177,131,196,114,81,154,149,41,20,55,43,15,44,31,26,10,11,1,14,1,1,0,1,1,0,0,2,0,0,0,2,0,0,0,0,0,0,0,1,0,1,0,0,0,0,0,1,1,2,5,1,0,0,6,20
,640,0,1,0,0,0,1,0,1,2,0,1,1,1,1,1,1,1,3,4,3,4,5,5,7,11,5,13,11,30,22,21,20,77,36,183,140,180,198,198,209,198,215,148,206,126,85,169,158,41,18,44,37,12,34,23,20,6,9,0,10,1,1,0,1,1,0,0,0,0,0,0,1,0,0,1,0,0,0,0,1,0,0,0,0,0,0,0,0,0,0,5,0,0,0,7,9
,645,0,0,1,0,1,2,0,1,1,1,2,2,1,1,2,2,1,2,4,6,7,6,11,11,18,10,22,21,48,36,36,39,131,62,239,210,246,257,241,267,219,248,161,208,128,83,168,151,20,14,38,29,9,27,17,15,6,5,0,7,1,0,0,1,1,0,1,0,0,0,0,0,0,0,0,0,0,1,0,1,0,2,0,1,0,0,0,1,0,0,3,0,0,0,7,4
,650,0,0,0,0,0,3,1,1,3,2,3,3,3,2,2,3,3,4,6,10,15,14,18,21,28,17,35,37,85,71,64,70,207,108,302,281,301,303,265,288,218,253,157,200,113,73,159,137,16,10,27,29,8,18,12,11,3,3,0,8,1,0,0,0,1,0,0,0,1,0,0,0,0,0,0,0,0,0,0,4,0,1,0,0,0,0,0,0,5,0,4,0,0,0,4,4
,655,0,0,0,0,0,4,1,3,3,4,5,3,6,3,5,6,4,6,5,16,18,22,28,37,46,26,57,59,131,98,101,110,270,155,335,337,332,333,272,293,209,251,141,187,100,65,138,121,15,8,19,17,6,13,8,7,2,0,0,6,0,0,0,0,1,0,0,0,0,0,0,3,2,1,0,0,0,0,0,1,0,0,0,2,0,0,0,1,0,0,1,1,0,0,5,8
,660,1,1,0,0,0,6,2,4,6,5,10,8,11,6,7,12,7,9,7,26,28,35,46,52,69,44,89,92,188,149,146,157,333,217,349,376,348,331,261,278,192,224,125,155,83,53,116,95,8,7,15,11,4,11,4,6,2,7,0,4,1,0,0,7,1,0,2,0,0,0,0,0,0,0,0,0,0,0,0,1,0,0,0,1,0,0,0,0,0,2,23,0,0,0,4,3
,665,1,1,1,1,1,9,4,5,7,9,13,12,16,8,11,14,14,14,3,41,46,56,72,80,106,66,136,143,262,217,216,230,395,297,345,383,341,315,240,246,166,195,104,141,67,39,98,76,6,3,12,9,4,6,3,1,1,0,0,5,0,0,0,0,0,0,0,0,0,0,0,0,0,3,0,0,0,0,0,5,0,1,0,1,0,0,0,1,1,16,6,0,0,0,4,7
,670,1,1,1,0,1,16,7,10,15,14,17,20,28,14,21,23,24,23,2,65,76,99,121,124,160,110,210,221,368,316,302,321,435,391,307,363,298,279,194,201,125,146,78,101,48,28,68,51,3,2,7,6,3,3,3,2,6,0,0,3,0,0,0,0,1,0,0,0,0,0,0,0,0,5,0,0,0,0,0,1,0,3,2,0,0,0,0,1,1,1,1,0,0,0,2,3
,675,2,4,2,1,1,22,12,14,23,22,27,31,50,26,35,37,36,35,10,102,117,143,167,180,229,165,268,288,423,381,372,394,426,444,266,339,264,233,159,162,99,112,60,72,38,23,53,37,6,1,7,4,2,2,2,0,0,0,0,3,0,0,0,0,0,0,1,0,0,0,0,0,1,0,0,0,0,0,0,0,0,0,0,1,0,0,0,1,0,0,3,0,0,0,7,1
,680,3,2,2,2,2,35,15,22,34,33,41,50,71,34,56,60,56,55,3,158,169,209,237,240,280,230,334,365,464,426,417,459,393,459,217,296,215,187,127,127,77,87,55,51,30,15,35,27,1,1,5,4,2,0,1,0,0,0,0,2,0,0,0,0,1,0,0,0,0,0,0,0,0,0,0,0,0,1,0,1,0,1,0,1,0,0,0,1,1,0,7,0,0,0,2,5
,685,4,3,3,3,4,55,27,34,52,52,66,77,110,51,87,91,87,83,3,230,236,272,291,292,326,299,394,429,466,465,462,462,349,455,176,247,169,149,92,93,55,67,45,36,21,12,27,20,0,0,3,3,2,0,0,0,0,0,0,4,0,0,0,0,1,0,0,0,0,0,0,0,0,5,0,0,0,0,0,2,0,0,0,1,0,0,0,0,1,0,3,0,0,0,6,0
,690,8,6,5,5,7,86,40,53,82,88,102,119,168,82,127,136,139,132,11,294,311,349,355,328,362,362,413,460,444,465,439,464,288,428,135,189,134,115,75,70,40,44,23,29,17,10,19,13,20,0,2,0,3,0,0,0,0,0,0,2,0,0,0,0,1,0,0,0,1,0,0,0,0,0,0,0,0,0,0,0,0,0,0,1,0,3,0,1,2,5,9,0,0,0,7,8
,695,12,10,9,9,9,141,70,87,135,136,169,195,257,131,206,231,214,215,0,394,382,419,401,358,373,409,394,464,400,412,406,428,215,371,92,135,86,77,50,51,29,29,16,19,13,6,8,9,1,0,3,1,2,0,1,0,0,0,0,24,0,0,0,0,1,0,0,0,0,0,0,0,0,0,0,0,0,0,0,1,0,1,0,1,0,0,0,1,0,3,0,0,0,0,6,0
,700,14,15,14,15,15,220,109,137,203,212,258,291,380,199,314,331,337,313,0,456,426,460,417,372,345,420,375,433,333,353,355,352,167,296,71,98,69,55,35,38,23,44,11,14,7,4,10,2,0,0,2,0,1,0,0,0,0,0,1,0,1,5,0,0,6,0,1,0,1,0,0,2,0,0,0,0,0,0,0,2,0,1,0,1,0,0,0,1,0,0,2,0,2,0,9,7
,705,23,22,20,22,20,308,163,202,299,315,374,415,515,290,431,466,469,448,42,489,449,459,392,332,309,416,319,381,272,289,283,304,134,233,54,70,57,45,26,28,16,20,9,13,7,6,4,2,0,0,2,1,3,0,0,0,0,0,0,4,1,0,0,13,1,0,0,0,1,2,0,0,0,0,1,0,0,0,0,1,0,2,0,1,0,1,0,1,1,0,42,0,0,0,11,8
,710,33,35,30,33,33,433,235,281,419,436,493,550,650,414,588,618,597,588,4,479,430,422,345,287,254,359,258,297,207,218,221,232,88,185,35,49,42,32,19,18,14,9,8,4,6,4,0,0,0,0,5,0,2,0,0,0,0,0,0,3,1,0,0,0,1,0,0,0,0,0,0,0,5,1,0,0,0,0,0,1,0,0,0,1,0,0,0,1,3,0,3,0,0,0,11,12
,715,50,50,47,51,49,601,345,424,585,587,643,655,773,551,736,744,734,740,0,424,350,334,253,209,179,288,174,216,134,153,161,149,55,114,29,33,27,36,11,15,9,9,3,4,5,2,3,0,0,0,0,3,2,0,0,0,0,0,0,0,0,5,0,0,1,0,0,0,0,0,0,0,0,0,0,0,0,0,0,0,0,0,0,1,0,0,0,1,0,0,1,0,0,0,10,3
,720,74,74,72,76,68,756,466,556,723,747,759,774,832,671,827,858,810,853,0,356,296,272,200,161,134,226,127,166,93,106,110,106,37,80,19,22,18,18,9,9,8,7,0,4,4,3,1,0,0,0,2,2,1,0,1,0,0,0,0,0,0,0,0,0,1,0,0,0,1,0,0,2,0,0,1,0,0,0,7,1,0,0,0,0,0,0,0,1,1,0,6,0,0,0,16,5
,725,105,103,102,110,99,904,595,693,871,882,862,853,852,813,917,910,869,925,2,304,253,221,165,136,108,174,96,127,69,83,81,83,29,60,18,15,16,11,6,5,8,19,1,1,5,4,0,0,0,0,1,0,1,0,0,0,0,0,0,3,0,0,0,0,1,0,0,0,0,0,0,0,0,0,0,0,0,0,0,1,0,1,0,1,0,0,0,0,0,0,1,0,0,0,6,1
,730,154,151,145,155,146,1044,748,860,1017,1018,962,924,854,919,982,961,924,1008,43,270,206,170,127,98,86,141,81,95,58,62,61,63,23,45,14,14,14,11,4,5,9,6,0,3,3,2,2,0,0,0,5,0,2,15,0,0,0,0,0,0,1,0,0,0,0,0,0,0,0,0,0,0,0,0,0,0,0,0,0,1,0,1,0,1,0,1,0,0,1,0,4,0,0,0,11,7
,735,228,227,214,230,216,1127,907,1027,1154,1133,1012,915,834,1009,1009,966,895,1035,1,212,161,141,97,76,64,109,59,69,40,48,45,49,20,33,27,9,10,10,1,2,7,2,0,7,4,2,0,0,0,0,0,0,2,0,0,1,0,0,0,5,0,0,0,0,0,0,0,0,0,0,0,0,0,0,8,0,6,0,0,2,0,1,0,1,0,0,0,1,1,0,7,0,0,0,0,18
,740,350,335,329,349,328,1146,1033,1164,1152,1121,949,855,731,1024,913,844,786,950,7,153,121,98,70,56,48,78,48,65,30,33,31,30,12,25,15,29,10,7,1,0,3,0,0,1,1,2,0,0,0,0,1,0,2,23,0,0,0,0,0,3,1,0,0,0,1,0,5,0,0,1,0,0,0,1,2,0,0,0,0,11,0,1,0,1,0,0,0,1,5,7,6,0,0,0,6,9
,745,474,470,445,488,460,1062,1090,1193,1136,1068,874,778,607,956,809,747,696,833,15,117,87,71,51,46,36,56,31,33,22,17,25,29,9,21,11,3,15,35,0,24,7,0,0,1,4,3,2,0,0,0,24,24,3,0,0,0,0,0,0,0,1,0,0,0,3,1,0,0,3,0,0,0,0,0,0,0,0,1,0,0,0,1,0,1,1,0,0,2,10,0,15,0,0,0,6,10
,750,645,607,605,641,595,956,1048,1131,1024,961,758,655,497,865,696,620,572,738,4,93,67,50,38,31,24,48,20,27,19,16,12,16,6,12,18,1,10,10,5,0,12,0,0,0,7,2,0,0,0,0,24,2,1,0,0,0,0,0,0,38,1,1,0,21,2,0,2,0,1,0,0,0,0,1,0,0,0,1,0,2,0,1,0,1,1,6,0,2,1,0,11,0,0,9,17,0
,755,829,810,787,836,770,815,967,1028,851,795,608,506,390,727,537,484,436,565,93,76,55,38,28,22,21,32,14,35,12,4,8,12,2,5,51,0,10,5,0,32,10,1,0,0,4,3,0,0,0,0,1,0,13,0,0,0,0,0,2,0,1,0,0,0,0,0,1,0,1,0,0,0,0,0,0,0,0,0,0,4,0,1,0,1,0,0,0,2,0,0,2,0,0,0,23,13
,760,1062,1027,972,1059,967,654,854,878,703,655,480,391,274,599,428,368,343,419,17,45,37,29,14,17,38,22,9,8,9,8,6,11,0,33,13,30,9,5,0,36,8,4,0,0,4,3,40,0,0,0,7,0,4,0,0,0,0,0,0,0,2,0,0,0,2,0,0,0,2,0,0,0,0,0,0,0,0,0,0,3,0,13,0,3,0,0,0,1,22,0,7,0,0,0,22,15
,765,1268,1220,1161,1261,1145,474,679,675,529,471,329,279,193,436,286,256,244,303,11,31,20,17,16,12,11,18,13,4,0,0,0,0,0,2,14,0,3,10,0,0,13,8,33,0,0,0,0,0,0,0,3,1,4,0,0,0,0,0,0,0,1,0,0,0,2,0,1,0,1,0,0,0,0,0,0,1,0,2,16,1,0,3,0,2,0,1,0,1,0,0,2,0,0,0,11,0
,770,1368,1339,1259,1361,1265,372,545,539,388,363,252,237,138,332,216,185,171,238,0,26,20,9,10,8,13,11,4,0,6,0,0,1,0,6,11,0,2,12,0,0,8,0,0,0,0,0,0,0,0,0,1,7,4,0,0,0,0,0,0,9,1,15,0,0,0,8,0,0,2,0,0,0,0,1,21,0,0,11,0,3,0,0,0,2,0,1,0,1,0,0,9,0,0,0,0,21
,775,1459,1372,1316,1405,1308,295,432,433,324,288,198,149,111,263,166,139,122,176,6,23,20,6,8,8,42,12,2,4,3,0,0,0,1,3,14,0,59,3,0,0,13,0,0,3,6,4,0,32,0,0,6,2,2,0,53,8,44,0,1,2,3,0,0,0,1,1,1,0,1,0,0,0,0,0,0,0,0,5,0,1,0,2,0,5,0,2,0,6,2,0,36,0,0,0,23,0
,780,1409,1372,1274,1368,1237,203,323,307,219,196,154,118,73,179,136,93,89,120,33,10,36,7,10,4,11,4,0,0,0,0,0,0,2,0,19,0,0,7,0,0,15,0,0,12,12,0,0,0,0,0,5,0,6,0,0,0,0,40,0,9,3,0,0,0,2,1,2,0,0,0,0,0,0,0,0,0,0,0,0,4,0,3,0,2,0,3,0,3,0,0,10,0,0,0,21,37
,785,1277,1230,1169,1237,1155,146,229,221,157,136,99,76,57,122,76,69,48,90,32,10,12,1,0,3,9,3,0,0,41,0,0,0,0,0,19,0,9,9,0,0,17,70,0,2,5,5,0,0,0,0,6,0,1,0,0,0,0,0,1,0,2,0,1,0,0,0,1,0,2,0,0,4,0,0,0,0,23,1,1,4,0,2,0,2,1,6,0,0,3,0,7,0,0,0,19,0
,790,1113,1040,1026,1100,992,103,158,164,108,96,67,51,31,93,60,54,41,73,26,9,17,3,4,1,8,0,0,0,0,0,0,0,50,0,20,0,3,4,0,61,10,0,0,0,5,15,0,0,0,0,24,0,4,0,0,0,0,0,4,3,2,0,11,0,4,0,1,0,2,0,0,0,3,0,2,0,0,27,0,6,0,4,0,4,0,3,0,0,3,0,0,0,0,0,16,44
,795,965,907,869,939,861,86,117,124,116,80,55,36,57,72,37,36,31,84,18,9,13,0,1,6,12,3,35,0,6,0,0,0,0,12,25,0,71,10,0,0,14,0,0,0,12,1,0,0,0,0,1,0,14,0,0,0,0,0,1,9,2,0,0,0,3,3,0,0,2,0,0,0,0,0,2,0,0,0,25,2,0,2,0,3,1,2,0,0,4,0,18,0,0,0,41,5
,800,780,733,703,749,681,57,81,94,65,51,48,24,11,53,35,27,24,44,4,6,11,0,0,3,4,3,0,0,4,0,0,0,0,0,5,0,0,13,12,0,11,0,0,0,11,5,0,0,0,16,65,14,5,0,0,0,0,0,1,13,0,27,0,3,5,2,2,0,1,0,0,0,23,29,0,0,0,0,0,1,0,3,0,4,0,1,0,8,7,0,0,0,0,0,40,10
,805,568,539,509,562,504,38,55,57,40,38,23,24,3,38,21,21,11,24,5,3,12,0,2,2,6,6,1,0,6,0,0,0,1,0,23,62,12,12,0,0,12,4,0,0,6,0,85,73,0,0,4,0,6,0,0,0,0,0,1,1,3,0,0,0,1,13,14,0,13,0,0,5,0,0,0,0,0,3,0,0,0,4,0,1,0,3,0,3,0,0,0,0,0,0,10,17
,810,463,420,398,433,397,27,34,49,38,29,22,13,2,30,2,20,0,27,35,2,9,38,39,9,17,4,0,0,0,0,0,0,0,0,21,0,16,88,2,0,28,17,0,2,3,3,0,0,0,0,13,3,9,0,0,0,0,0,0,1,3,0,0,0,2,1,2,0,3,0,0,0,0,0,0,0,0,0,0,11,0,4,0,25,2,1,25,4,4,7,29,0,0,0,58,54
,815,350,330,304,325,307,19,24,28,72,28,14,10,6,22,6,19,0,22,45,0,9,0,28,3,8,11,6,0,0,0,43,0,0,0,16,0,17,14,0,0,38,0,0,0,18,0,0,0,0,21,0,81,10,0,58,0,0,0,0,0,4,0,0,0,3,2,16,0,3,0,0,0,0,2,0,0,0,4,0,0,0,0,0,5,2,0,0,4,0,0,0,0,0,0,12,20
,820,256,240,228,246,227,24,17,35,24,21,60,6,0,29,8,3,0,26,21,2,5,0,48,15,9,2,2,0,0,0,40,0,0,0,21,0,22,10,0,0,13,0,0,0,13,6,0,0,0,0,17,0,11,66,0,0,0,0,0,18,3,0,0,0,2,3,3,0,9,0,0,0,0,0,0,0,0,0,0,9,0,3,27,2,1,1,0,0,4,0,20,0,0,0,63,66
,825,188,166,166,173,157,22,8,20,33,17,14,8,0,8,63,7,0,25,456,12,16,0,6,1,19,0,0,0,82,0,0,0,0,0,44,0,33,9,0,0,27,0,0,159,25,0,0,0,3,0,20,0,9,0,0,0,0,0,1,0,6,0,23,0,15,3,3,0,3,0,0,0,0,0,0,0,0,3,0,15,0,12,0,4,0,3,0,5,4,0,43,0,0,0,78,0
,830,130,125,118,124,115,14,4,24,17,4,0,0,0,9,5,5,0,28,66,86,15,0,0,7,22,87,0,0,0,0,0,0,0,13,36,0,8,2,0,0,52,0,0,0,23,29,0,0,0,0,0,27,16,0,0,0,0,0,2,0,4,0,0,0,16,0,2,0,29,0,0,0,0,7,0,0,0,0,0,1,0,9,0,14,0,4,0,0,8,0,54,0,0,45,78,56
,835,101,90,86,100,102,18,0,30,20,0,0,2,0,18,93,0,0,58,59,9,21,0,1,22,26,6,0,0,0,14,91,0,0,0,38,0,17,27,0,0,72,0,32,0,13,0,0,0,0,0,28,0,14,0,0,0,0,0,2,0,9,0,21,0,16,22,3,0,1,21,0,0,0,10,0,0,0,0,0,22,0,13,0,1,30,7,0,13,17,0,0,0,21,0,662,47
,840,86,70,80,92,74,27,0,20,43,8,25,0,0,41,26,2,0,33,153,37,143,0,0,0,18,14,0,0,0,0,0,0,0,0,359,0,142,66,0,0,88,0,218,0,181,58,0,0,0,89,32,0,30,0,0,0,0,0,7,29,14,0,0,0,20,1,9,0,8,0,0,20,0,0,13,0,0,0,0,28,0,29,0,13,3,10,0,9,0,0,40,0,0,0,109,23
,845,63,45,65,40,52,49,0,224,43,13,0,52,0,31,42,23,0,79,1489,21,42,0,0,9,62,29,16,0,0,0,0,0,0,0,170,0,55,93,0,0,124,0,0,0,6,66,0,0,0,0,82,0,67,0,0,0,0,0,39,0,19,0,4,0,15,10,23,0,15,0,0,0,0,30,0,0,0,0,0,26,0,30,0,34,6,14,0,26,32,0,0,0,0,3,0,37
,850,79,63,209,8,33,297,0,12,79,31,66,9,0,3,0,0,0,34,172,25,103,0,0,0,36,121,84,435,14,0,0,0,0,0,257,0,136,0,0,0,235,0,0,0,131,158,0,0,0,0,0,0,75,0,0,0,0,0,4,7,34,0,0,0,24,0,25,0,22,0,21,0,0,0,0,23,0,11,0,3,21,29,0,0,17,24,0,16,30,0,168,0,0,0,0,0
,,,,,,,,,,,,,,,,,,,,,,,,,,,,,,,,,,,,,,,,,,,,,,,,,,,,,,,,,,,,,,,,,,,,,,,,,,,,,,,,,,,,,,,,,,,,,,,,,
Read 6:EM Spectrum,,,,,,,,,,,,,,,,,,,,,,,,,,,,,,,,,,,,,,,,,,,,,,,,,,,,,,,,,,,,,,,,,,,,,,,,,,,,,,,,,,,,,,,,,,,,,,,,,
,,,,,,,,,,,,,,,,,,,,,,,,,,,,,,,,,,,,,,,,,,,,,,,,,,,,,,,,,,,,,,,,,,,,,,,,,,,,,,,,,,,,,,,,,,,,,,,,,
,Wavelength,A1,A2,A3,A4,A5,A6,A7,A8,A9,A10,A11,A12,B1,B2,B3,B4,B5,B6,B7,B8,B9,B10,B11,B12,C1,C2,C3,C4,C5,C6,C7,C8,C9,C10,C11,C12,D1,D2,D3,D4,D5,D6,D7,D8,D9,D10,D11,D12,E1,E2,E3,E4,E5,E6,E7,E8,E9,E10,E11,E12,F1,F2,F3,F4,F5,F6,F7,F8,F9,F10,F11,F12,G1,G2,G3,G4,G5,G6,G7,G8,G9,G10,G11,G12,H1,H2,H3,H4,H5,H6,H7,H8,H9,H10,H11,H12
,500,1,1,1,1,1,3,2,2,3,3,3,2,2,3,3,3,2,2,42,2,2,4,4,4,4,3,2,3,6,3,7,3,6,3,4,2,2,5,7,5,8,8,6,8,8,6,8,5,2,1,10,7,8,3,3,3,5,14,1,2,1,5,1,1,3,1,2,2,0,1,2,1,8,1,0,1,10,1,8,0,1,2,0,15,2,1,1,1,1,9,25,28,6,3,38,32
,505,1,1,0,1,1,3,2,2,2,2,3,2,3,3,3,3,4,3,71,2,3,2,3,4,2,2,4,6,5,3,5,5,6,3,4,5,2,5,4,7,4,4,9,7,5,9,4,4,2,1,8,5,10,2,4,3,8,6,1,1,1,5,2,0,2,1,1,3,1,1,3,1,11,1,0,1,11,2,5,0,1,2,0,14,2,1,0,1,1,16,50,64,6,4,55,70
,510,1,1,0,1,1,2,1,2,2,2,3,3,3,1,2,4,4,2,158,2,1,2,4,3,2,2,3,4,5,3,3,4,4,3,4,5,3,6,5,8,5,4,6,4,4,4,4,3,2,0,5,6,10,3,3,3,8,6,1,2,1,4,2,0,2,1,1,2,1,1,2,1,8,0,0,1,16,2,7,0,1,1,0,14,1,1,0,1,1,17,89,113,4,5,114,115
,515,1,1,0,1,1,3,1,2,3,3,2,3,2,2,3,3,2,3,375,2,2,3,2,4,2,1,3,2,4,4,7,3,8,3,4,2,2,6,7,4,4,4,9,7,8,7,4,5,1,0,7,5,10,2,4,2,4,5,1,2,1,5,1,1,1,1,1,2,1,1,3,1,7,0,0,1,11,2,7,0,1,1,0,8,2,1,0,1,2,8,229,283,7,2,276,278
,520,1,1,0,1,1,3,3,2,3,2,1,2,3,2,3,3,4,2,786,3,4,2,2,2,4,2,3,2,5,3,4,4,5,3,6,2,2,3,6,6,6,3,9,9,4,8,4,4,1,0,9,8,5,3,2,4,7,9,1,2,1,4,1,1,2,1,1,1,0,1,2,1,6,1,0,1,8,2,7,0,1,1,0,7,1,1,0,1,2,9,456,575,5,3,592,570
,525,1,1,1,1,1,3,2,2,3,3,1,3,3,2,2,2,2,1,1395,3,2,3,3,2,2,1,2,1,3,2,4,5,3,3,5,4,2,6,7,2,6,6,8,7,4,5,3,4,2,0,3,13,5,2,2,2,6,5,0,2,1,4,2,1,2,1,1,3,0,1,2,1,9,0,0,1,16,1,5,0,1,2,0,6,2,1,0,1,2,8,818,1015,3,3,1031,999
,530,1,1,0,1,1,3,2,1,2,1,2,1,1,2,2,3,3,2,2482,2,2,2,1,2,2,1,2,3,3,2,5,2,2,4,2,1,2,5,6,7,5,5,7,4,3,8,3,2,1,0,8,4,4,2,3,4,6,8,0,2,1,3,2,0,3,0,1,2,0,1,2,1,10,1,0,0,7,1,6,0,1,1,0,14,2,1,1,1,1,9,1419,1796,6,6,1786,1787
,535,1,1,1,1,1,2,1,2,1,1,1,2,1,1,3,1,1,1,3542,3,1,3,3,1,1,1,1,1,2,4,4,2,2,4,5,3,1,2,6,6,6,2,4,5,5,6,5,3,1,1,3,6,5,2,3,3,5,10,0,1,1,3,1,1,1,0,1,2,0,1,1,0,11,1,0,1,8,1,7,0,1,2,0,8,1,1,0,1,2,8,2073,2580,4,6,2601,2567
,540,1,0,1,0,0,3,2,2,1,1,2,2,2,1,1,2,2,2,4202,2,1,3,1,2,1,2,2,1,2,2,4,6,5,2,1,0,2,2,5,5,6,2,4,2,5,7,2,2,1,0,6,4,7,1,1,1,3,9,0,2,1,2,0,0,1,1,1,1,0,1,2,1,11,1,0,1,14,2,7,0,1,3,0,11,1,1,1,2,3,20,2416,3069,8,9,3008,2969
,545,0,1,1,1,0,1,1,2,2,2,2,0,1,0,1,3,3,0,4257,2,0,1,1,2,1,2,2,1,2,2,1,1,4,1,1,1,2,1,6,5,1,5,5,2,4,5,4,1,0,0,2,2,3,1,3,2,1,1,1,1,1,2,1,0,1,0,1,1,0,0,2,1,7,0,0,1,15,2,7,0,1,3,0,14,2,1,1,2,3,22,2522,3099,7,8,3056,2991
,550,0,0,0,0,1,2,0,1,2,2,1,2,1,2,2,2,1,2,3681,1,0,1,2,3,1,2,2,1,1,3,4,1,1,1,1,0,2,4,5,1,1,1,3,2,5,2,5,3,0,0,7,2,7,1,1,3,1,2,0,1,1,3,1,0,1,1,1,1,0,1,1,0,9,1,0,1,12,3,5,0,1,4,1,27,2,1,1,2,3,16,2187,2849,14,9,2694,2727
,555,0,0,0,0,1,1,1,1,1,1,1,1,1,1,2,2,3,1,2765,1,0,2,1,1,2,2,1,2,5,2,2,2,2,2,2,0,1,2,3,3,3,2,5,3,2,3,3,2,1,0,4,8,4,2,3,1,2,2,0,2,1,5,1,0,2,1,1,2,0,1,2,1,13,1,0,2,18,2,5,0,1,4,0,19,2,2,1,2,3,24,1649,2088,8,8,2021,2002
,560,1,0,0,0,0,1,1,1,1,2,1,1,2,0,1,1,2,1,1776,1,0,2,3,1,1,1,1,1,2,2,2,4,2,1,1,0,1,2,2,3,2,2,4,2,3,3,2,2,1,0,1,5,7,1,1,1,2,9,1,1,1,2,1,0,1,1,1,2,0,1,2,1,21,1,0,2,19,2,6,0,1,3,0,25,2,2,1,2,3,22,1098,1389,8,7,1337,1315
,565,0,0,0,1,0,1,1,1,1,1,1,1,1,0,1,1,1,1,1208,1,1,2,1,1,0,1,1,3,2,4,2,2,2,2,1,0,1,2,7,2,3,2,3,1,3,3,3,2,1,0,2,2,4,2,1,1,3,4,0,1,1,2,1,0,2,1,1,3,0,1,3,2,15,1,0,2,16,2,6,0,1,3,0,20,2,1,1,1,3,20,771,972,8,6,928,914
,570,0,0,0,0,0,1,1,2,1,1,1,0,1,0,0,1,1,0,767,1,0,1,1,1,1,0,1,2,4,1,1,2,2,1,1,4,1,2,2,3,2,6,3,2,2,3,2,2,1,1,3,4,3,1,2,2,7,8,0,1,1,4,1,0,2,1,2,3,1,1,3,1,14,1,0,2,14,2,6,0,1,3,0,18,2,1,1,1,2,19,479,610,7,5,605,594
,575,0,0,0,0,1,1,0,1,1,1,1,1,1,1,2,1,1,1,449,1,0,1,1,2,1,0,1,3,1,1,2,1,2,1,5,0,1,1,7,2,2,6,3,1,2,3,1,2,1,0,3,4,4,1,2,2,4,5,1,1,1,5,2,1,3,1,2,4,1,1,5,1,14,1,0,1,21,2,8,0,1,2,0,15,2,1,0,1,3,15,286,364,5,3,360,349
,580,0,0,0,0,0,1,0,1,1,3,1,1,1,0,0,1,1,0,259,0,0,1,0,1,1,0,1,1,1,1,1,1,2,1,2,0,1,1,2,2,2,1,2,2,2,4,2,2,1,0,3,4,5,2,2,3,6,8,1,3,1,5,3,1,3,1,2,4,1,2,3,1,10,1,0,1,9,2,7,0,1,2,0,16,1,1,0,1,1,14,163,206,4,2,210,197
,585,0,0,0,0,0,1,0,1,1,1,0,0,1,0,0,0,1,0,150,0,0,1,3,1,1,0,0,1,1,1,1,2,4,2,2,0,2,2,3,2,2,1,3,2,3,4,2,2,2,0,6,12,8,3,4,5,11,14,2,3,2,6,3,1,4,1,2,4,1,1,2,1,8,0,0,1,7,1,4,0,1,2,0,8,1,1,0,1,1,9,95,119,4,3,114,112
,590,0,0,0,0,0,1,0,1,1,1,3,0,1,0,1,1,1,0,93,1,0,1,1,1,0,0,0,1,1,1,1,1,1,1,1,0,1,2,3,3,4,3,4,3,4,4,3,3,3,1,8,11,13,4,6,8,16,18,2,4,3,8,3,1,4,1,2,4,1,1,2,1,7,0,0,1,5,1,3,0,1,1,0,5,1,0,0,0,1,9,66,77,7,2,84,78
,595,0,0,0,0,1,1,0,0,1,1,1,0,1,0,0,1,3,0,59,1,0,1,0,1,1,0,0,1,2,1,3,1,2,4,2,0,2,2,4,2,5,4,10,5,7,7,4,4,4,1,14,18,19,6,8,11,24,28,3,6,3,7,3,1,4,2,2,3,0,2,2,1,5,0,0,1,5,1,2,0,1,1,0,5,1,0,0,0,1,4,44,49,3,1,50,49
,600,0,0,0,0,0,1,0,0,1,1,1,0,1,0,2,1,1,0,49,0,1,1,0,0,1,0,0,3,1,1,1,1,2,1,4,1,2,3,6,6,7,7,10,10,11,12,9,7,7,2,24,29,30,8,12,16,25,36,3,8,3,7,3,1,3,1,2,2,0,1,1,1,5,0,0,0,2,1,2,0,0,1,0,12,0,0,0,1,0,4,27,31,2,1,44,26
,605,0,0,0,0,0,1,0,0,1,3,0,0,0,0,0,1,1,0,22,0,0,1,0,1,1,0,0,1,1,1,1,1,7,1,5,1,3,7,10,15,22,12,18,23,19,20,18,12,9,3,38,48,43,12,15,20,29,36,3,8,3,6,2,1,2,1,1,2,0,1,0,1,4,0,0,0,1,1,1,0,0,1,0,1,1,0,0,0,1,2,19,18,3,1,23,21
,610,0,0,0,0,0,1,0,0,0,1,0,0,1,0,0,0,1,0,14,0,0,1,0,1,1,2,3,1,2,1,2,1,4,2,9,5,4,12,16,17,30,21,28,31,31,33,27,19,11,4,55,59,55,14,19,23,28,38,3,9,3,5,3,1,2,1,1,0,0,1,1,0,2,0,0,0,1,0,1,0,0,1,0,3,0,0,0,0,1,3,17,13,2,1,16,10
,615,0,0,0,0,0,1,0,1,3,1,0,0,0,0,0,1,1,0,10,0,0,1,1,1,1,0,1,1,3,2,2,2,7,3,17,9,7,20,25,29,41,36,45,48,50,52,46,31,12,5,70,68,68,17,20,22,32,38,3,7,3,4,2,1,2,0,1,0,1,1,0,0,4,0,0,0,0,0,1,0,0,1,0,0,0,0,0,0,0,0,14,12,2,1,17,12
,620,0,0,0,0,0,1,0,0,1,1,1,1,0,0,0,1,1,0,11,0,0,1,1,4,2,0,1,1,4,3,3,3,12,5,33,20,12,34,44,52,71,71,73,83,78,79,75,46,12,6,78,74,70,17,22,20,24,31,2,6,2,4,1,0,1,0,1,0,0,0,0,0,2,0,0,0,0,0,1,0,0,0,0,0,0,1,0,0,0,1,9,5,1,4,9,6
,625,0,0,0,0,0,0,0,0,1,1,1,0,1,0,0,1,1,0,8,1,0,2,1,1,2,0,3,3,7,6,5,5,20,8,57,36,22,67,73,86,114,100,114,117,112,110,109,63,13,7,84,81,69,16,17,17,17,22,2,5,2,2,1,0,1,0,0,0,1,0,0,0,3,0,0,1,0,0,0,0,0,1,0,0,0,0,0,0,0,0,9,2,0,1,7,4
,630,0,0,0,0,0,1,0,0,1,3,0,0,1,0,0,1,1,0,4,1,0,3,2,3,4,1,4,5,12,10,9,10,39,15,97,66,36,110,121,136,165,157,161,164,146,136,145,81,10,6,80,78,61,13,18,14,12,17,1,4,1,2,1,0,1,0,0,0,1,0,0,1,3,0,0,0,0,0,1,0,0,0,0,0,0,0,0,0,0,1,9,1,1,0,8,0
,635,0,0,0,0,0,1,0,1,1,1,1,1,1,0,1,1,1,3,3,2,1,4,3,5,5,3,7,8,19,15,13,15,53,22,148,99,54,155,164,186,197,200,200,193,163,155,165,91,8,6,72,67,56,12,14,12,12,16,1,3,1,2,0,0,0,0,1,0,0,0,0,1,2,0,0,0,0,0,2,0,0,0,0,0,0,0,0,0,0,0,6,0,1,0,4,2
,640,0,0,0,1,0,1,0,1,1,1,2,1,1,0,0,2,2,0,3,6,3,7,6,8,11,5,12,14,30,23,22,25,91,39,212,161,79,223,215,239,237,237,227,212,173,159,182,95,6,5,66,54,46,10,9,8,7,11,1,2,1,1,0,0,0,0,0,0,0,0,0,0,1,0,0,0,0,0,0,0,0,0,0,0,0,0,0,0,0,0,6,0,2,4,7,0
,645,0,0,0,0,0,2,0,0,2,1,2,2,2,0,1,3,2,1,1,5,6,8,11,13,18,10,23,24,56,40,39,40,150,65,280,225,105,282,260,289,255,270,239,221,173,153,186,92,5,4,50,45,34,10,6,6,4,5,1,1,1,1,0,1,2,0,0,0,1,1,1,1,2,0,0,0,0,0,0,0,0,1,0,0,0,0,0,0,0,0,6,1,0,0,9,0
,650,0,1,0,0,0,3,0,4,3,4,3,3,4,1,3,4,5,1,1,9,11,16,19,22,31,19,38,43,89,71,69,69,229,113,346,318,127,347,284,324,249,271,228,206,154,134,165,80,4,3,37,37,24,6,4,4,2,3,1,1,1,1,1,0,0,0,0,0,0,1,3,0,2,0,0,0,0,0,1,0,0,0,0,0,0,0,0,0,0,0,9,0,1,1,6,0
,655,2,1,0,0,0,5,1,2,4,4,4,4,6,3,3,7,10,4,0,16,17,26,30,35,49,27,63,63,140,110,105,110,307,165,393,370,139,355,293,314,242,260,221,182,136,112,147,70,2,3,27,26,20,7,6,8,1,1,0,2,1,1,0,0,0,0,0,0,0,0,0,0,1,0,0,0,0,0,6,0,0,1,0,0,0,0,0,0,0,0,8,1,0,1,5,0
,660,1,0,0,0,0,7,2,3,5,6,6,11,9,4,7,10,9,7,0,26,29,38,48,54,74,43,97,101,200,165,160,161,385,230,403,404,146,364,285,304,213,234,188,157,118,101,121,61,2,2,21,18,15,4,3,2,6,0,2,1,1,1,0,0,0,0,1,0,0,0,0,0,3,0,0,0,0,0,0,0,1,0,0,0,0,0,0,0,0,2,7,0,0,0,6,0
,665,1,1,0,0,0,12,3,5,7,10,11,12,17,6,13,15,15,12,0,40,47,61,73,85,113,69,140,151,279,231,231,233,453,314,390,417,138,351,262,268,184,200,155,123,93,76,95,55,2,2,13,15,10,3,1,2,0,0,0,1,1,2,0,0,0,0,0,0,0,0,0,0,5,0,0,0,0,0,0,0,0,0,0,0,0,0,0,0,0,0,6,0,0,0,14,0
,670,1,1,0,1,0,16,5,10,15,15,18,20,27,12,22,23,25,22,0,70,81,99,119,132,177,115,212,233,374,331,328,328,479,398,345,403,121,298,210,218,137,160,118,90,69,51,72,33,1,1,6,13,7,2,1,0,0,0,0,0,1,2,0,0,3,0,0,0,0,0,0,0,0,0,0,0,0,0,0,0,0,0,0,0,0,0,0,0,0,0,11,1,0,0,5,0
,675,2,2,1,2,1,23,9,13,24,22,28,33,44,19,35,39,38,34,26,107,119,150,181,187,234,168,288,308,432,410,393,397,466,460,296,363,107,245,171,186,110,123,88,75,51,41,53,26,1,1,9,5,7,2,1,0,0,0,0,0,0,0,0,0,3,0,0,0,0,1,0,0,3,0,0,0,0,0,0,0,0,1,0,0,0,0,1,0,0,0,8,0,0,0,10,0
,680,3,3,2,4,3,37,15,21,35,38,42,51,73,33,56,60,61,53,0,155,179,215,237,254,302,234,356,386,474,466,447,463,440,484,243,309,83,197,132,133,77,93,68,51,39,27,43,20,1,1,3,4,6,3,1,0,0,0,0,0,1,1,0,0,0,0,0,0,0,0,0,0,0,0,0,2,0,0,0,0,0,0,0,0,0,2,0,0,0,0,4,0,1,0,6,0
,685,4,4,3,4,3,56,26,36,57,57,66,81,105,50,88,96,96,86,9,222,248,286,300,325,352,303,398,444,473,486,467,476,378,480,189,252,67,149,101,101,58,63,50,36,29,22,45,16,1,0,1,0,4,2,0,0,0,0,0,0,0,1,0,0,4,0,0,0,0,0,0,0,0,0,0,0,0,0,0,0,1,1,0,0,0,0,0,0,0,0,12,0,0,0,10,1
,690,6,6,5,6,6,86,46,57,85,89,102,125,160,83,133,142,144,137,0,307,324,362,361,350,384,373,417,488,456,482,476,484,320,434,136,191,51,116,80,84,45,46,38,36,24,20,23,12,1,0,0,3,7,1,6,0,0,0,0,0,1,7,0,0,0,0,0,0,0,0,0,0,5,0,0,0,0,0,6,0,0,0,0,0,0,0,0,0,0,1,12,0,0,1,9,4
,695,10,10,7,10,9,142,71,89,140,142,171,194,260,139,221,242,235,222,0,396,395,431,391,388,389,421,419,492,401,447,435,416,238,367,97,138,37,75,61,68,26,32,29,21,16,14,11,8,4,0,0,2,2,7,0,0,0,0,0,0,1,2,0,0,0,2,0,0,0,1,0,0,5,0,0,2,0,0,10,0,1,0,0,0,0,0,0,0,0,0,6,0,0,0,7,0
,700,15,15,13,14,14,220,116,142,220,216,257,297,382,213,348,356,352,329,0,455,447,456,414,392,360,432,365,454,340,372,362,367,179,301,70,98,27,55,39,40,24,20,18,11,9,9,9,7,1,2,0,0,1,1,0,0,0,0,0,0,1,1,0,0,0,0,0,0,0,1,0,0,26,0,0,0,0,0,0,0,1,1,0,0,0,0,0,0,0,0,17,0,1,0,13,0
,705,23,21,20,23,21,313,166,209,318,317,363,429,501,316,461,488,484,482,0,495,463,460,390,359,315,420,321,397,275,314,311,305,143,242,56,69,24,46,30,36,15,15,19,10,30,9,3,7,0,0,0,0,0,3,0,0,0,0,0,0,0,3,0,0,0,0,0,0,0,0,0,0,6,0,0,0,0,0,15,0,0,5,0,0,0,0,0,0,0,0,13,0,1,0,59,0
,710,33,32,31,34,32,436,242,303,440,428,489,552,644,434,610,627,628,639,0,469,436,421,328,295,264,370,247,317,211,245,235,228,96,172,36,53,22,31,21,22,10,10,14,5,8,11,3,16,1,0,0,26,0,2,0,0,0,0,0,0,1,6,0,1,0,0,0,0,0,1,0,1,3,0,0,0,0,0,0,0,1,0,0,0,0,0,0,0,0,0,9,0,2,0,14,0
,715,54,50,48,50,50,612,356,443,613,603,642,713,756,599,775,781,775,797,0,415,362,339,252,219,187,279,175,225,133,154,155,158,66,115,19,31,10,17,16,15,9,27,3,4,7,7,4,4,1,0,0,7,0,2,0,0,0,0,0,0,0,3,0,0,0,0,0,0,0,1,0,0,0,0,0,0,0,0,0,0,1,1,0,0,0,0,0,0,0,0,9,0,0,0,9,35
,720,75,71,72,77,71,752,480,592,779,761,762,823,811,730,890,861,838,910,0,354,299,275,206,170,133,218,131,162,98,112,112,110,48,83,14,18,10,12,12,13,4,1,7,1,3,3,0,4,1,0,19,0,1,1,0,0,0,0,0,0,1,2,0,1,0,0,0,0,0,0,0,0,2,0,0,0,0,0,0,0,1,1,0,0,0,0,0,0,0,0,16,0,0,0,33,0
,725,108,99,101,106,101,895,629,754,960,901,875,897,839,877,985,961,934,1034,4,307,256,223,165,138,106,181,99,134,74,85,84,84,36,67,9,13,7,9,8,7,3,2,23,20,2,4,0,4,1,0,0,2,0,1,0,0,0,0,0,0,1,2,0,0,0,0,0,0,0,3,0,1,3,0,0,0,0,0,0,0,0,0,0,0,0,0,0,0,0,0,9,0,1,0,14,0
,730,160,143,149,162,149,1026,778,930,1105,1016,944,951,853,1007,1081,1002,962,1077,0,254,208,181,123,112,84,142,80,102,55,69,68,63,30,49,6,10,5,3,7,9,3,0,4,1,4,15,0,3,1,0,0,4,3,2,0,0,0,23,0,0,1,3,0,0,0,0,0,0,0,0,1,0,2,0,0,0,0,4,0,0,1,3,0,0,0,0,0,0,0,0,9,0,1,0,13,0
,735,239,219,218,230,219,1137,963,1105,1228,1138,1020,965,836,1094,1064,984,957,1103,0,209,159,149,105,81,65,110,58,81,40,52,50,49,41,40,7,5,5,5,6,4,0,2,5,0,4,4,0,3,1,0,0,0,3,0,10,0,0,0,0,0,1,1,0,0,6,0,0,0,0,0,0,1,1,0,0,0,0,0,0,0,1,1,0,0,0,0,0,0,0,0,17,0,0,0,13,0
,740,359,337,335,356,340,1144,1108,1244,1236,1123,956,882,715,1137,992,901,858,1033,0,143,119,102,81,60,44,75,41,51,29,39,36,37,19,26,1,0,4,0,8,3,1,0,1,0,3,4,0,1,0,0,0,3,1,1,0,0,0,0,0,0,1,2,0,0,0,0,0,0,0,0,5,1,2,0,0,0,0,0,0,0,1,1,1,0,0,0,1,1,0,0,74,0,3,1,17,20
,745,501,456,462,491,458,1107,1167,1266,1219,1087,881,780,617,1045,881,776,747,944,0,110,82,80,51,44,33,56,29,44,23,24,27,28,10,23,0,0,4,0,11,5,0,0,11,0,5,8,0,15,1,0,30,36,0,4,0,0,0,0,1,0,1,0,0,0,0,0,1,0,0,1,0,0,31,0,0,0,0,0,1,0,1,2,1,0,0,0,0,0,0,0,13,0,1,0,93,0
,750,672,618,619,661,623,967,1138,1252,1096,994,747,670,485,938,738,656,618,763,0,85,59,59,36,32,25,52,19,32,15,22,24,21,10,13,5,0,3,0,5,4,0,0,4,0,0,3,0,4,1,2,0,0,0,12,0,0,0,0,0,0,0,2,0,0,0,0,5,0,0,1,0,1,0,0,1,0,0,0,0,0,1,1,1,0,0,0,0,0,0,0,26,0,2,3,20,0
,755,875,788,820,863,794,814,1038,1084,938,812,610,510,368,773,570,491,473,590,0,60,39,44,28,41,18,21,16,23,13,13,15,16,9,10,0,0,4,32,9,3,0,0,6,0,0,1,0,5,0,0,0,0,0,1,0,0,0,29,0,0,1,7,0,0,0,0,0,0,0,1,0,0,4,0,0,0,0,1,0,0,1,0,1,0,0,1,0,0,0,0,38,0,0,0,25,0
,760,1092,1006,1029,1077,1005,658,897,964,751,666,456,410,297,627,437,382,355,459,0,46,29,36,18,23,9,17,10,17,23,9,5,9,10,9,0,0,5,0,13,9,0,0,5,0,0,12,0,6,0,0,0,0,0,5,0,0,0,0,0,0,1,4,0,0,0,0,0,0,0,1,0,1,9,0,1,1,0,0,0,0,2,0,1,0,0,0,0,0,0,0,27,0,2,0,34,0
,765,1313,1174,1221,1263,1194,500,724,711,538,500,349,289,189,464,320,285,259,309,4,29,19,24,15,15,5,4,5,9,9,5,10,8,9,11,0,0,3,0,9,3,0,0,12,0,1,8,0,0,8,0,0,0,0,17,0,0,0,0,0,0,1,3,0,0,0,0,0,0,4,1,0,0,7,0,1,5,0,9,27,0,1,4,1,0,0,0,0,8,0,0,48,90,2,0,24,0
,770,1424,1317,1342,1423,1302,363,585,594,419,380,252,218,144,344,234,199,179,237,0,22,10,20,10,9,5,0,3,6,6,5,8,2,9,16,0,0,4,0,7,2,0,0,1,0,1,13,0,7,2,0,0,4,3,2,0,0,0,0,0,0,2,0,0,0,0,0,0,0,0,1,0,3,0,0,0,0,0,0,0,0,2,3,1,0,0,0,0,0,0,0,15,0,6,0,128,0
,775,1523,1383,1388,1456,1346,287,463,480,327,299,203,167,111,269,172,164,137,184,0,19,6,34,2,7,4,0,0,11,9,2,8,3,6,8,1,0,16,0,10,0,0,0,0,0,4,21,0,0,2,0,0,0,0,7,0,0,0,0,1,0,2,4,11,3,0,0,0,0,2,0,0,2,3,0,1,0,0,0,0,0,2,2,1,0,1,0,0,9,0,0,61,0,3,0,33,0
,780,1485,1297,1314,1416,1330,206,335,329,245,203,132,116,79,175,115,103,106,125,0,7,1,15,2,7,5,0,0,2,5,0,3,2,3,8,0,0,6,0,5,7,0,0,13,0,7,1,0,6,5,0,0,41,1,4,0,21,44,0,3,0,11,12,0,0,0,0,0,0,0,2,0,0,9,0,1,0,0,0,0,0,3,4,1,0,0,0,0,0,0,0,18,0,0,0,47,0
,785,1372,1225,1228,1276,1202,155,242,223,165,144,93,76,51,121,79,78,64,114,6,2,0,10,0,16,0,0,16,6,3,0,0,2,0,5,0,0,6,0,10,0,0,0,7,0,6,12,0,11,1,0,0,16,3,6,0,0,0,0,0,0,2,6,0,0,0,0,0,0,0,0,0,5,10,0,2,0,0,0,0,0,3,0,1,0,0,0,0,0,0,0,157,0,1,0,50,0
,790,1174,1061,1079,1118,1044,111,197,162,118,102,67,53,30,79,54,57,53,56,0,0,0,13,0,6,6,0,0,0,2,0,1,4,0,5,0,0,2,0,2,44,0,0,18,4,3,17,0,7,1,0,0,3,0,8,0,0,0,0,0,0,3,8,0,0,0,0,0,19,0,2,15,2,0,0,4,0,0,0,22,0,4,2,1,0,0,0,0,0,0,0,56,0,4,14,50,0
,795,1033,897,893,985,875,82,118,132,90,84,55,36,24,59,44,42,76,73,0,0,0,15,0,7,4,0,0,5,9,45,6,6,13,1,0,0,3,0,6,5,0,0,13,0,0,8,0,15,3,0,0,11,46,9,0,0,0,0,0,0,3,9,0,0,0,0,0,0,0,4,0,1,9,0,1,1,0,1,0,0,1,2,1,0,0,0,0,0,0,0,41,0,0,1,215,0
,800,817,738,728,776,711,59,87,89,98,65,42,22,20,36,26,37,32,39,0,0,0,8,0,5,1,0,0,10,0,0,0,5,2,4,0,0,5,0,0,0,0,0,7,0,10,10,0,1,4,0,0,3,4,5,0,0,0,0,0,1,2,4,0,0,0,0,0,0,0,3,23,3,1,0,2,0,0,4,0,1,3,3,1,0,0,0,0,8,0,0,36,0,12,0,28,0
,805,603,522,559,561,526,43,83,58,48,42,27,11,9,13,10,12,18,49,0,0,0,10,0,0,7,0,0,6,4,2,4,0,8,6,0,0,33,0,14,79,0,0,5,0,8,4,0,7,3,0,0,0,0,6,0,0,0,0,0,0,6,10,0,0,0,0,0,0,0,3,0,0,7,0,1,0,0,0,0,1,17,2,2,0,0,0,0,0,0,0,39,0,0,0,30,0
,810,462,401,416,425,399,36,36,43,29,33,20,4,5,25,4,24,8,9,0,0,0,9,0,7,0,0,0,9,16,0,0,0,26,8,0,0,6,0,19,0,0,0,11,0,18,20,0,1,2,0,0,0,76,7,0,0,0,0,0,2,3,17,0,0,1,0,0,0,0,1,0,2,15,0,2,0,0,0,0,0,4,2,2,0,1,0,0,0,0,0,29,0,10,0,85,0
,815,363,320,308,326,315,29,21,40,25,27,13,6,8,19,8,4,18,0,0,0,0,25,0,2,1,0,0,0,19,0,2,7,5,19,0,0,6,0,26,12,0,0,17,0,10,13,0,52,3,0,0,0,0,9,0,57,0,0,0,0,1,0,0,0,27,0,0,0,1,17,0,0,21,0,2,0,0,0,0,0,2,7,1,0,0,0,0,0,0,0,39,0,0,0,55,0
,820,273,233,233,243,223,24,11,23,22,24,3,8,0,0,0,25,15,0,0,0,0,36,0,0,0,0,0,8,10,53,0,0,13,0,0,0,5,0,23,10,0,0,0,0,17,25,0,11,0,0,0,0,0,13,0,0,0,0,0,0,2,8,22,0,0,0,21,0,0,2,0,2,0,8,2,0,0,0,0,1,2,3,3,0,23,1,0,0,0,0,123,0,1,0,69,0
,825,205,169,155,179,157,15,0,15,24,20,6,0,7,0,0,11,12,0,0,0,0,22,0,1,0,0,0,15,9,0,0,13,0,16,0,0,2,0,32,2,0,0,48,12,0,3,0,89,6,0,0,5,0,58,0,0,0,0,0,0,2,6,0,0,0,0,0,0,0,1,0,22,1,0,2,0,0,0,3,1,24,4,3,0,0,0,0,25,0,0,43,0,0,0,146,0
,830,152,112,113,123,110,29,2,5,12,20,5,0,0,0,0,16,26,0,0,0,0,11,0,15,111,0,0,10,15,0,0,0,2,24,0,0,15,0,36,0,0,124,0,0,0,29,0,31,2,16,0,0,0,18,64,0,0,0,0,43,7,18,1,0,0,8,0,0,0,7,0,3,28,0,5,1,0,4,0,1,6,0,3,0,0,0,0,0,0,0,112,0,22,0,97,308
,835,116,131,88,121,92,41,0,2,3,23,2,0,9,0,0,19,8,0,0,0,0,56,0,7,3,0,0,10,4,0,20,0,32,16,0,0,22,0,26,0,0,0,7,0,23,25,0,41,1,0,0,0,0,21,0,0,0,0,0,0,8,11,0,0,0,23,0,0,0,9,0,4,30,0,5,24,0,0,0,1,9,14,4,0,0,25,0,0,0,0,645,0,35,40,194,0
,840,91,77,101,84,68,38,0,0,23,36,10,163,27,0,0,36,21,0,0,0,0,35,0,15,0,0,0,0,11,2,0,0,46,17,0,0,26,0,46,79,0,0,70,0,5,57,0,15,0,0,0,27,0,44,0,0,0,0,35,0,11,21,0,19,2,0,0,0,24,8,0,0,0,30,5,0,0,0,0,2,12,15,7,0,3,0,25,0,0,0,225,0,11,7,123,0
,845,148,56,10,42,111,44,0,117,2,54,0,0,0,0,0,0,6,0,168,0,0,51,0,69,15,0,0,40,0,0,10,92,89,7,0,0,21,0,3,23,0,0,0,0,84,106,0,6,66,0,0,22,0,52,0,0,0,0,0,0,21,26,2,0,0,0,0,0,0,14,0,8,0,0,7,0,0,0,0,0,12,6,31,0,0,0,0,0,0,0,287,0,0,0,313,0
,850,56,36,0,51,0,104,0,0,53,69,0,0,25,0,0,6,0,0,0,336,0,164,7,102,136,0,0,0,31,0,121,0,0,97,0,0,376,0,127,38,0,0,55,0,194,177,0,180,0,92,0,0,0,76,0,0,0,0,0,0,37,0,0,0,0,0,0,0,0,27,0,24,0,0,25,0,0,28,0,28,4,33,21,0,0,0,0,0,26,0,608,0,0,0,400,0
,,,,,,,,,,,,,,,,,,,,,,,,,,,,,,,,,,,,,,,,,,,,,,,,,,,,,,,,,,,,,,,,,,,,,,,,,,,,,,,,,,,,,,,,,,,,,,,,,
Read 7:EM Spectrum,,,,,,,,,,,,,,,,,,,,,,,,,,,,,,,,,,,,,,,,,,,,,,,,,,,,,,,,,,,,,,,,,,,,,,,,,,,,,,,,,,,,,,,,,,,,,,,,,
,,,,,,,,,,,,,,,,,,,,,,,,,,,,,,,,,,,,,,,,,,,,,,,,,,,,,,,,,,,,,,,,,,,,,,,,,,,,,,,,,,,,,,,,,,,,,,,,,
,Wavelength,A1,A2,A3,A4,A5,A6,A7,A8,A9,A10,A11,A12,B1,B2,B3,B4,B5,B6,B7,B8,B9,B10,B11,B12,C1,C2,C3,C4,C5,C6,C7,C8,C9,C10,C11,C12,D1,D2,D3,D4,D5,D6,D7,D8,D9,D10,D11,D12,E1,E2,E3,E4,E5,E6,E7,E8,E9,E10,E11,E12,F1,F2,F3,F4,F5,F6,F7,F8,F9,F10,F11,F12,G1,G2,G3,G4,G5,G6,G7,G8,G9,G10,G11,G12,H1,H2,H3,H4,H5,H6,H7,H8,H9,H10,H11,H12
,500,1,1,1,1,1,4,2,2,2,3,2,3,4,2,2,2,3,3,40,3,2,2,2,3,2,2,3,2,3,3,5,5,4,3,5,6,4,10,4,2,6,9,9,4,5,9,10,8,4,8,4,6,6,3,7,3,2,10,1,16,2,3,1,1,1,2,7,1,5,1,10,2,4,14,0,0,1,18,3,1,1,1,2,1,1,1,1,1,0,5,36,29,3,16,34,39
,505,1,1,1,1,1,3,3,2,3,3,3,2,3,2,3,2,2,2,79,2,3,2,4,2,2,2,3,2,3,5,4,4,6,3,5,6,6,7,4,2,5,5,7,6,9,5,9,5,3,4,3,8,11,3,7,6,4,10,0,10,2,4,1,1,1,2,6,2,4,1,9,2,6,6,1,1,2,19,5,1,0,1,2,0,1,1,1,1,0,3,56,67,1,16,65,64
,510,1,1,1,1,1,2,2,2,2,3,3,2,3,3,2,2,2,3,150,2,3,3,3,2,4,2,1,4,5,5,3,5,4,2,4,6,9,6,6,2,5,4,8,6,7,4,9,8,5,4,5,7,7,2,5,6,2,10,1,6,2,6,1,1,1,2,7,2,3,1,9,3,5,10,1,0,2,13,4,1,0,1,2,0,1,1,1,1,0,3,102,114,1,16,122,124
,515,1,1,1,1,1,4,2,2,3,3,2,2,3,3,2,2,3,2,361,2,3,3,3,2,2,2,3,2,5,4,5,5,3,2,5,4,3,6,6,2,4,7,5,5,3,7,9,4,2,5,3,6,7,3,7,5,4,6,0,10,2,4,1,1,1,2,10,2,5,1,9,2,7,9,0,1,2,12,5,1,0,1,2,1,1,1,1,1,0,3,244,302,2,16,303,300
,520,1,1,1,1,1,2,2,1,1,2,1,1,2,3,2,2,2,2,756,2,2,2,3,2,3,2,2,3,2,3,4,2,3,2,3,3,5,7,6,3,4,7,4,3,4,9,6,7,4,7,6,9,5,2,4,5,1,5,1,9,2,3,1,1,1,1,10,1,3,1,5,1,6,10,0,0,1,11,3,1,0,1,1,1,1,1,2,1,0,5,504,605,1,10,629,612
,525,1,1,1,1,1,2,2,2,2,1,2,1,2,1,2,1,2,2,1414,2,3,2,3,3,3,3,1,3,4,2,4,4,2,4,3,2,7,7,2,2,4,6,8,3,3,4,8,3,2,8,2,8,5,3,4,3,2,9,0,6,2,3,1,1,1,2,9,2,3,1,6,2,3,8,1,0,1,10,3,1,0,0,1,0,1,0,1,1,0,4,868,1086,3,13,1133,1106
,530,0,1,0,1,1,1,1,1,3,2,1,2,3,2,1,1,2,3,2420,1,2,1,3,3,3,1,2,1,2,2,4,4,3,1,3,3,6,4,2,2,7,7,7,5,6,9,5,4,6,7,4,8,5,2,7,5,2,5,0,9,2,4,0,1,1,1,7,2,4,1,4,1,3,5,1,1,1,18,3,0,0,1,2,0,1,1,1,1,0,4,1649,1929,1,24,2032,1922
,535,1,0,1,1,1,1,2,2,1,1,1,1,1,1,2,2,3,1,3524,1,2,1,1,3,1,1,1,1,2,4,4,3,2,1,5,5,2,6,2,2,3,5,3,5,2,3,8,3,3,4,4,4,3,2,5,5,3,8,0,3,1,4,1,1,1,2,4,1,4,1,8,1,4,4,1,0,1,17,4,0,0,1,2,0,1,1,1,2,0,3,2308,2806,2,23,2888,2719
,540,1,1,1,1,0,1,2,1,2,2,1,2,1,1,1,2,3,1,4120,1,1,1,1,1,0,2,2,1,1,3,3,3,3,3,2,4,2,6,5,2,6,5,2,2,6,5,7,5,1,6,2,5,4,2,6,3,1,9,0,3,1,2,1,1,0,1,11,2,4,1,4,2,3,10,1,1,3,19,2,1,0,1,1,1,2,1,2,2,0,7,2703,3266,4,29,3460,3200
,545,0,0,0,1,1,2,1,1,1,2,1,0,2,1,0,1,2,1,4188,1,2,0,2,2,2,1,0,2,6,3,1,1,1,3,5,5,4,3,4,1,2,2,2,1,1,3,3,6,3,1,6,2,3,1,6,4,2,3,0,3,2,4,1,0,1,1,5,2,4,0,7,2,6,7,0,1,2,14,4,0,0,2,3,1,1,1,2,2,0,6,2771,3401,4,35,3403,3189
,550,0,1,0,1,1,2,2,1,1,2,2,0,1,2,1,1,1,1,3665,2,2,0,0,1,2,2,0,2,4,3,3,3,4,0,5,2,0,6,0,2,4,1,2,2,1,1,2,8,3,2,1,2,2,3,5,4,2,7,0,8,2,4,0,0,1,1,4,2,2,1,4,1,8,9,0,1,2,25,5,1,0,1,3,1,2,1,2,2,0,6,2459,2999,3,46,3037,2876
,555,0,1,0,0,0,1,2,1,1,1,1,1,1,1,1,2,2,2,2803,1,1,0,1,2,1,1,0,0,1,4,2,2,2,1,2,2,2,3,6,1,4,4,3,2,3,2,4,3,2,2,2,5,8,1,4,4,2,4,0,6,1,3,0,1,1,1,5,2,3,1,6,1,8,11,1,1,2,20,4,1,1,1,3,1,2,2,2,3,0,8,1836,2287,4,40,2276,2168
,560,0,0,0,0,0,1,1,1,1,2,1,1,1,1,1,1,1,3,1760,1,1,1,1,1,1,1,0,1,1,1,2,2,2,1,2,2,6,3,2,1,7,7,2,2,2,3,3,7,4,2,2,1,3,2,3,1,1,6,0,4,2,2,1,1,1,1,6,1,4,1,8,2,9,13,1,1,2,21,4,1,1,1,4,1,2,1,2,2,0,7,1239,1491,6,33,1506,1441
,565,0,0,1,0,0,0,1,1,1,1,1,1,1,1,1,1,1,1,1226,1,1,1,1,3,1,1,0,0,1,1,2,1,1,1,2,1,2,3,2,1,3,6,3,2,2,7,3,3,1,2,2,3,11,1,4,1,1,4,0,5,1,3,1,1,1,2,7,2,7,1,10,3,9,13,1,1,2,21,4,1,0,1,4,1,2,1,2,2,0,9,842,1043,4,27,1030,1011
,570,0,0,0,0,0,1,1,1,1,1,1,1,1,1,1,1,1,1,814,1,1,1,1,1,1,0,0,0,1,1,1,1,1,1,2,1,2,2,5,1,3,3,3,2,2,3,3,2,2,2,2,2,3,1,3,2,1,10,0,4,1,5,1,1,1,3,9,2,9,2,10,3,9,12,1,1,3,21,5,1,1,1,2,1,2,1,2,2,0,6,547,685,3,21,682,632
,575,0,0,0,0,0,0,1,1,1,3,1,0,1,1,1,1,1,1,445,1,1,0,1,1,1,1,2,0,1,1,1,1,1,1,2,5,2,2,2,1,3,1,2,5,3,5,3,2,2,3,2,9,4,2,3,3,2,6,0,8,2,6,1,1,1,3,11,3,6,2,15,3,7,9,1,1,2,18,4,1,0,1,2,1,1,1,1,2,0,4,315,386,3,18,392,378
,580,0,0,0,0,0,0,1,1,1,1,1,0,1,1,1,1,1,1,262,0,2,0,0,1,0,1,0,0,1,1,1,1,1,0,2,2,2,2,1,1,2,3,2,2,6,2,3,2,2,9,3,4,5,2,6,4,3,11,1,11,3,8,1,2,2,3,13,3,6,2,10,2,6,7,1,1,1,11,3,0,0,1,2,1,1,1,1,1,0,4,178,221,2,14,230,220
,585,0,0,0,0,0,0,1,1,1,1,0,0,1,1,0,0,1,1,147,1,1,0,1,1,0,1,0,0,1,1,1,1,4,1,1,1,2,3,0,1,3,3,2,2,2,3,4,3,5,6,6,7,14,3,9,7,5,17,1,16,4,9,1,2,2,4,13,3,8,2,9,2,5,6,1,0,1,10,3,0,0,1,1,0,1,1,1,1,0,4,102,130,2,9,122,125
,590,0,0,0,0,0,0,1,1,1,1,1,0,1,1,1,2,1,1,98,0,1,0,0,1,0,0,0,0,3,1,1,0,2,0,1,1,2,7,2,1,5,3,5,4,6,6,5,4,8,9,10,15,17,4,11,11,7,23,1,22,5,11,1,2,2,4,14,3,6,1,9,2,3,4,1,0,1,7,2,0,0,0,1,0,1,1,1,1,0,3,67,82,1,6,78,78
,595,0,0,0,0,0,0,1,1,1,1,0,0,1,0,1,1,1,1,64,0,0,0,1,1,0,1,0,0,1,1,0,0,1,0,4,2,2,4,3,2,6,5,5,5,7,8,7,7,12,16,9,19,23,6,16,15,9,31,1,28,7,11,2,2,2,3,11,2,5,1,6,2,3,10,1,0,1,6,2,0,0,0,1,0,1,1,1,1,0,2,42,56,1,5,50,52
,600,0,0,0,0,0,0,1,1,1,1,2,0,1,0,0,2,0,0,41,0,1,0,0,0,0,0,0,0,0,1,0,1,2,0,4,3,5,6,9,2,10,12,9,8,14,14,13,13,18,25,17,31,37,11,24,26,12,34,2,36,7,9,1,2,1,3,8,2,4,1,6,1,3,4,0,0,1,4,1,0,0,0,1,0,0,0,1,1,0,1,37,35,1,6,33,29
,605,0,0,0,0,0,0,1,1,1,1,0,0,0,1,0,0,1,1,38,0,1,0,0,0,0,0,0,0,1,1,1,1,2,0,8,5,7,8,10,4,18,16,17,13,26,28,23,25,26,46,26,52,63,15,32,27,13,39,2,38,7,9,2,2,1,2,6,2,3,1,3,1,2,5,0,0,1,4,1,0,0,0,1,0,0,0,0,0,0,2,15,26,1,3,22,22
,610,0,0,0,0,0,0,1,1,0,2,0,0,0,0,0,0,0,0,23,0,1,2,0,1,1,0,0,0,1,2,2,1,4,1,13,7,14,15,17,8,31,26,31,25,40,43,38,38,30,61,40,63,70,18,34,30,13,39,2,38,7,7,1,1,1,2,5,1,2,0,3,1,1,3,0,0,1,0,1,0,0,0,1,0,0,0,1,1,0,2,13,16,0,1,17,12
,615,0,0,0,0,0,0,1,0,1,0,0,0,1,0,0,1,0,1,15,0,1,0,0,1,0,0,0,1,1,2,2,1,7,2,20,14,25,24,27,13,50,44,47,38,66,67,57,66,33,77,43,78,80,21,39,30,12,37,1,35,7,7,1,1,1,2,5,1,1,1,2,1,2,3,0,0,1,13,1,0,0,0,0,0,0,0,0,0,0,1,11,13,0,0,13,9
,620,0,0,0,0,1,0,1,1,3,0,0,0,0,0,0,3,0,1,16,0,1,0,1,1,1,1,0,1,4,3,3,3,12,4,38,22,34,43,50,22,82,71,80,63,99,103,97,96,33,95,52,89,79,21,37,27,11,34,1,32,5,5,1,1,0,1,4,1,2,0,2,1,1,0,0,0,0,0,1,0,0,0,1,1,0,1,0,0,0,1,8,9,0,1,6,4
,625,0,0,0,0,1,0,1,1,1,2,0,0,0,0,1,0,1,0,14,0,1,0,1,2,2,1,2,3,6,5,5,4,21,7,67,41,64,74,85,37,134,123,129,93,140,141,132,136,31,102,52,92,81,21,32,27,8,24,1,29,4,3,0,1,0,1,3,1,0,0,2,1,0,1,0,0,0,1,1,0,0,0,0,0,0,0,0,0,0,0,4,9,0,2,5,4
,630,0,0,0,0,0,0,1,1,0,0,0,0,1,0,1,1,1,1,10,1,2,2,3,3,4,2,3,5,11,10,9,10,36,14,113,71,105,125,137,59,201,180,175,123,184,185,175,175,26,99,50,89,72,18,25,16,6,30,1,20,3,2,1,1,0,1,3,1,0,0,1,1,1,2,0,0,1,0,1,0,0,0,1,0,0,0,0,0,0,1,3,9,3,0,5,2
,635,0,0,1,0,0,0,3,1,1,1,0,0,1,2,1,1,1,1,10,2,3,2,4,5,9,3,6,8,20,15,14,15,61,23,166,113,151,175,186,79,232,230,222,142,200,201,195,196,21,97,48,77,61,16,22,14,4,18,1,18,2,2,0,0,0,1,2,0,0,0,2,0,1,1,0,1,0,1,0,0,0,0,1,0,0,0,0,0,0,0,3,7,0,0,4,4
,640,0,0,0,0,0,0,1,1,1,1,1,1,2,1,1,2,1,4,9,3,4,5,7,7,10,6,15,13,31,24,23,24,95,35,248,170,221,244,246,103,265,274,246,159,212,194,218,204,22,77,39,59,49,13,19,9,4,10,0,21,2,2,0,0,0,0,3,1,0,0,0,0,0,0,0,1,1,0,1,0,0,0,2,1,0,1,0,0,0,1,1,6,0,12,1,1
,645,0,0,0,0,0,1,2,2,1,1,1,1,3,1,2,2,1,2,7,5,7,10,11,14,16,10,20,24,56,40,40,43,157,65,323,255,294,321,289,122,294,308,256,162,212,190,212,194,13,62,31,53,40,10,14,9,3,9,0,10,1,2,0,1,0,1,2,1,0,0,2,1,0,1,0,0,0,0,1,0,0,0,1,0,0,1,1,1,0,1,1,7,0,0,4,0
,650,0,0,1,0,0,2,2,2,3,3,2,3,5,3,3,4,4,4,7,11,11,13,18,23,30,17,37,40,99,75,75,74,241,112,410,353,363,373,317,133,277,302,245,149,194,170,198,166,8,48,21,37,28,7,9,6,1,6,0,10,1,2,0,0,0,0,2,0,1,0,0,0,0,0,0,0,1,0,4,0,0,0,1,0,0,0,0,0,0,1,2,4,0,0,0,21
,655,0,0,0,0,0,5,2,3,3,4,4,4,11,4,5,5,6,6,10,18,19,25,31,35,51,30,63,66,151,115,109,117,341,162,455,398,399,395,330,132,272,297,226,138,169,141,171,151,5,38,19,29,21,5,7,4,1,7,0,5,1,2,0,1,0,0,1,3,0,0,1,0,0,1,0,0,0,0,0,0,0,0,2,0,0,0,0,2,0,0,2,3,0,0,1,0
,660,0,0,0,0,0,5,4,4,5,6,10,7,10,5,11,9,10,8,13,25,28,37,54,58,76,44,94,102,215,170,169,174,394,226,454,432,411,392,308,127,233,255,198,111,145,121,143,130,5,25,12,21,15,4,6,2,0,3,0,4,1,1,0,0,0,0,2,0,1,0,0,0,1,0,1,0,1,0,1,0,0,0,0,0,0,0,1,2,0,1,1,2,0,0,1,0
,665,1,1,0,0,0,7,5,6,9,9,11,12,17,8,13,15,15,12,9,43,49,59,78,90,115,69,145,155,285,249,238,240,468,302,439,457,395,368,273,111,198,212,161,91,116,89,112,98,4,20,10,12,13,3,5,3,1,4,0,4,0,1,0,0,0,0,0,0,0,0,0,0,2,0,0,0,1,17,0,0,0,0,0,1,0,0,0,0,0,0,1,2,0,0,1,0
,670,1,1,1,1,1,15,9,10,14,15,18,19,30,14,21,26,26,23,30,70,83,101,126,139,180,119,213,243,388,355,342,346,494,399,391,429,342,316,233,89,151,173,120,67,80,63,86,70,1,12,6,23,7,2,1,1,0,2,0,4,1,2,0,0,2,1,0,1,0,1,0,0,0,1,0,0,1,0,0,0,0,0,0,0,0,0,2,0,0,0,3,5,4,0,4,0
,675,3,2,2,1,1,22,12,16,23,24,33,33,44,23,34,39,39,35,10,111,122,147,187,201,241,166,284,322,460,427,413,429,493,439,332,389,284,270,180,69,115,136,91,51,59,45,66,51,1,6,4,7,7,1,3,1,0,1,0,0,0,4,0,0,0,0,0,3,0,0,0,0,1,0,0,0,1,0,0,0,0,0,0,0,0,0,0,0,0,0,2,6,0,0,0,0
,680,3,3,2,2,2,38,20,25,36,37,43,54,72,34,55,62,63,59,7,161,176,217,257,259,303,230,351,392,495,490,470,468,455,473,276,328,245,212,137,57,91,103,69,34,44,46,46,39,1,3,1,5,14,2,1,1,1,1,0,20,0,1,0,0,0,0,0,0,0,0,0,0,0,14,0,0,1,1,7,0,0,0,0,0,0,0,0,0,0,7,0,6,0,0,29,0
,685,4,4,4,4,3,57,29,37,52,58,72,81,106,57,87,95,98,84,12,228,247,286,313,326,338,310,399,463,499,503,504,490,386,454,215,268,187,159,105,42,66,74,49,27,30,24,39,38,0,4,1,4,0,2,3,0,0,0,0,5,5,2,0,2,0,1,0,0,0,0,0,4,0,0,1,0,0,0,1,0,0,0,0,0,0,0,1,0,0,0,0,4,0,0,0,0
,690,6,5,5,5,5,86,49,61,86,88,111,130,163,88,135,149,148,134,12,321,320,363,381,368,386,363,412,498,480,493,485,488,330,420,154,212,136,125,77,33,49,57,29,22,24,17,29,15,6,4,1,8,0,1,13,0,0,1,0,4,0,1,0,0,0,5,18,1,0,0,0,0,0,2,0,0,1,0,7,0,0,0,0,0,0,0,0,1,0,0,0,8,0,0,0,0
,695,9,9,8,9,9,144,80,97,140,142,176,207,260,148,218,234,238,225,11,412,392,428,425,399,376,413,416,488,418,444,443,449,243,359,106,147,108,94,57,21,33,39,30,17,12,14,25,18,0,0,1,0,0,1,3,12,0,0,1,0,0,12,0,0,0,0,1,0,0,0,0,1,0,0,0,0,1,0,0,0,0,0,0,0,3,0,1,0,0,1,2,7,0,0,0,0
,700,15,14,13,15,14,227,123,154,210,237,269,312,376,231,331,364,357,327,17,468,447,453,429,393,365,435,382,459,334,383,390,370,191,280,85,130,78,65,39,15,27,28,19,13,8,9,15,10,0,0,1,0,1,7,2,0,0,1,0,0,1,3,1,0,0,0,0,0,0,0,0,0,0,0,0,0,1,0,0,0,0,0,1,0,0,0,0,0,0,1,2,3,0,0,0,0
,705,23,23,21,22,21,328,182,225,321,334,389,443,519,339,469,511,497,461,15,508,469,472,410,365,313,417,324,398,277,325,311,321,142,236,56,84,58,55,31,13,15,19,9,8,5,12,17,7,0,0,0,5,7,1,4,1,0,3,0,0,1,3,0,0,0,1,1,1,0,3,0,0,0,0,0,0,5,0,1,1,0,0,1,0,3,0,0,1,0,2,42,7,0,0,0,0
,710,34,32,31,34,32,469,261,321,439,452,518,573,642,449,610,629,633,617,17,494,437,423,344,306,253,362,257,331,211,246,245,237,101,179,44,58,36,35,20,9,16,15,7,7,5,6,12,6,0,0,0,1,0,8,0,0,0,1,0,0,2,1,0,0,0,0,17,0,0,0,0,0,0,0,1,0,1,0,1,0,0,0,0,0,0,0,0,0,0,13,6,0,0,0,0,0
,715,52,51,49,52,50,629,386,465,597,624,681,746,750,621,769,791,765,778,13,420,357,336,275,229,175,279,171,233,136,169,166,161,58,105,26,42,25,25,13,6,23,10,5,4,7,1,10,0,0,0,0,0,0,1,0,0,1,1,0,1,0,3,0,0,0,0,0,1,0,0,0,1,0,0,0,0,1,0,1,0,0,0,1,0,0,0,1,0,0,0,0,0,0,0,0,0
,720,77,72,71,76,71,805,510,628,762,798,824,844,815,765,887,878,833,901,11,354,300,268,211,171,131,215,127,171,97,120,116,114,41,78,30,27,19,14,10,4,5,7,1,4,1,3,6,2,0,0,0,1,0,1,0,0,0,0,0,0,0,15,0,0,0,1,0,1,9,0,0,0,0,0,0,0,0,0,0,0,0,0,1,1,0,0,0,0,0,3,0,9,0,0,0,0
,725,111,103,102,109,102,946,666,784,920,939,937,944,837,930,981,963,933,995,7,312,249,221,164,138,114,177,95,132,77,87,90,86,33,58,15,21,14,16,21,4,23,7,0,5,0,0,9,1,0,0,0,0,0,1,0,0,0,0,0,0,0,3,0,0,0,1,3,1,0,0,0,0,1,0,0,0,1,0,0,0,0,0,0,0,3,0,0,0,0,0,4,5,0,0,0,36
,730,156,147,147,156,149,1093,850,973,1053,1073,1006,997,863,1038,1050,998,962,1038,16,269,214,181,133,108,84,140,71,99,60,67,66,67,27,44,26,19,15,14,3,3,5,2,5,4,11,2,5,0,0,0,0,4,0,1,3,0,0,1,0,1,0,14,0,0,0,0,20,1,0,0,6,0,1,0,0,0,1,0,1,0,0,0,1,0,0,0,1,0,0,0,0,8,0,0,0,0
,735,236,227,217,238,224,1180,1053,1195,1195,1186,1066,1004,835,1149,1063,1014,955,1088,19,208,167,133,105,87,62,108,53,72,42,51,48,50,25,37,11,11,9,13,2,2,28,1,0,0,0,4,4,0,0,0,3,1,31,2,3,0,0,4,0,3,2,2,0,0,0,1,1,0,0,0,0,1,1,1,0,1,1,0,0,0,0,0,4,0,0,1,0,0,0,1,8,6,0,0,3,0
,740,360,343,334,354,342,1192,1195,1326,1201,1195,1012,921,736,1138,961,887,843,990,21,157,117,97,65,61,43,78,35,47,26,35,37,34,14,16,9,6,8,9,2,1,0,4,0,2,0,0,7,0,0,0,0,0,0,1,2,1,0,0,0,0,1,5,0,1,0,7,0,1,0,0,2,0,2,0,1,0,2,0,0,0,0,0,1,2,0,0,1,1,0,3,0,11,0,0,0,0
,745,495,471,472,490,458,1125,1292,1338,1185,1136,913,842,621,1108,867,791,738,904,21,114,90,79,51,50,36,55,24,34,23,34,43,27,10,15,1,10,8,8,0,4,5,0,0,2,0,0,7,0,0,0,0,0,5,12,1,0,0,0,0,0,0,2,3,0,0,0,0,0,0,0,0,0,0,0,1,0,1,0,2,0,0,0,2,0,0,0,1,1,0,0,2,72,0,0,0,0
,750,658,628,608,647,609,1023,1247,1303,1063,1023,806,724,503,974,735,647,620,776,24,90,69,53,39,34,21,44,19,27,13,22,18,36,29,10,0,6,7,37,0,1,6,0,0,3,0,0,7,0,0,0,20,0,0,1,4,0,1,44,0,0,1,5,1,0,0,0,1,2,0,0,0,1,0,0,1,0,1,0,1,0,0,0,1,0,0,0,1,1,0,0,0,6,0,0,45,0
,755,875,826,800,860,794,864,1143,1146,899,840,636,546,379,783,577,509,474,596,19,73,47,34,47,26,20,27,12,16,12,14,35,12,8,5,5,2,7,7,0,3,0,0,0,1,0,0,0,34,0,0,24,0,0,1,0,0,0,5,0,3,3,4,0,0,0,0,0,0,2,0,3,0,22,0,1,0,9,0,1,0,0,0,0,0,0,1,1,0,0,0,0,0,0,0,0,51
,760,1104,1023,1014,1088,1034,683,1020,1001,716,705,505,424,297,663,436,384,344,462,27,41,36,44,15,21,7,17,1,14,7,12,6,10,2,3,0,1,6,21,0,1,1,0,0,7,0,0,9,0,0,0,0,0,0,1,0,0,0,12,0,0,0,7,0,0,0,1,2,3,0,0,0,13,3,1,0,0,3,0,0,0,0,0,1,0,0,0,1,1,0,1,0,5,0,10,73,0
,765,1317,1233,1228,1285,1189,498,799,792,546,492,354,294,202,472,331,270,251,322,42,22,23,17,11,11,3,11,0,0,5,6,5,3,0,0,0,2,27,6,0,3,7,0,0,0,0,3,11,0,0,0,0,0,0,0,4,0,1,0,0,6,1,6,0,0,5,2,3,2,1,0,0,0,3,1,1,0,2,0,0,1,0,0,2,0,0,0,0,1,0,1,0,23,0,0,0,0
,770,1450,1346,1327,1420,1308,395,664,638,405,385,269,226,157,385,226,208,191,242,42,15,15,12,6,11,5,8,0,0,0,4,0,5,0,0,0,6,0,9,0,0,1,0,0,0,0,0,9,0,0,0,0,0,0,3,0,0,0,2,0,0,3,8,0,0,0,1,7,1,0,0,0,1,0,3,1,0,1,0,0,0,0,0,1,0,0,2,1,2,0,8,0,3,0,0,0,0
,775,1550,1428,1400,1472,1363,301,536,499,323,307,210,159,114,300,174,146,143,185,54,12,9,2,4,13,0,3,0,0,0,15,1,0,0,0,0,9,51,14,0,4,0,18,0,0,0,2,18,0,0,0,0,0,0,1,4,0,0,0,0,0,1,7,1,0,0,0,2,1,0,0,24,1,3,0,1,3,3,0,1,1,0,0,1,3,0,0,1,1,0,5,10,21,21,13,0,0
,780,1474,1370,1332,1431,1327,207,374,360,222,216,143,110,75,201,117,98,117,121,59,6,13,0,0,6,0,2,0,0,0,8,0,0,0,0,0,0,0,8,0,0,0,0,0,0,0,0,0,0,0,0,0,0,0,2,3,0,0,3,0,0,0,0,0,0,0,0,2,19,0,0,0,1,1,11,0,3,4,0,0,0,0,0,2,0,10,0,4,1,0,0,0,15,0,0,0,0
,785,1352,1243,1222,1281,1211,143,279,251,157,150,99,87,57,137,84,74,69,97,48,5,1,0,0,3,0,2,0,0,0,1,0,0,0,0,0,8,1,10,1,0,7,0,0,6,0,0,8,0,0,0,44,0,0,1,3,0,0,0,0,6,0,28,1,0,0,1,0,3,26,0,0,1,1,0,1,0,2,0,1,0,0,0,2,6,0,0,1,0,0,0,0,17,0,0,0,141
,790,1188,1107,1049,1148,1020,108,201,183,111,105,68,51,35,94,68,45,47,58,56,0,10,0,0,42,0,0,0,0,4,5,0,0,0,0,0,1,57,9,0,5,82,0,0,4,0,0,13,0,0,0,0,17,0,0,4,0,0,1,0,1,0,5,2,1,0,0,0,2,0,0,0,3,0,4,1,0,2,0,3,0,0,0,1,0,0,0,2,2,0,1,0,14,0,0,0,0
,795,1069,947,917,960,895,62,152,133,84,83,50,34,37,68,51,44,41,48,190,0,4,0,0,7,0,2,0,0,3,0,0,1,0,0,0,0,10,17,2,0,4,0,0,0,18,0,14,0,0,46,0,2,0,3,6,0,29,0,0,10,1,6,1,2,0,3,0,1,0,0,0,0,0,0,1,1,1,0,0,1,1,0,4,0,0,1,2,2,0,2,0,24,30,0,0,0
,800,847,755,746,797,728,42,120,101,66,66,41,29,29,52,31,25,24,36,45,0,3,0,0,2,0,20,32,0,0,2,0,0,0,0,0,0,14,3,0,0,16,0,0,0,0,0,20,0,0,0,0,0,0,1,9,0,0,0,0,1,5,11,1,0,0,1,1,24,0,1,0,25,0,0,1,0,7,0,10,1,0,0,3,0,0,1,0,1,0,7,0,26,0,0,0,0
,805,615,561,541,586,520,29,77,62,42,49,20,5,14,41,12,22,14,27,26,0,1,6,0,1,0,0,0,0,0,9,0,0,4,43,0,0,3,3,0,0,0,0,0,0,5,0,14,0,0,0,0,0,0,0,6,0,0,4,0,0,0,2,2,0,0,0,0,0,0,0,0,3,0,5,0,0,1,0,0,1,0,0,3,0,0,1,5,1,0,0,0,50,0,0,0,0
,810,472,425,417,450,407,9,57,55,24,32,9,43,4,27,17,11,11,16,65,0,3,0,0,0,0,0,0,0,0,24,0,0,0,0,0,0,14,20,0,0,0,0,0,0,0,0,82,0,0,0,1,0,0,8,11,0,0,0,0,9,3,13,0,0,0,2,0,4,0,0,0,0,0,0,2,0,3,0,11,0,0,0,3,0,0,0,1,5,0,0,18,25,0,0,0,0
,815,370,341,331,346,311,13,45,43,60,24,3,13,6,22,18,19,14,5,69,0,2,0,0,5,0,0,36,0,0,0,0,0,0,0,0,0,11,26,0,0,0,6,0,5,0,0,13,0,0,0,0,0,0,0,14,0,0,12,0,6,4,0,3,0,0,0,11,0,0,0,0,0,0,3,2,0,5,0,0,0,0,0,0,0,16,0,0,1,0,9,0,40,0,0,0,0
,820,269,249,246,250,224,10,29,33,26,18,6,0,13,12,19,17,0,4,116,0,1,0,48,8,0,0,0,0,0,0,0,0,0,0,0,4,1,40,0,0,0,0,0,97,0,0,110,0,0,0,0,25,0,10,14,61,46,1,0,15,1,16,0,0,14,5,0,5,0,2,0,0,8,0,2,0,6,0,5,0,0,0,35,0,0,0,3,6,0,8,0,0,0,0,0,0
,825,198,172,176,178,183,0,34,23,21,25,3,0,8,14,9,4,5,5,93,0,13,38,0,6,0,0,0,0,0,0,0,0,0,0,0,2,5,0,0,0,0,0,0,0,0,0,22,0,0,0,1,0,0,6,10,0,0,1,0,23,0,7,0,25,0,0,0,6,0,22,0,1,0,17,1,1,0,0,4,1,0,0,0,0,0,0,6,2,0,0,27,1,6,0,0,208
,830,136,131,123,133,122,0,34,27,17,23,67,0,15,14,6,7,0,8,133,0,8,0,0,28,0,68,0,0,0,0,0,0,0,0,0,6,0,28,0,0,0,0,0,0,0,0,39,0,65,0,0,11,0,78,9,0,0,15,0,43,5,15,3,0,20,6,0,1,0,1,0,0,0,0,4,0,2,0,13,2,0,0,5,16,0,1,4,11,0,0,0,482,0,0,52,0
,835,117,104,88,99,98,0,24,24,5,26,0,0,29,12,3,102,5,108,228,0,11,0,0,13,0,0,0,0,0,2,0,0,0,0,0,0,54,44,222,0,20,0,0,0,0,0,38,0,0,0,97,0,8,3,18,0,0,0,0,0,0,21,27,0,0,11,18,8,0,0,0,0,0,0,2,0,6,0,0,1,0,0,7,0,0,30,9,2,0,21,0,94,0,0,0,0
,840,99,79,68,75,77,0,34,145,1,52,0,0,21,0,4,1,0,0,149,0,12,0,0,23,0,0,0,0,0,0,0,0,0,0,0,12,4,56,8,28,0,0,0,244,0,0,131,0,0,0,0,22,0,0,33,0,0,0,2,0,38,10,10,6,0,8,15,17,0,0,0,4,0,32,10,27,13,0,25,3,22,35,15,33,0,5,8,20,0,0,0,116,0,0,0,0
,845,63,53,39,44,34,6,60,26,7,19,0,53,6,0,0,0,0,339,653,0,0,0,0,0,0,0,0,0,0,0,0,0,0,0,0,20,0,91,0,23,0,0,0,0,0,0,58,0,0,0,0,0,62,31,68,0,0,0,41,11,0,28,10,0,0,13,24,0,0,0,0,0,0,0,10,0,27,0,2,3,0,0,17,0,0,8,3,4,0,29,0,41,0,0,0,0
,850,79,59,8,34,0,0,55,70,3,63,40,293,56,329,0,14,0,0,962,0,32,0,0,63,0,307,0,0,0,0,0,0,0,0,0,95,145,195,0,344,0,115,0,31,0,131,209,0,0,0,0,25,0,51,0,0,5,0,0,18,25,0,14,10,0,22,0,0,0,0,0,0,0,0,24,0,30,0,29,27,0,0,2,0,26,0,30,27,29,0,0,367,0,0,0,0
,,,,,,,,,,,,,,,,,,,,,,,,,,,,,,,,,,,,,,,,,,,,,,,,,,,,,,,,,,,,,,,,,,,,,,,,,,,,,,,,,,,,,,,,,,,,,,,,,
Read 8:EM Spectrum,,,,,,,,,,,,,,,,,,,,,,,,,,,,,,,,,,,,,,,,,,,,,,,,,,,,,,,,,,,,,,,,,,,,,,,,,,,,,,,,,,,,,,,,,,,,,,,,,
,,,,,,,,,,,,,,,,,,,,,,,,,,,,,,,,,,,,,,,,,,,,,,,,,,,,,,,,,,,,,,,,,,,,,,,,,,,,,,,,,,,,,,,,,,,,,,,,,
,Wavelength,A1,A2,A3,A4,A5,A6,A7,A8,A9,A10,A11,A12,B1,B2,B3,B4,B5,B6,B7,B8,B9,B10,B11,B12,C1,C2,C3,C4,C5,C6,C7,C8,C9,C10,C11,C12,D1,D2,D3,D4,D5,D6,D7,D8,D9,D10,D11,D12,E1,E2,E3,E4,E5,E6,E7,E8,E9,E10,E11,E12,F1,F2,F3,F4,F5,F6,F7,F8,F9,F10,F11,F12,G1,G2,G3,G4,G5,G6,G7,G8,G9,G10,G11,G12,H1,H2,H3,H4,H5,H6,H7,H8,H9,H10,H11,H12
,500,1,1,1,1,1,2,2,2,3,2,2,3,2,2,3,2,3,2,38,4,4,2,4,5,3,2,5,4,3,5,4,5,3,3,6,6,7,10,4,7,7,4,5,7,4,11,8,5,11,7,8,10,7,5,1,13,2,3,1,1,9,0,0,1,1,6,0,1,1,3,1,1,2,12,1,2,1,2,10,0,2,2,4,10,12,3,3,2,3,0,27,34,4,7,40,30
,505,1,1,1,1,1,3,3,2,3,3,3,4,2,2,4,3,4,2,75,3,3,2,3,3,4,2,3,3,3,5,5,5,5,5,5,7,4,4,4,3,6,8,6,5,8,10,5,6,11,9,5,8,7,7,1,12,4,3,1,2,12,0,0,1,0,4,0,1,1,6,1,1,2,16,1,2,1,1,16,0,3,2,3,17,11,4,3,2,3,1,53,74,2,6,71,68
,510,1,1,1,1,1,2,2,3,2,2,2,3,3,2,4,2,2,4,136,3,2,2,3,2,4,3,4,3,4,4,3,3,6,4,8,4,6,6,4,4,3,9,8,4,3,5,5,5,12,6,7,11,9,7,1,11,5,2,1,2,10,1,0,1,1,4,0,1,2,3,1,1,3,12,1,2,1,2,17,0,3,3,3,16,11,4,2,2,5,0,103,141,2,11,135,128
,515,1,1,1,1,1,3,2,2,1,2,3,3,2,1,2,2,3,3,372,3,3,2,5,2,2,3,4,3,3,3,3,5,3,3,4,6,6,3,4,4,2,8,8,4,7,5,7,9,5,9,12,5,10,4,1,7,2,2,2,2,11,0,0,1,1,3,0,1,2,5,1,1,2,21,1,1,1,1,10,0,2,1,2,16,9,2,2,2,4,0,286,326,3,10,322,326
,520,0,1,1,1,1,2,2,2,2,2,2,2,2,1,3,2,4,3,762,3,2,2,2,3,2,2,2,2,4,2,4,5,7,4,6,3,6,6,3,6,3,5,4,7,6,5,7,8,5,9,7,6,5,6,1,11,2,3,1,1,7,0,0,1,0,5,0,1,1,3,1,1,2,15,1,2,1,1,20,0,3,2,3,15,9,2,4,2,2,1,563,655,2,11,669,686
,525,1,1,1,1,1,3,2,1,2,1,1,2,3,2,2,4,3,3,1386,3,2,1,2,3,2,1,4,1,4,2,4,3,4,4,4,3,3,3,6,6,6,5,7,4,6,4,7,8,13,5,9,5,5,3,1,9,3,1,2,1,4,0,0,1,0,5,0,1,2,5,1,1,3,12,1,1,1,1,13,0,1,1,2,15,6,4,2,1,4,0,992,1202,2,13,1226,1209
,530,1,1,1,0,1,2,3,1,2,2,3,2,2,1,3,1,3,3,2402,3,1,1,2,1,2,1,2,1,2,4,2,5,3,4,4,3,3,5,6,3,5,6,7,6,5,8,7,9,8,5,3,7,5,6,1,9,3,2,2,1,4,0,0,1,1,2,0,1,1,4,1,1,2,13,1,2,1,1,13,0,2,1,2,10,7,2,2,1,4,0,1799,2166,4,12,2125,2157
,535,1,0,0,0,1,1,1,2,3,3,2,3,1,3,2,2,3,2,3536,3,1,1,3,2,1,1,3,3,2,3,4,4,1,1,3,2,2,5,5,2,4,3,3,2,5,6,7,6,5,3,6,7,7,2,1,3,1,1,2,1,7,0,0,1,1,4,0,0,1,4,1,1,3,13,1,2,1,1,14,0,1,3,4,11,7,3,5,3,5,1,2571,3036,4,15,3066,3034
,540,1,0,1,0,0,2,1,1,2,1,2,3,1,2,3,1,3,2,4131,1,2,3,2,3,3,1,3,2,3,1,2,4,1,3,2,2,6,5,4,5,1,2,5,6,5,3,4,3,3,8,1,3,2,5,1,9,1,2,1,1,8,0,0,1,0,2,0,1,1,4,1,0,3,19,1,1,1,2,15,0,2,3,4,22,9,6,4,3,4,1,3038,3618,5,24,3569,3615
,545,0,0,0,0,0,2,1,1,2,1,1,1,1,2,3,2,1,2,4217,4,1,1,3,0,1,3,3,1,3,1,4,3,1,1,5,5,2,4,5,4,3,1,2,2,1,6,5,2,3,8,5,2,7,4,0,6,1,0,1,1,7,0,0,1,0,3,0,1,1,2,1,1,2,11,0,2,1,3,15,0,2,4,4,25,13,5,6,4,5,1,3102,3725,6,27,3703,3623
,550,0,0,1,0,0,1,2,0,2,2,1,1,2,1,1,2,3,1,3713,2,2,4,2,0,2,2,3,1,3,1,3,4,1,0,2,5,1,4,4,4,4,2,5,2,0,3,2,5,3,6,6,2,7,1,1,12,0,0,1,1,7,0,0,0,0,1,0,0,0,1,1,1,3,14,1,3,1,2,10,0,3,4,6,30,19,8,5,3,6,1,2820,3312,6,22,3318,3287
,555,0,0,0,0,0,0,1,1,1,1,1,1,1,2,2,1,2,2,2707,1,2,1,2,1,1,1,2,1,2,1,1,2,1,2,3,3,2,2,2,2,1,2,3,3,1,4,3,3,3,3,1,3,10,3,1,6,1,1,1,1,5,0,0,1,0,3,0,1,1,3,1,1,4,25,1,2,1,2,14,0,4,4,6,25,16,8,7,3,7,1,2046,2493,8,28,2403,2417
,560,0,0,0,0,0,1,1,1,1,2,1,1,1,1,1,1,1,1,1784,2,1,1,2,1,1,1,1,1,0,1,1,1,2,1,2,2,2,1,5,1,1,3,2,6,3,3,2,3,9,3,1,2,6,3,1,4,1,1,1,1,4,0,0,1,0,3,0,1,1,5,1,1,4,30,1,3,1,2,15,0,3,5,6,29,21,7,6,4,7,1,1392,1647,6,21,1627,1609
,565,0,0,0,0,0,2,1,0,1,1,1,1,2,1,1,1,1,2,1258,1,0,1,1,1,1,1,2,3,1,1,2,2,1,1,3,3,2,2,2,1,0,3,6,3,1,2,2,2,4,3,0,2,2,2,0,4,2,0,1,1,4,0,0,1,1,4,0,1,2,4,3,1,4,17,1,2,1,2,16,0,4,4,5,27,14,7,7,4,6,1,945,1186,5,24,1093,1115
,570,0,0,0,0,0,1,1,1,1,1,1,1,1,1,1,1,1,1,809,1,2,1,2,0,1,1,1,1,1,1,2,1,1,0,2,2,3,2,1,1,2,2,3,2,0,3,3,4,4,2,2,3,4,3,0,6,2,1,1,1,6,0,0,1,1,6,0,1,2,5,2,1,4,21,2,4,1,2,13,0,2,3,5,29,14,6,5,3,5,1,604,710,7,15,714,710
,575,0,0,0,0,0,2,1,0,1,1,1,1,1,0,1,0,1,2,444,1,0,1,1,0,1,1,1,1,0,1,1,1,1,1,2,2,2,1,2,5,1,2,1,1,1,2,2,3,5,5,2,9,5,3,1,5,3,4,2,1,9,0,0,2,1,7,1,1,2,5,2,2,4,17,2,2,1,2,12,0,2,2,3,19,10,5,4,3,4,1,353,436,4,10,418,409
,580,0,0,0,0,0,0,1,0,1,1,0,1,1,0,1,0,1,1,252,1,1,1,1,0,1,1,1,2,1,1,0,1,1,1,2,2,2,1,2,0,1,3,2,2,1,4,3,2,7,5,2,4,6,4,1,10,4,3,3,2,13,1,1,2,1,8,1,1,3,7,2,1,3,12,2,2,1,1,8,0,2,2,3,21,8,3,4,2,5,0,217,250,3,8,246,239
,585,0,0,0,0,0,0,1,0,0,1,1,1,1,0,1,0,1,1,144,1,1,1,1,0,1,1,1,0,1,2,1,1,1,1,3,2,2,2,6,1,1,3,4,4,2,5,3,9,11,9,4,12,10,8,2,14,6,5,5,3,19,1,1,3,1,10,1,1,2,6,2,1,3,8,1,1,1,1,7,0,1,1,2,10,6,3,2,1,2,0,110,139,3,7,135,133
,590,0,1,1,0,0,0,1,0,0,0,1,0,0,0,1,0,1,1,93,3,0,1,1,0,1,0,2,1,1,0,1,1,1,0,3,2,3,2,2,2,3,3,4,4,3,6,4,5,19,11,10,11,17,11,2,23,8,8,6,4,26,1,1,3,1,10,1,1,2,5,1,1,2,9,1,1,1,1,5,0,1,1,2,11,6,2,2,1,2,0,81,96,2,4,92,85
,595,0,0,0,0,0,0,1,0,1,1,0,0,1,1,1,1,1,1,56,0,0,1,1,0,0,1,1,0,1,0,2,1,1,0,3,2,4,4,4,3,4,5,6,6,7,11,7,8,27,18,16,21,23,16,3,32,12,10,8,5,34,1,1,3,1,9,1,1,2,3,1,2,2,7,1,1,1,1,6,0,2,1,1,8,4,2,2,1,1,0,45,63,2,10,59,56
,600,0,0,0,0,0,2,1,0,0,1,0,1,0,0,1,1,0,1,36,1,0,2,1,0,0,0,1,0,1,1,1,1,1,1,4,4,5,5,6,6,8,10,11,12,15,17,13,19,40,31,30,36,40,26,5,45,14,13,8,6,47,1,1,2,1,7,0,1,1,2,1,1,1,2,1,1,0,1,3,0,1,1,2,5,4,1,2,3,1,0,28,38,1,4,36,31
,605,0,0,0,0,0,0,1,0,0,1,1,1,0,0,1,0,1,1,22,0,0,1,1,0,0,1,1,0,1,1,1,1,2,1,8,6,8,13,13,17,19,16,20,21,28,32,25,31,59,54,51,55,63,38,6,57,15,14,9,7,39,1,1,2,1,5,0,1,1,3,1,1,1,2,0,1,0,1,4,0,1,1,1,5,3,2,1,1,0,0,17,28,1,2,24,20
,610,1,0,0,0,0,0,0,0,0,2,0,0,0,0,1,0,0,1,15,0,0,1,2,0,1,1,1,1,1,5,1,2,4,1,19,9,16,15,19,22,31,30,35,35,44,52,44,51,69,78,67,71,71,43,7,64,16,13,9,7,35,1,0,2,1,3,0,1,0,2,1,0,1,1,0,0,0,0,2,0,1,0,1,6,2,0,1,0,1,0,13,19,3,2,18,15
,615,0,0,0,0,0,0,1,0,0,0,1,1,0,0,1,0,0,1,13,1,0,0,3,0,2,1,2,0,2,5,1,2,7,2,22,16,23,25,33,36,56,49,59,56,73,78,65,79,75,90,84,82,85,48,7,65,14,13,7,7,33,0,0,1,1,4,0,0,0,1,1,0,1,1,0,0,0,0,2,0,0,1,0,4,1,1,1,1,1,0,7,18,1,0,16,8
,620,0,0,0,0,0,0,0,0,0,1,1,0,0,0,2,1,1,1,8,0,0,1,2,1,1,3,2,1,3,6,3,7,12,5,39,26,39,47,59,65,96,81,96,91,112,122,103,119,74,102,107,95,86,50,7,56,12,11,6,6,26,0,0,1,0,1,0,0,0,1,1,0,1,0,0,0,0,0,2,0,0,0,1,4,5,0,1,0,0,0,5,15,1,2,10,7
,625,0,0,0,0,0,0,1,0,2,0,0,0,1,0,1,3,1,2,3,1,0,2,4,1,2,2,4,2,6,5,5,6,21,9,72,50,71,84,101,120,145,138,144,132,160,169,151,163,69,116,104,100,89,52,5,48,8,8,4,4,19,0,0,1,0,0,0,0,0,1,0,0,0,0,0,0,1,0,2,0,1,0,1,5,1,0,1,0,0,0,6,10,0,0,8,4
,630,0,0,0,0,0,0,1,0,0,1,0,0,0,0,1,0,1,1,14,1,2,2,3,2,4,2,5,8,16,10,10,10,39,14,122,90,123,143,166,177,211,203,204,174,205,201,197,199,59,111,97,87,76,44,5,37,8,7,3,3,15,0,0,1,0,5,0,0,0,0,0,0,1,0,0,0,0,0,2,0,1,0,0,2,0,0,1,0,0,0,1,12,0,1,8,17
,635,0,0,0,0,0,3,1,0,0,1,1,1,1,0,1,4,1,2,3,2,2,4,5,4,6,4,10,9,18,15,15,15,60,25,182,130,177,201,220,240,261,260,240,210,226,222,229,228,53,103,91,78,65,34,4,28,5,4,2,4,11,0,0,0,0,0,0,0,0,0,2,0,0,0,0,0,0,0,2,0,1,0,0,2,1,0,4,0,0,0,0,12,0,1,8,3
,640,0,0,0,0,0,0,1,0,1,1,1,1,1,1,3,1,2,2,3,4,6,5,8,7,11,6,14,14,30,25,26,27,101,43,264,196,255,278,295,302,300,312,266,221,246,226,237,235,36,89,70,65,55,26,3,21,4,3,2,2,7,0,0,1,0,5,0,0,0,0,0,0,0,0,1,0,0,0,1,0,0,0,0,1,2,0,0,0,0,0,0,11,0,0,8,4
,645,0,0,0,0,0,1,1,0,0,1,2,2,3,1,3,2,3,3,3,6,6,8,13,13,18,11,23,24,58,42,42,42,166,68,353,284,335,352,342,361,311,334,292,233,234,215,243,221,27,70,54,51,40,21,3,19,3,1,1,1,2,0,0,1,1,0,0,0,0,0,0,1,0,0,0,0,0,0,1,0,0,2,0,2,0,0,1,0,0,0,0,8,1,0,7,0
,650,0,0,0,0,0,2,1,0,2,3,3,4,4,2,8,3,4,5,0,11,12,16,21,22,35,19,44,43,97,78,74,79,252,126,428,396,404,412,383,389,299,330,261,207,208,188,214,188,22,63,41,36,29,14,2,11,2,1,1,1,4,0,0,1,0,0,0,0,0,0,0,0,1,0,0,0,0,0,0,0,0,0,0,2,11,0,0,0,0,0,0,9,3,0,8,2
,655,0,0,0,0,0,3,2,1,3,4,5,5,7,2,6,6,7,6,2,16,19,24,34,37,52,31,65,65,150,119,116,121,346,180,472,455,455,436,383,387,292,320,246,188,179,155,184,170,15,47,39,30,23,12,1,6,2,0,0,1,2,0,0,0,0,0,0,0,0,0,0,0,0,0,1,2,0,0,0,0,0,3,0,0,12,0,1,1,0,0,0,11,0,0,2,0
,660,0,0,0,0,0,4,4,3,5,5,7,8,11,6,9,8,11,10,0,31,30,38,52,62,76,49,98,108,224,175,175,173,422,259,481,488,460,428,355,363,234,286,204,161,153,124,148,137,10,33,19,22,16,8,1,8,6,0,1,0,13,0,0,0,0,0,0,0,0,1,0,0,1,0,0,0,0,1,1,0,0,0,0,0,3,0,0,0,0,0,0,7,1,0,10,0
,665,0,0,2,0,1,8,8,5,8,8,11,13,17,8,15,19,17,15,0,43,47,64,80,93,116,79,149,162,301,252,246,252,494,340,463,509,432,395,318,325,207,229,175,127,122,92,121,110,10,27,15,13,12,7,2,4,6,0,0,1,0,0,0,0,0,0,0,0,2,1,0,2,0,0,0,0,0,0,0,0,0,0,0,0,0,0,0,0,0,0,0,8,1,12,6,2
,670,1,1,1,1,1,15,8,8,15,15,16,22,29,13,23,25,27,26,0,73,82,102,135,150,179,125,218,252,390,349,343,355,529,424,413,477,377,336,266,257,158,185,128,93,84,72,85,74,5,17,4,13,6,3,0,4,0,0,0,0,2,0,0,0,0,0,0,0,0,0,0,0,1,0,2,0,0,0,0,0,0,0,0,2,0,0,0,0,0,1,0,10,1,14,3,1
,675,1,2,1,1,1,25,14,15,22,23,30,34,46,27,38,42,41,38,0,111,134,158,192,207,243,186,284,341,468,434,432,423,513,491,361,424,327,294,206,207,117,146,110,69,60,53,69,55,9,18,4,9,6,5,0,0,0,0,0,0,0,0,0,0,0,0,0,0,0,0,0,1,0,0,0,0,0,0,1,0,0,0,0,1,0,0,1,0,0,0,0,11,0,0,6,0
,680,2,2,2,2,2,36,20,21,34,35,44,53,71,35,58,62,67,59,0,165,187,230,266,277,304,251,351,419,506,473,486,476,454,518,290,362,270,224,160,157,88,106,67,53,40,34,46,39,5,10,5,21,1,2,0,0,2,0,0,0,0,0,0,0,0,8,0,0,0,0,0,1,0,0,0,0,1,0,0,0,0,0,0,2,0,0,6,4,0,0,0,7,0,0,7,0
,685,4,3,3,3,3,58,32,35,51,58,72,84,106,56,89,93,100,93,0,237,254,290,335,329,348,319,390,471,507,506,506,496,403,491,221,288,212,170,117,114,60,81,50,35,27,26,34,28,1,6,0,5,3,1,0,0,1,0,0,0,0,0,0,3,0,0,0,0,0,0,0,0,0,0,0,0,0,0,2,0,1,0,0,27,0,0,0,0,0,0,0,14,1,0,10,0
,690,6,6,6,5,5,90,50,59,78,88,111,130,169,86,146,152,165,144,0,319,334,372,386,381,387,389,420,506,484,494,500,490,332,458,171,232,157,131,88,84,46,63,39,29,24,24,22,23,5,6,0,0,3,0,1,0,1,0,0,0,0,0,0,0,0,0,0,0,0,0,0,2,0,0,0,0,0,0,1,0,0,0,0,1,0,0,0,0,0,1,0,15,0,0,6,0
,695,12,10,9,10,9,144,82,99,142,147,183,206,275,146,234,245,257,233,0,415,407,432,439,407,374,443,406,495,420,447,440,438,249,380,124,180,113,86,61,64,27,34,28,17,14,9,19,11,5,6,12,7,0,0,0,18,0,0,4,0,7,0,0,1,0,0,0,0,0,0,0,0,0,0,0,0,0,0,3,0,0,0,0,0,0,0,0,1,0,0,0,43,0,0,13,31
,700,16,19,15,14,14,233,129,163,214,230,280,317,398,225,351,363,384,338,32,486,447,483,435,408,371,452,367,475,359,385,407,391,200,304,85,126,84,62,43,47,16,27,18,17,10,10,12,11,1,6,0,3,0,1,0,0,0,0,0,0,0,0,0,0,0,0,0,0,0,0,0,1,0,0,0,3,1,0,0,0,1,0,0,0,0,0,0,0,0,0,0,15,0,0,9,0
,705,25,23,22,21,22,334,189,235,296,318,378,446,540,328,472,510,534,488,6,515,479,482,428,380,320,445,314,430,292,322,351,312,145,256,66,94,58,45,32,31,9,27,11,13,6,3,7,6,2,2,0,1,0,0,0,0,1,0,0,0,0,0,0,2,0,0,0,0,0,0,1,0,0,0,0,0,1,0,1,0,0,0,0,3,0,0,1,0,0,0,30,12,0,24,12,0
,710,37,34,32,32,32,484,276,327,434,451,531,582,667,467,625,655,674,640,0,490,448,422,360,317,263,392,251,326,211,237,251,231,104,182,48,66,44,30,25,20,8,18,9,10,1,10,7,7,1,3,0,0,0,0,0,13,8,0,0,0,0,0,0,1,2,0,0,0,0,0,0,0,0,0,0,0,1,0,5,0,0,0,0,0,0,0,0,1,0,0,0,19,0,0,11,0
,715,57,52,51,53,51,655,402,496,601,632,692,752,782,648,812,807,832,805,0,442,368,338,278,234,187,292,182,236,142,158,173,161,65,115,44,44,28,20,16,16,0,10,7,6,2,4,4,0,3,2,0,0,0,0,0,1,0,0,0,0,0,0,1,1,0,0,0,0,0,0,0,0,0,0,0,0,1,0,4,0,1,0,0,0,0,0,0,0,0,0,0,57,0,0,55,2
,720,83,78,71,78,73,793,552,664,757,788,826,848,853,793,917,897,910,949,0,366,296,276,218,177,129,238,134,170,99,118,118,116,44,84,20,34,24,15,10,13,0,8,3,6,0,2,3,0,2,3,0,1,0,3,0,0,0,0,0,0,0,0,0,0,0,0,0,0,0,8,0,0,0,20,0,0,0,0,3,0,0,0,0,1,4,0,0,0,0,0,0,12,0,0,20,0
,725,117,113,105,109,106,949,728,816,915,924,943,951,890,914,1015,964,1010,1032,0,310,251,225,175,139,103,186,96,132,78,88,96,83,33,62,33,24,18,9,7,8,0,6,3,5,0,3,1,1,0,23,0,0,0,2,0,0,0,0,0,0,3,0,0,0,0,0,0,0,0,0,0,0,0,0,0,0,0,0,0,0,0,5,0,0,0,0,0,0,7,0,0,8,2,0,7,0
,730,177,157,153,157,153,1094,901,1052,1054,1063,1041,1001,907,1049,1089,1014,1021,1100,0,265,204,186,140,113,80,148,80,101,56,70,71,70,27,48,14,19,14,6,8,1,0,5,0,5,0,3,4,0,3,1,0,0,0,2,1,0,0,0,0,0,0,0,1,1,0,0,0,0,0,0,0,1,0,0,0,0,0,0,3,0,0,0,0,0,0,0,0,0,0,0,0,16,0,0,13,0
,735,259,241,227,238,232,1195,1100,1257,1183,1185,1098,1009,854,1197,1090,1006,1022,1126,0,211,167,143,107,86,60,112,60,77,45,59,55,52,20,36,27,13,11,7,4,1,0,4,2,1,0,18,1,0,7,0,0,2,0,0,0,0,0,0,0,0,0,0,0,1,0,0,0,0,0,0,1,0,0,0,0,0,1,0,0,0,0,0,0,0,0,0,0,0,0,0,0,13,0,0,7,0
,740,396,369,352,366,356,1215,1275,1390,1241,1204,1057,949,745,1159,1026,905,898,1026,0,168,116,101,73,57,40,78,41,56,29,39,37,34,11,23,6,10,8,1,1,27,1,0,0,6,0,2,0,0,6,6,0,0,0,0,0,0,0,0,0,0,0,1,0,1,0,0,0,3,0,0,1,1,0,0,0,0,1,0,0,0,0,5,0,1,0,2,1,1,0,0,0,8,0,0,22,0
,745,550,513,489,500,480,1147,1361,1398,1165,1151,957,835,648,1108,939,791,805,948,8,113,92,78,61,41,33,58,31,42,19,22,28,30,14,21,10,11,3,3,3,2,0,0,0,2,0,5,0,0,2,7,0,0,0,2,0,0,0,0,0,0,0,0,2,1,0,0,0,0,0,0,1,0,12,0,0,0,1,0,0,0,9,0,0,0,0,0,0,0,0,0,0,27,0,0,25,0
,750,732,670,635,664,640,1043,1354,1372,1071,1056,819,715,526,995,762,661,665,792,0,84,68,73,45,27,21,43,27,42,15,23,20,22,8,8,10,10,3,0,0,0,0,7,0,0,0,8,0,0,0,0,0,0,0,0,0,0,0,0,0,0,0,0,0,1,0,0,0,0,0,0,4,0,0,0,0,0,1,0,7,0,0,0,0,5,4,0,0,0,0,0,0,27,0,1,15,0
,755,967,889,830,863,839,868,1199,1205,873,856,635,548,391,846,599,498,504,626,0,63,46,42,32,22,19,33,19,19,7,12,13,19,8,4,3,3,10,0,0,0,0,0,0,0,0,3,0,0,4,7,0,0,0,0,0,0,0,0,9,0,0,0,0,0,0,0,0,1,0,0,0,1,0,0,0,0,2,0,0,0,0,2,0,1,0,0,0,0,0,0,0,24,0,0,17,0
,760,1226,1123,1059,1093,1062,704,1084,1050,748,687,515,415,292,657,475,393,386,468,1,48,32,30,26,13,15,23,19,13,7,12,9,10,2,4,9,7,2,40,0,0,0,0,0,0,0,14,0,1,3,7,20,0,0,0,0,0,0,0,0,1,0,0,0,2,0,0,0,0,0,0,1,1,0,0,0,0,1,0,14,0,0,0,0,0,2,0,2,0,0,0,0,27,0,43,134,0
,765,1496,1343,1265,1303,1272,504,842,800,531,516,351,301,198,498,318,276,272,330,0,27,20,17,20,4,9,22,35,10,3,7,6,10,0,2,6,6,4,0,0,0,0,0,0,0,0,4,41,0,12,1,0,52,0,0,0,0,0,0,0,0,0,0,0,2,0,0,0,0,0,0,1,0,1,0,0,0,1,0,0,0,0,0,0,2,0,0,2,0,0,0,0,43,0,0,10,0
,770,1640,1488,1383,1429,1370,386,665,653,403,379,274,222,175,385,241,205,215,252,0,21,14,15,13,0,6,10,10,6,3,5,1,38,0,0,1,3,10,0,0,0,0,0,0,15,0,0,0,1,0,10,0,0,0,0,0,0,1,0,0,0,0,2,0,1,4,0,2,0,0,0,0,2,1,0,0,0,0,0,3,0,0,0,0,0,1,0,0,1,0,0,0,53,0,0,21,0
,775,1694,1513,1448,1500,1451,302,566,514,318,305,212,184,118,294,184,150,154,204,0,17,10,4,15,4,5,10,7,6,0,2,0,9,0,0,3,42,4,0,0,0,0,3,0,6,0,0,0,0,6,9,0,0,0,5,0,66,0,0,0,0,0,0,0,4,0,0,0,1,0,1,0,1,0,0,0,0,6,0,10,1,0,0,27,12,0,28,9,0,0,0,0,45,0,0,40,0
,780,1684,1468,1404,1434,1374,190,410,357,239,206,135,143,84,198,129,106,114,145,0,9,1,10,13,0,1,2,4,0,0,3,37,11,0,0,4,0,0,0,0,0,0,0,0,0,0,0,0,0,5,74,0,0,0,0,0,0,25,0,0,0,0,0,0,11,0,10,0,0,0,0,3,3,0,0,0,0,2,0,13,2,0,0,0,0,0,0,29,0,24,0,0,35,21,0,33,0
,785,1538,1340,1280,1340,1251,147,284,271,162,146,95,82,50,136,93,101,74,124,0,2,3,15,39,0,1,4,4,0,0,0,0,5,0,2,0,7,54,0,0,0,0,0,62,3,0,2,0,0,10,82,0,0,0,0,0,0,21,0,0,0,0,0,0,2,0,0,0,1,0,0,2,1,2,0,0,0,1,0,0,0,0,0,0,0,0,0,2,0,0,1,0,50,0,0,56,0
,790,1350,1211,1110,1145,1108,108,206,186,125,103,78,53,40,94,66,54,54,70,0,3,0,7,5,0,0,6,7,0,0,0,0,0,0,0,7,1,8,2,0,0,0,0,68,0,0,9,0,0,8,0,0,0,86,0,0,0,1,0,0,0,0,0,0,11,0,0,0,0,0,0,3,1,2,0,0,0,3,0,0,0,0,0,0,0,0,0,6,0,0,1,97,57,6,0,73,0
,795,1158,999,958,1000,954,78,162,132,79,80,52,42,25,63,57,40,43,63,0,8,0,0,8,0,0,6,3,3,0,4,0,3,3,0,7,0,3,0,0,0,0,0,0,0,54,3,0,0,9,0,0,0,15,0,0,0,6,0,0,0,6,0,1,5,0,0,0,1,0,0,1,2,0,0,0,0,2,0,0,1,0,0,0,0,0,0,3,0,2,1,0,63,32,0,66,0
,800,934,816,768,800,786,52,120,98,65,55,37,25,16,48,41,64,34,42,0,0,0,0,7,0,10,3,44,0,0,0,0,3,0,0,6,0,2,0,0,56,11,5,12,0,0,0,13,0,6,0,0,0,0,0,1,0,0,0,0,0,0,1,0,2,0,0,0,1,19,0,5,1,1,0,0,0,3,1,0,3,24,0,19,0,0,0,1,0,0,0,0,58,2,0,66,0
,805,690,602,572,589,558,65,86,51,79,41,23,19,10,28,33,17,12,44,0,0,0,0,8,0,4,0,7,0,1,0,0,5,0,0,9,0,0,0,0,0,0,0,0,0,0,0,0,0,0,0,0,1,0,0,1,0,0,4,0,0,0,0,0,0,0,0,0,0,0,25,2,0,1,0,0,0,1,0,34,1,0,0,0,0,0,0,0,26,0,1,0,80,0,0,54,0
,810,527,468,443,474,437,17,57,31,55,34,25,13,9,16,29,12,9,28,10,0,0,0,5,0,0,0,0,0,0,0,0,0,0,0,16,5,2,0,0,0,0,0,0,0,0,0,18,0,0,0,0,0,0,0,1,0,6,0,0,0,0,0,1,2,0,0,0,0,0,0,2,3,0,0,0,0,4,0,2,0,0,6,0,0,0,0,1,0,0,2,0,80,3,0,82,0
,815,398,375,333,336,328,10,51,18,22,27,14,0,0,10,23,3,20,23,0,2,0,0,0,0,0,12,0,0,0,0,0,62,0,0,0,6,4,0,0,0,0,0,0,5,0,0,0,0,8,7,0,0,0,4,0,0,0,0,0,0,0,0,0,3,0,0,0,11,0,0,0,1,0,0,0,0,3,0,15,4,0,0,0,0,0,0,2,0,0,0,0,74,0,0,83,0
,820,314,270,250,247,245,1,31,12,10,23,12,4,0,26,13,2,78,25,12,0,0,0,9,0,0,2,0,0,0,0,0,1,0,0,0,0,0,0,0,0,0,0,0,0,0,0,1,0,9,0,0,0,0,84,0,0,1,0,0,0,0,0,0,1,0,0,0,3,0,0,1,2,2,0,0,0,4,0,0,1,0,34,0,0,0,0,0,0,0,2,0,84,1,0,110,0
,825,216,196,182,168,168,0,27,4,13,16,11,0,0,4,22,4,64,19,0,0,0,2,12,0,0,8,5,0,0,0,0,8,0,0,0,0,123,0,0,5,0,0,0,0,0,101,0,0,11,0,0,21,0,15,0,0,1,47,42,1,0,0,0,5,0,0,0,5,0,0,2,1,0,0,0,0,4,28,0,1,7,0,0,14,0,0,0,0,0,2,0,92,0,0,87,20
,830,149,144,125,141,125,0,31,41,3,20,2,0,0,3,37,0,2,106,0,0,0,0,49,0,6,21,108,0,0,4,0,150,0,0,22,10,25,0,0,0,0,0,0,0,0,45,0,0,1,18,0,0,0,3,3,0,0,0,0,0,0,0,8,5,0,0,0,0,0,0,6,4,3,0,0,0,3,3,4,1,0,0,5,0,0,0,21,0,0,2,0,127,0,0,77,0
,835,109,105,106,101,85,0,22,0,2,9,1,86,123,0,32,0,0,35,0,0,0,0,43,0,0,17,0,0,0,0,0,17,0,0,6,25,10,0,0,156,0,0,0,0,0,16,0,18,29,0,0,0,0,0,8,0,0,0,0,0,0,0,1,13,1,0,0,0,0,0,18,8,0,0,0,0,12,0,0,1,0,0,0,0,0,0,24,0,0,2,0,162,0,0,230,19
,840,86,81,70,73,72,0,26,0,0,33,13,0,0,114,174,0,177,42,0,0,0,0,45,0,0,0,14,0,0,0,0,20,0,0,1,0,15,0,0,226,0,0,0,282,0,69,0,0,15,0,0,78,0,14,1,0,0,0,0,48,0,0,3,14,27,0,0,5,0,0,6,12,24,0,0,0,15,0,22,3,0,0,0,0,0,0,0,0,0,31,0,474,2,0,267,0
,845,37,40,44,72,47,0,14,0,0,3,14,0,0,0,89,0,41,103,0,0,0,8,58,0,0,0,39,0,0,0,0,348,0,0,0,46,0,0,0,0,0,0,0,0,0,2,0,0,69,0,0,0,0,0,74,0,0,0,0,0,0,26,30,28,0,21,30,11,0,0,1,15,0,0,21,0,28,10,12,2,0,0,0,0,30,0,0,0,0,6,0,375,0,0,432,0
,850,19,23,30,15,0,0,334,239,18,43,14,0,0,0,124,0,20,84,0,0,0,0,59,0,0,0,80,0,0,0,119,21,0,0,48,98,110,0,0,0,0,0,0,163,0,3,65,0,0,94,0,7,0,0,0,0,52,0,0,0,0,0,0,3,0,0,0,23,0,0,27,25,0,0,0,31,6,0,0,28,0,0,0,0,0,0,0,0,0,11,0,690,19,0,1440,0
,,,,,,,,,,,,,,,,,,,,,,,,,,,,,,,,,,,,,,,,,,,,,,,,,,,,,,,,,,,,,,,,,,,,,,,,,,,,,,,,,,,,,,,,,,,,,,,,,
Read 9:EM Spectrum,,,,,,,,,,,,,,,,,,,,,,,,,,,,,,,,,,,,,,,,,,,,,,,,,,,,,,,,,,,,,,,,,,,,,,,,,,,,,,,,,,,,,,,,,,,,,,,,,
,,,,,,,,,,,,,,,,,,,,,,,,,,,,,,,,,,,,,,,,,,,,,,,,,,,,,,,,,,,,,,,,,,,,,,,,,,,,,,,,,,,,,,,,,,,,,,,,,
,Wavelength,A1,A2,A3,A4,A5,A6,A7,A8,A9,A10,A11,A12,B1,B2,B3,B4,B5,B6,B7,B8,B9,B10,B11,B12,C1,C2,C3,C4,C5,C6,C7,C8,C9,C10,C11,C12,D1,D2,D3,D4,D5,D6,D7,D8,D9,D10,D11,D12,E1,E2,E3,E4,E5,E6,E7,E8,E9,E10,E11,E12,F1,F2,F3,F4,F5,F6,F7,F8,F9,F10,F11,F12,G1,G2,G3,G4,G5,G6,G7,G8,G9,G10,G11,G12,H1,H2,H3,H4,H5,H6,H7,H8,H9,H10,H11,H12
,500,1,1,1,1,1,3,2,2,2,2,2,3,2,2,2,2,2,2,40,2,2,2,2,4,3,4,3,2,4,5,5,4,3,3,6,4,3,8,7,5,9,9,13,6,11,9,8,10,1,1,6,1,3,4,1,8,11,10,2,2,4,6,8,12,9,3,3,7,1,13,2,2,8,12,8,3,4,19,7,21,0,4,1,3,1,11,4,3,3,4,35,38,11,3,37,36
,505,1,1,1,1,1,2,3,2,1,1,3,3,2,2,2,3,4,4,75,3,4,3,4,4,4,3,2,4,4,4,3,3,3,5,4,3,5,7,6,4,9,5,6,8,6,8,5,6,2,1,10,1,4,7,1,16,7,10,2,2,6,4,8,12,8,2,3,13,1,8,1,2,5,12,5,3,3,19,4,17,0,3,1,4,2,6,4,5,3,6,59,70,6,3,68,70
,510,1,1,1,1,1,4,2,1,1,1,2,3,2,2,1,2,3,3,145,2,2,2,3,3,2,2,2,3,4,4,3,3,5,3,7,3,5,8,4,3,8,7,5,8,5,5,8,9,1,1,9,1,4,4,0,12,6,5,2,1,4,3,7,6,16,2,2,14,1,11,2,2,8,13,5,3,2,17,6,21,1,4,1,3,1,9,2,3,5,4,120,138,10,5,141,144
,515,1,1,1,0,1,2,2,3,1,1,3,2,2,1,2,2,2,3,389,2,1,3,2,3,4,2,3,4,3,3,3,3,6,4,4,3,6,5,5,4,5,8,9,9,8,5,5,6,2,1,6,1,4,6,0,9,10,7,2,1,2,2,7,6,15,2,2,8,1,11,1,1,8,13,8,2,3,13,3,20,1,3,1,3,1,11,2,3,5,4,308,350,6,3,357,348
,520,1,1,0,1,1,2,1,2,2,2,2,2,1,1,2,3,2,3,793,3,1,2,2,2,4,2,4,4,4,3,3,4,5,4,4,3,3,6,4,2,4,4,5,8,5,5,6,9,1,0,5,1,2,4,1,6,10,8,2,1,2,5,7,11,13,2,2,12,1,7,1,1,7,11,7,2,4,16,5,20,0,5,1,4,1,6,4,4,2,3,654,769,4,3,766,732
,525,0,1,1,0,1,3,2,1,1,2,2,2,2,1,1,2,4,2,1385,1,2,2,2,2,2,2,3,4,3,3,3,3,3,2,5,4,3,7,6,3,5,8,8,5,4,4,4,5,2,0,13,1,4,5,1,6,5,7,1,1,3,3,6,6,11,1,3,7,1,5,2,1,7,7,4,2,2,12,3,12,1,4,1,2,1,9,4,2,2,4,1145,1335,8,6,1398,1307
,530,2,1,0,1,1,2,2,2,1,0,1,2,2,2,2,1,1,2,2519,3,2,3,2,3,4,2,1,3,4,4,4,2,2,4,6,5,2,6,2,2,5,6,3,7,8,7,6,12,1,1,8,1,3,6,0,5,8,8,2,1,3,4,6,4,10,2,2,6,0,5,1,1,4,6,7,3,2,16,5,17,1,4,1,5,2,10,4,3,5,5,2078,2369,5,6,2429,2372
,535,0,0,1,0,1,1,1,2,1,2,1,1,1,1,2,1,1,1,3644,2,2,3,3,3,4,2,1,2,4,3,2,1,2,2,6,4,2,4,3,4,6,7,3,3,2,4,3,8,1,0,6,1,2,5,0,13,3,3,1,0,2,5,7,4,5,1,2,6,0,5,1,1,8,6,2,2,3,17,3,19,0,3,1,4,2,12,5,4,4,7,3157,3380,9,10,3520,3294
,540,1,0,0,1,0,3,2,2,0,1,1,2,1,1,2,1,2,1,4222,1,2,1,1,3,2,2,2,1,2,2,3,2,4,2,2,3,2,6,4,4,3,3,6,3,3,3,6,4,1,0,7,0,1,8,0,9,4,7,1,1,2,4,3,8,11,1,1,5,1,8,1,1,7,7,7,3,4,18,3,12,1,4,1,5,3,10,5,5,4,6,3578,4011,15,10,4084,3835
,545,1,0,0,0,0,1,1,1,0,0,0,3,1,1,2,1,3,2,4235,1,0,3,1,2,3,2,3,3,4,2,3,1,1,3,1,2,4,6,2,3,11,6,2,2,5,4,6,6,1,0,2,1,3,5,0,3,8,3,1,1,1,1,2,2,3,1,1,11,1,8,1,1,6,9,6,2,2,19,4,11,1,5,2,5,2,19,5,9,8,7,3526,4107,16,12,4124,3900
,550,1,0,1,0,0,2,1,1,2,1,2,1,0,2,1,1,2,1,3802,1,1,2,4,1,3,2,1,3,1,2,3,1,1,1,2,0,1,3,1,3,3,5,6,5,6,2,2,8,0,0,4,0,1,4,0,7,5,7,1,1,2,5,6,0,3,2,1,10,0,14,2,1,6,18,3,4,3,25,4,22,1,6,2,9,4,16,8,11,7,11,3253,3711,13,15,3724,3580
,555,0,0,0,0,0,2,1,1,0,0,1,1,1,1,0,3,2,1,2828,1,1,1,1,2,2,1,1,1,3,2,2,2,2,2,3,2,2,4,3,1,4,3,4,2,3,5,3,4,2,0,4,1,2,3,0,6,10,5,1,1,1,3,3,5,5,1,1,9,1,9,1,2,10,16,5,4,4,22,5,19,1,7,2,8,4,19,7,10,10,10,2373,2764,18,13,2700,2676
,560,0,0,1,0,0,2,1,0,0,1,1,2,3,1,0,1,1,1,1837,1,1,1,3,1,2,1,1,1,3,2,2,1,2,2,3,2,1,3,6,0,4,4,3,3,4,4,3,5,1,0,2,0,1,4,0,4,4,7,1,1,1,3,4,7,7,2,2,11,1,10,2,2,11,17,7,4,4,31,5,18,1,7,2,10,3,19,7,9,8,10,1552,1846,22,13,1800,1726
,565,0,0,0,0,0,2,1,0,1,0,0,1,3,1,0,2,1,1,1255,1,0,1,1,1,2,3,1,1,2,2,1,2,1,1,2,2,5,3,2,2,3,3,2,3,1,3,3,4,2,0,3,0,2,2,0,4,3,3,1,1,1,3,5,9,10,2,2,12,1,13,2,2,11,15,10,6,4,23,5,16,1,7,2,8,3,18,7,8,7,10,1071,1274,20,11,1261,1227
,570,0,0,0,0,0,1,1,2,0,0,0,1,1,1,0,1,1,1,811,1,0,3,1,1,1,1,1,1,2,1,1,1,1,1,2,0,2,4,2,2,8,2,8,3,3,2,2,4,1,0,3,0,4,3,0,5,5,5,3,2,3,5,6,11,12,2,3,15,1,14,2,2,10,17,9,4,3,17,4,13,1,5,2,6,3,16,5,7,7,8,677,826,14,7,789,795
,575,0,0,0,0,0,2,1,0,0,0,1,1,1,1,0,1,1,1,467,1,0,1,1,1,2,3,1,4,2,1,1,1,1,1,2,4,2,3,3,1,4,3,3,4,2,3,3,4,1,0,4,1,2,4,0,8,9,8,2,1,3,10,9,15,19,3,4,17,1,22,2,2,8,14,12,4,3,16,3,13,1,5,1,5,3,11,4,5,4,6,424,494,10,5,464,455
,580,1,0,0,0,0,1,1,0,0,0,0,1,1,0,0,1,1,1,270,1,0,1,1,1,1,1,1,1,1,2,1,0,1,1,2,1,2,3,2,1,3,2,3,3,3,4,3,5,1,0,4,1,3,5,1,10,13,12,3,2,5,9,12,21,23,4,4,22,1,15,3,2,8,10,9,3,2,10,3,11,1,3,1,5,2,9,3,3,4,5,235,272,8,4,269,268
,585,0,0,0,0,0,1,1,0,0,0,0,1,1,1,0,0,1,1,149,1,0,1,0,1,1,1,1,1,2,1,1,0,0,1,2,1,3,2,2,1,5,3,3,5,5,10,4,6,3,1,9,1,4,8,1,19,22,18,5,3,8,13,15,28,35,4,4,20,1,14,2,2,5,8,8,2,1,11,3,7,1,3,1,6,1,7,3,2,3,5,126,155,5,5,149,149
,590,0,0,0,0,0,1,0,0,0,0,0,1,0,1,0,1,1,1,97,1,0,1,1,1,1,1,1,1,2,1,1,1,1,1,3,1,3,4,3,2,5,4,4,7,7,7,5,7,4,1,12,2,7,12,1,28,33,28,7,4,9,13,16,27,26,4,4,18,1,13,2,1,8,7,8,2,1,8,3,3,0,3,1,2,1,7,3,1,2,4,81,104,10,1,94,96
,595,0,0,0,0,0,1,0,0,0,0,0,1,0,1,0,0,0,1,57,0,2,1,1,1,1,1,1,1,2,1,1,1,2,1,3,1,7,5,8,3,9,6,8,14,10,12,10,12,6,2,22,4,10,17,2,38,43,33,8,6,12,12,17,26,24,4,3,16,1,11,2,1,3,5,6,1,1,6,2,5,0,2,0,2,1,4,2,0,2,3,53,69,2,2,57,60
,600,0,0,0,0,0,1,2,0,0,0,0,1,1,1,0,1,0,1,35,1,2,3,1,0,1,1,1,1,2,1,1,1,1,1,4,2,5,7,8,8,14,12,14,15,18,20,17,24,9,4,40,6,16,26,2,56,51,41,8,7,14,12,14,26,21,3,3,13,1,8,1,1,3,4,4,1,0,6,1,1,0,2,1,2,1,5,1,1,1,2,27,37,2,1,36,37
,605,0,0,0,0,0,1,0,0,0,0,0,1,2,1,0,0,0,1,27,1,1,1,1,3,2,1,1,1,1,1,1,1,3,1,8,4,7,11,20,9,25,21,25,29,36,37,32,36,12,6,59,9,22,36,3,62,55,46,8,8,15,11,14,22,17,3,2,11,1,13,1,1,7,3,3,1,0,8,1,1,0,1,0,1,1,2,1,4,1,2,29,25,1,1,21,23
,610,0,0,0,0,0,2,0,0,0,0,0,1,0,0,0,3,0,0,15,1,0,1,1,3,1,1,0,1,3,2,1,1,5,2,14,10,13,19,22,16,49,36,42,48,60,59,53,60,14,8,79,11,26,44,3,72,57,44,8,8,14,8,10,17,12,4,2,8,0,3,1,1,2,2,4,1,0,2,1,0,0,1,0,2,1,2,1,0,1,1,15,28,8,1,15,17
,615,0,0,0,0,0,1,0,0,0,0,0,2,0,1,0,1,0,1,19,1,0,1,1,1,2,1,1,2,3,2,3,2,7,4,24,17,25,31,38,28,70,56,69,79,94,100,82,92,15,10,97,13,30,50,4,66,55,44,8,7,12,7,13,23,8,2,1,6,0,3,1,0,1,2,3,1,0,2,1,1,1,1,0,1,1,2,1,0,0,1,10,15,8,1,9,12
,620,0,0,0,0,0,1,0,1,0,1,0,1,0,1,0,1,0,0,8,1,0,1,1,1,2,1,1,2,6,4,3,3,18,6,47,28,38,56,63,49,114,99,110,130,138,138,128,133,16,12,108,15,33,49,3,63,44,35,6,6,9,4,7,8,7,1,1,6,0,3,0,1,1,0,1,1,0,1,1,0,0,1,0,1,1,1,1,0,0,1,5,9,0,0,3,9
,625,0,0,0,0,0,1,2,0,0,0,0,1,1,1,0,0,1,1,6,1,1,2,2,2,3,2,3,3,7,6,5,9,24,10,81,54,70,99,114,83,177,156,174,201,196,193,181,186,14,12,112,15,31,47,3,56,33,31,5,5,7,4,5,5,3,0,1,5,0,2,1,1,0,1,1,1,0,0,1,0,0,1,0,4,2,2,1,0,0,1,1,9,2,1,0,4
,630,0,0,0,0,0,1,0,0,0,0,0,1,0,1,0,2,0,1,12,1,1,3,3,3,6,3,5,6,14,10,9,11,43,16,137,100,123,167,181,131,243,236,231,246,252,231,232,225,12,12,102,14,28,39,2,43,24,22,3,4,5,3,3,6,1,1,1,5,0,5,2,0,1,0,2,1,0,0,0,0,0,4,0,1,1,2,1,0,0,1,5,7,0,1,0,5
,635,0,0,0,0,0,2,1,0,0,0,0,2,1,1,0,1,1,1,3,2,2,4,5,5,8,5,8,10,22,17,14,16,69,26,207,156,174,230,243,178,296,286,279,285,285,253,271,274,10,11,95,13,24,33,2,33,18,19,3,2,5,1,2,1,1,1,1,3,0,2,0,2,0,11,1,0,0,0,1,0,0,2,0,0,1,6,0,0,0,0,0,5,6,0,0,6
,640,0,0,0,0,0,2,0,0,0,0,1,1,1,1,0,4,1,2,0,4,4,6,7,8,12,8,14,16,36,26,25,27,114,43,296,226,242,323,315,230,335,353,306,313,288,252,279,261,8,9,78,11,18,32,2,32,12,13,2,2,3,2,3,0,0,1,0,1,0,0,1,0,0,8,1,1,2,0,0,0,0,1,0,1,0,3,0,0,0,1,15,4,9,0,0,3
,645,0,0,1,0,0,3,1,0,0,1,1,3,2,1,1,3,2,2,3,8,7,9,11,14,20,11,22,31,65,48,44,46,180,75,400,337,329,396,363,266,350,384,323,299,273,242,281,251,6,7,62,8,15,20,1,17,6,10,2,2,2,2,3,0,0,1,0,0,0,0,0,0,0,0,1,0,0,0,0,0,0,1,0,5,0,0,0,0,0,0,0,6,0,0,0,3
,650,0,0,0,0,0,8,1,2,1,2,2,5,5,2,2,8,4,4,5,12,13,17,22,24,34,20,41,47,108,83,82,81,281,126,476,437,391,470,398,296,334,382,297,288,247,221,255,228,4,6,43,6,11,15,1,15,5,5,1,1,1,1,4,0,0,0,0,2,1,0,0,0,0,0,0,0,3,16,0,0,0,1,0,0,1,0,0,0,0,0,0,2,0,0,0,0
,655,0,1,0,0,0,4,2,2,2,2,4,6,7,5,5,6,4,6,1,17,19,25,32,39,55,32,64,80,162,129,123,127,375,195,540,522,424,492,409,283,309,348,275,257,211,169,213,181,3,6,31,4,9,11,1,9,7,6,1,1,1,1,2,0,0,0,0,2,0,1,0,0,0,1,1,2,0,0,0,0,0,1,0,1,0,0,0,0,0,8,0,2,0,0,0,1
,660,0,0,0,0,0,7,3,3,4,4,6,9,11,5,8,9,8,8,3,26,31,41,52,58,84,51,98,113,231,186,186,186,458,267,536,557,441,476,370,264,279,320,237,204,174,141,180,150,3,3,25,4,5,9,0,8,15,4,1,1,1,0,4,0,2,0,0,0,0,0,0,1,0,0,0,0,0,15,0,0,0,1,0,0,0,4,0,0,0,0,0,7,0,0,0,2
,665,0,1,0,0,0,11,5,5,6,8,11,13,17,9,12,15,15,13,0,45,50,63,78,93,129,80,143,171,320,272,266,266,536,365,511,563,424,456,332,238,229,262,197,170,144,112,139,122,2,3,20,3,5,7,0,3,0,4,1,0,0,0,0,0,0,0,0,1,0,0,2,0,0,1,0,0,0,0,0,0,0,1,0,2,0,0,0,4,0,0,0,0,0,0,0,0
,670,1,1,2,1,1,16,9,9,13,14,18,23,31,16,21,25,29,29,0,77,85,109,134,147,189,124,217,266,426,376,367,368,566,456,437,518,362,373,279,186,173,197,139,127,100,78,104,100,1,2,13,2,4,5,0,4,1,6,1,0,1,3,2,0,0,0,0,4,0,0,0,1,1,0,0,0,0,0,0,0,0,1,0,1,3,0,0,0,0,0,0,7,0,0,0,1
,675,1,2,2,1,1,26,13,13,21,22,29,36,46,24,35,39,43,36,3,119,130,159,192,211,264,185,282,359,502,467,432,458,554,509,373,470,309,337,221,154,144,167,107,89,76,57,82,62,1,1,9,1,4,4,0,2,0,4,4,0,0,10,1,0,2,0,1,2,0,2,0,1,2,0,0,0,0,0,2,0,0,0,0,1,0,0,0,0,0,1,2,0,0,6,0,1
,680,2,2,2,2,2,40,21,23,33,38,46,57,75,40,55,64,63,59,9,172,187,231,260,281,332,256,351,440,541,515,504,499,509,532,304,396,246,257,167,114,103,117,80,66,53,41,53,54,0,1,5,1,1,3,0,0,0,0,1,0,0,2,2,0,0,0,0,0,0,0,0,1,2,0,3,0,0,0,0,0,0,1,0,1,1,0,0,0,0,0,19,0,0,0,0,0
,685,4,4,4,3,3,60,32,36,54,60,74,87,118,60,88,101,99,91,0,246,267,316,325,343,388,328,386,510,532,539,522,528,430,518,247,325,197,192,124,84,79,84,61,48,43,37,42,39,2,1,5,1,2,4,0,0,0,4,1,0,0,2,3,0,17,0,0,3,0,0,0,0,0,3,0,5,0,25,0,0,1,0,0,1,2,1,1,0,0,1,0,5,0,0,0,0
,690,6,6,6,5,6,94,52,58,86,91,117,140,174,92,138,154,160,146,0,337,341,391,377,390,405,389,415,543,519,536,522,512,354,482,173,252,149,144,94,61,59,64,42,33,34,22,29,28,1,1,0,0,2,5,0,0,0,1,2,0,0,1,0,0,0,0,0,1,0,0,0,0,1,0,1,4,0,0,7,0,0,1,0,0,0,1,0,0,0,0,0,1,0,0,0,1
,695,12,10,10,9,10,157,84,95,147,158,184,220,281,157,232,247,261,227,0,431,417,461,418,413,413,445,399,544,459,474,473,465,278,401,124,181,104,109,67,43,42,48,30,28,21,32,21,25,1,0,0,0,1,3,0,0,0,1,1,0,0,0,2,0,0,0,0,0,0,0,0,4,0,0,1,0,0,0,0,0,0,0,0,1,1,0,1,0,0,0,0,4,0,0,0,0
,700,17,16,15,15,14,241,133,157,216,237,273,336,407,237,343,372,388,341,0,484,470,492,447,420,383,460,367,501,372,408,414,393,215,328,88,149,78,83,50,32,35,34,22,16,15,12,20,16,1,0,0,4,2,3,0,0,0,19,1,0,0,2,16,0,0,0,1,3,0,1,0,1,1,0,0,0,0,0,0,0,0,1,0,1,1,1,0,0,0,0,0,0,0,0,0,2
,705,27,24,22,23,23,356,202,227,327,335,400,452,554,340,481,500,538,487,0,527,486,490,405,367,325,434,318,444,316,342,350,323,156,261,67,102,56,60,37,25,23,26,16,18,14,5,10,16,0,0,1,0,3,3,0,0,0,1,2,0,1,16,2,0,0,0,0,3,0,0,0,0,0,0,3,0,0,0,0,0,0,1,0,1,0,28,0,0,9,0,0,0,0,0,0,0
,710,39,35,36,33,32,470,282,327,461,480,540,614,692,473,645,656,685,636,0,508,447,442,351,326,265,383,244,346,229,261,253,246,117,196,46,70,39,47,25,14,20,17,12,10,14,12,8,8,0,0,0,1,3,2,0,0,0,2,1,0,0,0,2,0,0,0,0,0,0,0,0,1,0,0,0,1,0,0,2,0,1,11,0,2,0,0,1,0,0,0,0,0,0,0,0,0
,715,58,54,53,55,51,663,417,485,650,668,716,772,784,663,803,809,858,805,0,436,373,354,266,231,199,288,170,245,149,171,175,165,68,118,35,39,28,28,15,13,10,8,26,8,10,7,8,16,0,0,0,3,1,4,0,0,0,2,1,0,0,0,2,0,25,0,0,6,0,0,3,0,0,0,2,0,0,0,9,0,0,0,0,4,1,0,3,0,0,0,0,4,0,0,0,5
,720,88,81,78,78,77,847,572,644,796,842,855,853,879,792,936,901,930,941,0,378,306,299,208,179,143,224,120,187,109,128,129,118,52,88,23,29,23,24,12,7,8,11,7,3,8,1,3,10,1,0,0,0,8,4,0,0,0,0,2,0,0,0,1,0,0,0,0,0,0,0,0,0,0,22,0,1,0,0,2,0,0,0,0,1,1,0,1,0,0,0,0,1,0,0,0,0
,725,123,117,113,113,110,981,744,822,959,991,964,959,912,956,1039,966,1015,1044,0,319,254,238,164,145,111,189,100,143,84,90,96,87,38,66,28,22,16,20,10,8,10,4,5,5,3,4,3,11,0,2,0,1,1,2,0,0,0,0,0,0,0,0,2,0,0,0,0,1,0,2,0,0,0,0,0,0,0,0,0,0,0,0,0,11,1,0,0,0,0,0,0,3,0,0,0,0
,730,182,162,159,165,158,1146,947,991,1126,1155,1048,1040,917,1095,1106,1056,1022,1100,0,271,215,195,131,113,91,146,73,110,64,75,70,66,27,55,10,15,14,14,9,5,4,7,4,1,6,6,0,10,0,0,0,1,1,3,0,0,0,2,2,0,0,1,1,0,0,0,0,1,0,0,1,0,0,2,0,0,0,0,0,0,1,10,0,1,0,0,0,0,0,0,14,0,0,12,0,4
,735,272,251,242,244,240,1258,1171,1234,1228,1247,1113,1043,907,1213,1132,1042,1031,1153,0,221,168,161,101,82,67,119,61,88,53,56,53,54,22,41,18,10,9,12,6,5,3,3,1,1,3,27,1,6,1,0,0,0,10,5,0,0,0,21,1,0,0,0,1,0,27,0,1,1,0,0,0,1,0,0,0,0,0,0,0,0,0,1,0,12,0,0,0,0,0,0,0,2,0,0,0,0
,740,415,390,367,375,370,1278,1365,1355,1307,1283,1051,986,763,1232,1054,929,935,1044,0,161,118,112,71,59,50,80,39,59,35,42,39,31,17,23,28,10,8,11,3,3,3,1,2,0,2,4,3,4,0,0,28,0,1,3,0,0,0,0,1,0,0,0,1,0,0,7,1,4,0,0,0,1,0,0,1,0,0,0,0,0,1,0,0,0,0,0,0,0,0,0,0,0,0,11,0,0
,745,574,522,507,524,501,1192,1423,1436,1266,1243,981,859,659,1146,910,813,815,921,0,118,92,98,59,46,43,60,31,48,31,37,26,27,7,20,0,5,5,17,3,3,5,4,7,0,0,1,0,10,7,0,0,0,5,3,0,0,0,23,0,0,0,2,8,0,0,0,0,0,0,0,0,1,0,0,0,0,9,0,0,0,1,0,0,16,5,0,0,0,0,0,0,11,32,0,0,0
,750,776,688,671,685,658,1080,1368,1360,1133,1099,827,721,554,1045,799,672,669,791,0,84,66,59,47,35,31,46,21,30,19,23,20,19,23,20,4,0,5,13,7,1,8,6,0,5,0,4,0,10,0,0,0,0,4,10,2,0,0,0,2,6,0,0,4,0,0,4,1,0,0,28,0,1,25,0,0,0,0,0,4,0,0,2,3,2,0,0,3,0,0,0,0,13,0,0,0,0
,755,1026,931,875,918,882,899,1272,1185,924,908,671,591,415,852,613,524,507,616,0,62,44,44,28,26,22,36,15,25,14,16,9,12,5,8,11,0,7,14,2,0,7,0,0,0,32,1,0,4,1,4,0,0,3,0,1,0,0,1,3,0,0,0,3,0,0,0,9,7,3,0,1,1,0,0,21,0,0,0,0,0,0,5,0,19,1,0,6,0,0,0,0,0,0,0,0,0
,760,1278,1162,1109,1146,1122,734,1103,1048,769,707,534,458,304,694,483,389,387,470,0,43,52,34,22,21,20,43,13,20,14,15,8,7,1,12,10,0,6,19,3,2,6,1,0,0,1,0,5,14,0,0,0,7,0,6,1,0,0,56,13,0,0,31,4,0,0,0,0,0,0,6,1,0,0,0,0,0,0,0,0,0,1,3,0,0,3,0,2,0,0,1,0,0,9,0,0,0
,765,1533,1392,1325,1357,1329,535,881,798,557,541,383,308,215,515,320,282,275,337,0,30,19,27,15,14,13,15,5,11,2,13,2,1,1,6,4,0,6,10,0,2,16,4,0,2,0,0,0,9,0,0,0,2,4,7,0,0,0,0,2,0,0,0,11,0,0,0,0,4,0,0,2,2,0,0,0,0,0,0,0,0,1,2,0,7,2,0,25,0,0,0,0,97,0,27,0,0
,770,1696,1505,1476,1508,1466,412,717,639,439,416,280,227,158,380,251,210,200,258,0,25,15,19,6,14,15,13,9,37,6,36,0,6,1,0,2,0,6,13,0,0,5,32,47,5,4,0,11,22,0,0,0,0,2,5,1,0,44,50,15,0,0,0,0,0,0,0,0,0,0,0,1,1,0,0,1,0,0,0,0,0,2,1,3,5,1,0,1,0,0,0,0,0,0,0,0,0
,775,1770,1572,1507,1579,1510,343,598,504,329,312,219,179,119,307,180,159,150,195,0,14,9,18,8,9,17,9,2,14,14,4,0,8,1,0,0,37,52,20,5,0,9,3,0,2,1,5,0,14,0,0,0,0,12,13,1,0,0,0,4,0,0,1,8,0,0,0,3,14,6,0,0,2,0,0,0,0,0,0,0,0,2,0,0,38,1,0,2,0,0,0,0,0,0,0,0,0
,780,1724,1522,1489,1517,1456,228,427,346,254,218,151,119,77,202,123,108,96,134,0,15,2,10,7,2,42,8,6,7,4,10,0,0,0,0,11,0,1,22,0,0,28,0,0,0,3,5,4,11,1,0,0,2,2,3,1,0,0,0,1,1,0,3,19,0,0,0,0,0,0,0,0,1,0,0,8,21,0,0,0,0,0,4,0,0,4,1,1,29,0,0,0,14,0,0,0,0
,785,1639,1404,1353,1385,1353,164,306,260,157,154,99,89,51,147,80,71,69,93,0,8,3,12,5,4,12,3,0,5,0,1,0,2,0,0,0,0,7,14,0,0,16,2,1,0,0,4,0,17,0,0,0,3,0,4,1,0,0,0,5,0,0,1,8,0,0,19,0,8,0,0,0,3,0,0,0,0,0,0,32,0,2,2,2,1,5,0,2,23,0,0,0,2,0,43,0,0
,790,1431,1235,1193,1209,1154,127,221,182,109,133,81,68,39,103,56,61,46,61,0,7,0,11,7,3,6,5,8,6,10,3,1,0,4,0,12,0,3,13,1,0,11,47,0,0,1,4,0,10,0,7,0,2,6,0,1,15,0,0,3,0,0,0,0,0,0,0,1,6,0,0,1,4,0,0,0,1,0,0,0,0,1,1,0,7,0,0,2,0,0,0,0,7,0,49,0,0
,795,1256,1068,1044,1033,995,95,172,131,82,68,53,48,21,85,32,41,31,52,0,1,0,7,42,3,14,0,2,2,2,4,0,0,0,1,0,0,11,20,3,0,8,9,80,0,0,0,0,24,0,0,78,1,6,8,1,0,0,8,5,0,0,1,10,0,0,25,0,9,0,23,3,0,0,0,0,0,0,0,0,0,7,16,0,8,4,0,0,0,0,0,0,0,0,0,106,0
,800,1008,855,827,845,825,79,127,112,58,57,34,35,15,69,23,29,20,39,0,0,0,8,33,5,16,4,8,1,6,4,0,0,0,0,4,0,12,34,0,0,25,0,0,0,4,0,0,22,1,0,0,0,7,0,1,0,0,12,5,0,0,0,0,0,0,0,0,0,0,0,0,0,0,0,0,1,0,0,0,0,2,4,0,0,0,4,8,0,0,16,0,191,0,0,0,0
,805,724,618,595,610,593,52,72,61,28,29,24,56,12,40,53,23,21,23,237,1,0,7,22,3,9,0,0,4,0,9,45,0,1,1,0,0,7,30,0,0,7,6,0,0,1,0,0,10,3,0,91,0,6,8,1,0,0,0,4,0,0,0,22,0,0,2,1,3,0,0,0,4,0,0,2,0,0,0,0,0,1,0,0,8,5,0,0,0,0,0,159,0,0,0,0,0
,810,580,489,463,465,458,41,47,42,20,16,10,21,48,71,0,16,8,19,0,0,0,7,0,0,3,4,0,0,10,3,53,0,0,0,3,0,12,21,0,0,16,0,0,0,7,8,0,25,23,1,0,0,0,12,2,0,0,7,3,0,44,2,7,0,0,0,0,0,0,0,1,2,9,25,0,1,0,0,0,0,1,6,0,0,1,0,7,0,0,2,0,21,0,0,0,8
,815,462,378,356,356,343,33,40,17,14,4,7,16,10,22,0,9,2,25,0,0,0,12,12,1,0,5,0,14,6,68,30,4,0,0,0,36,10,33,0,6,126,4,0,16,0,0,0,3,0,0,0,0,7,11,1,0,0,0,11,0,0,0,23,0,0,2,31,0,0,0,0,0,0,0,0,34,0,0,0,0,2,11,0,19,6,0,0,0,32,0,0,0,0,0,0,2
,820,310,279,265,277,255,22,23,6,0,0,0,9,2,20,0,8,0,14,65,0,0,5,0,6,10,6,65,0,15,1,0,0,1,0,0,0,93,26,0,0,16,0,0,8,0,7,0,131,0,0,10,0,2,1,1,0,0,0,6,0,0,2,3,0,0,0,0,15,0,2,23,1,0,0,0,0,0,0,0,0,2,4,0,3,4,0,0,0,0,2,0,0,0,0,0,0
,825,222,204,181,193,188,25,17,1,0,0,1,73,0,25,0,11,0,4,0,61,32,1,11,0,26,14,0,0,13,4,0,0,0,0,0,0,14,27,143,0,23,0,133,0,0,0,9,38,5,0,0,0,8,34,0,0,0,15,10,0,0,0,7,0,0,0,0,24,1,0,6,4,0,0,0,0,0,0,2,0,2,8,0,6,4,25,0,0,0,2,0,0,0,0,0,0
,830,167,141,138,130,125,18,11,0,0,0,0,7,0,8,0,20,0,1,0,0,0,17,11,0,0,5,2,8,16,14,0,0,0,7,0,0,18,35,0,7,24,7,0,6,14,149,0,54,4,0,0,0,14,45,1,0,0,7,4,0,0,0,0,0,0,0,0,0,0,0,3,0,0,0,0,0,23,0,0,0,1,11,0,21,10,0,0,0,0,0,0,0,0,0,0,0
,835,132,108,108,100,83,37,10,0,0,0,0,139,0,16,0,24,0,0,0,18,0,26,97,9,39,1,6,7,9,0,0,0,0,0,0,0,0,60,22,1,26,0,0,0,0,198,225,29,0,0,0,4,16,22,5,0,0,0,0,0,0,0,31,0,0,0,15,0,0,0,0,8,4,0,0,0,0,0,0,0,4,11,23,6,14,0,0,0,0,0,0,24,0,1,0,0
,840,92,89,78,59,77,57,0,0,0,0,0,63,0,20,0,0,0,3,0,0,0,38,13,4,37,19,0,31,50,16,0,0,0,0,325,0,37,95,33,14,0,0,0,0,0,53,0,105,88,0,0,4,63,10,3,0,0,39,21,0,0,0,0,0,0,0,11,0,0,0,0,0,0,0,0,2,0,0,0,0,8,6,34,26,10,0,0,0,0,30,0,0,0,0,0,51
,845,65,63,57,9,37,82,0,0,0,0,0,8,0,27,0,26,0,24,0,0,0,20,27,37,41,255,23,0,53,0,0,16,0,0,0,0,498,171,0,440,13,0,0,0,0,0,0,118,0,0,0,110,53,99,7,0,0,2,51,0,0,21,0,0,0,0,23,21,29,0,13,15,0,0,15,14,0,0,1,0,9,18,0,0,16,0,33,0,0,0,0,0,0,0,0,0
,850,45,38,0,0,1,99,0,0,0,0,0,91,0,44,0,0,0,0,0,0,0,44,34,0,69,0,434,28,21,0,459,0,0,0,0,0,236,137,0,0,104,35,0,0,15,0,91,286,0,122,0,0,100,0,81,0,0,0,42,57,0,0,26,0,0,0,0,0,0,0,4,25,0,0,0,0,0,0,0,0,32,30,0,0,34,0,28,0,0,0,0,160,0,0,0,0
,,,,,,,,,,,,,,,,,,,,,,,,,,,,,,,,,,,,,,,,,,,,,,,,,,,,,,,,,,,,,,,,,,,,,,,,,,,,,,,,,,,,,,,,,,,,,,,,,
Read 10:EM Spectrum,,,,,,,,,,,,,,,,,,,,,,,,,,,,,,,,,,,,,,,,,,,,,,,,,,,,,,,,,,,,,,,,,,,,,,,,,,,,,,,,,,,,,,,,,,,,,,,,,
,,,,,,,,,,,,,,,,,,,,,,,,,,,,,,,,,,,,,,,,,,,,,,,,,,,,,,,,,,,,,,,,,,,,,,,,,,,,,,,,,,,,,,,,,,,,,,,,,
,Wavelength,A1,A2,A3,A4,A5,A6,A7,A8,A9,A10,A11,A12,B1,B2,B3,B4,B5,B6,B7,B8,B9,B10,B11,B12,C1,C2,C3,C4,C5,C6,C7,C8,C9,C10,C11,C12,D1,D2,D3,D4,D5,D6,D7,D8,D9,D10,D11,D12,E1,E2,E3,E4,E5,E6,E7,E8,E9,E10,E11,E12,F1,F2,F3,F4,F5,F6,F7,F8,F9,F10,F11,F12,G1,G2,G3,G4,G5,G6,G7,G8,G9,G10,G11,G12,H1,H2,H3,H4,H5,H6,H7,H8,H9,H10,H11,H12
,500,1,1,1,1,1,2,2,2,2,3,3,3,3,2,3,3,4,3,43,2,3,2,2,3,3,2,4,2,5,2,3,4,3,4,7,6,5,8,5,6,8,6,7,8,6,10,4,10,9,2,9,3,8,4,10,12,7,11,13,0,3,4,7,2,7,2,6,11,1,1,2,6,4,2,29,2,2,1,4,3,0,3,14,0,1,4,5,1,2,1,30,40,15,9,36,42
,505,1,1,1,1,1,3,2,2,2,1,2,2,4,2,2,2,2,2,75,5,3,2,4,4,3,2,4,2,4,4,4,3,5,5,6,6,6,3,10,7,8,9,7,5,9,6,5,10,8,2,11,4,8,3,13,7,9,8,9,0,4,3,5,1,4,2,4,13,1,2,2,10,4,2,12,2,2,1,5,4,0,5,10,0,2,2,5,1,2,0,65,73,9,7,76,76
,510,1,1,1,1,1,2,2,2,2,3,3,2,3,1,2,3,2,3,148,3,2,3,3,3,3,2,4,4,3,4,5,3,5,4,3,4,7,6,4,7,7,6,6,5,9,5,4,6,9,1,15,4,12,7,12,7,8,6,13,1,4,2,4,2,4,1,4,11,1,1,3,10,3,3,31,2,1,1,3,3,0,3,15,0,2,3,7,0,2,1,131,150,14,8,158,160
,515,1,1,1,1,1,2,2,2,1,1,2,3,4,2,2,3,3,2,346,3,3,2,3,2,4,2,4,4,3,4,3,3,4,5,3,3,4,7,7,4,5,7,10,7,9,9,4,5,5,2,5,2,6,5,7,11,4,7,7,1,3,3,6,2,7,1,5,12,1,1,2,10,5,2,19,1,1,1,4,2,0,5,12,0,2,2,4,1,3,0,348,392,10,7,393,406
,520,1,0,1,1,1,1,3,3,2,1,1,1,3,2,2,2,2,1,750,3,1,3,3,4,4,2,2,1,5,3,4,5,2,4,5,5,6,4,4,6,4,5,8,7,7,5,4,9,8,2,8,2,7,5,11,7,7,11,12,1,4,2,7,2,6,1,3,10,1,1,3,9,3,2,12,2,1,1,5,4,0,4,13,0,2,2,2,0,3,0,736,808,14,6,825,826
,525,1,1,0,1,1,2,2,2,1,1,2,2,2,1,1,3,3,2,1380,3,1,3,2,3,4,1,2,1,5,2,3,4,4,5,3,5,7,6,4,3,7,4,8,3,7,5,3,4,4,1,8,2,5,3,13,7,6,8,6,0,3,4,10,2,3,2,6,5,1,1,1,8,2,3,19,1,1,1,3,2,0,5,7,0,1,2,3,0,2,0,1277,1445,14,10,1501,1492
,530,0,1,0,1,1,2,1,2,2,2,1,1,1,1,1,1,2,3,2359,3,1,2,3,3,4,2,3,1,4,3,2,4,2,1,5,2,2,5,6,5,6,7,7,7,4,7,3,4,7,1,3,1,4,2,10,6,2,9,6,0,1,3,6,2,5,1,3,5,0,1,2,9,4,2,9,1,1,1,4,3,0,5,9,0,1,4,5,0,3,1,2339,2604,8,10,2610,2636
,535,0,0,1,1,1,1,2,2,2,2,3,1,2,1,2,3,3,1,3542,2,1,1,2,3,2,2,1,2,2,1,5,4,4,1,5,2,6,4,6,2,5,4,7,3,5,2,6,8,8,1,7,3,8,4,9,4,5,7,9,0,1,1,5,2,3,1,2,9,1,1,2,3,5,2,8,2,1,1,5,4,0,4,17,0,1,4,4,1,4,0,3375,3842,16,18,3695,3828
,540,1,0,0,0,0,1,2,2,2,2,1,1,3,2,1,2,3,1,4033,3,1,1,1,2,4,1,1,1,3,1,1,4,4,1,4,5,5,1,2,2,2,3,6,6,6,6,4,4,3,2,2,1,4,3,9,8,5,3,9,0,1,1,2,1,3,1,2,9,0,0,1,3,5,3,15,1,1,1,4,3,0,5,13,0,2,4,6,1,4,1,3993,4395,14,22,4320,4616
,545,0,0,1,1,1,0,1,2,0,2,2,0,1,2,1,1,2,1,4117,2,0,1,1,2,3,1,1,1,2,1,3,3,3,1,7,5,4,6,5,5,2,3,3,3,6,6,1,6,3,1,6,3,4,2,8,5,6,8,11,0,3,3,2,1,2,1,2,4,0,1,2,13,5,2,18,2,2,1,5,2,0,9,21,0,2,8,6,1,4,1,3980,4469,24,21,4509,4481
,550,1,0,0,0,0,1,2,2,1,0,2,2,1,2,2,1,4,1,3729,1,2,1,1,1,2,0,2,0,4,1,1,4,3,1,1,1,8,1,5,1,5,6,3,5,6,4,5,7,1,1,6,1,6,4,4,7,0,3,7,0,1,1,1,2,2,1,4,9,0,1,2,3,5,4,7,2,1,2,6,2,1,8,28,0,3,8,7,1,6,1,3576,4093,21,23,4036,4006
,555,0,1,0,1,0,1,1,1,1,1,1,0,2,1,1,1,1,1,2774,1,1,2,1,1,2,0,1,1,2,2,1,3,2,2,3,2,2,3,2,2,3,3,5,2,3,4,3,4,3,1,3,2,6,3,6,10,3,7,6,0,2,1,3,1,4,1,3,7,1,1,2,8,6,4,15,2,2,2,5,2,1,13,29,0,3,7,10,1,5,1,2682,3005,28,22,2976,2970
,560,0,0,0,1,0,1,1,1,0,1,1,1,2,1,1,1,2,1,1769,2,1,1,1,1,2,1,1,1,2,2,2,1,2,2,1,1,3,2,1,3,3,4,3,3,3,4,2,3,1,1,7,2,3,3,4,10,1,11,5,0,2,2,3,2,4,1,7,9,1,1,3,10,10,5,18,2,2,2,5,2,1,11,29,0,3,8,9,1,5,1,1781,2082,32,18,1963,2029
,565,0,0,0,1,0,0,1,1,0,1,1,2,3,1,1,2,2,0,1208,1,0,1,1,1,2,1,0,1,2,1,1,2,1,4,2,4,2,2,2,1,2,3,3,2,4,3,3,3,4,1,2,1,2,2,6,4,0,4,7,0,2,3,5,2,6,2,5,12,1,1,3,12,7,4,22,2,2,1,5,4,1,9,28,0,3,7,9,1,5,1,1235,1441,23,16,1366,1383
,570,0,0,0,1,0,1,1,1,1,0,1,1,1,0,1,1,2,1,834,1,0,1,1,1,2,0,1,1,4,1,1,1,3,1,2,2,3,2,2,2,2,4,3,3,3,2,2,4,4,1,8,2,5,3,6,6,3,7,8,0,3,3,7,2,7,2,6,15,2,2,4,14,7,4,28,3,1,1,5,2,0,8,25,0,3,6,7,1,4,1,797,888,21,17,865,874
,575,0,0,0,1,0,1,0,1,0,0,1,1,1,0,1,1,2,1,450,1,0,1,0,1,1,3,1,3,1,1,1,2,1,1,2,3,2,3,2,2,2,8,7,2,4,2,2,3,6,1,0,2,6,3,7,8,6,9,12,0,3,5,9,3,9,3,8,17,1,2,4,12,5,3,26,2,1,1,3,2,0,6,16,0,2,5,6,1,4,1,456,539,17,12,494,528
,580,0,0,0,0,0,0,1,1,0,1,2,2,2,0,2,1,1,0,256,1,0,1,1,1,1,0,1,0,2,1,1,2,1,1,1,1,2,2,2,3,3,4,4,2,3,3,3,5,8,1,5,4,9,4,9,12,9,16,20,1,7,8,12,4,12,3,10,19,1,2,3,13,5,3,25,1,1,1,3,3,0,5,12,0,2,4,5,1,2,0,251,308,12,7,286,308
,585,0,0,0,1,0,1,0,1,0,0,1,0,1,0,0,2,1,0,148,1,0,1,1,0,1,1,1,0,1,0,1,2,2,1,2,2,2,3,3,3,4,5,4,9,6,5,4,7,14,2,9,4,13,7,21,19,18,26,31,1,10,9,17,5,17,3,11,17,1,2,3,10,3,3,22,1,1,1,3,2,0,4,8,0,1,3,4,0,2,0,153,169,10,5,167,162
,590,0,0,0,0,0,0,0,1,0,0,1,0,1,0,1,0,1,1,98,1,0,1,1,0,2,1,1,0,2,0,0,2,2,1,2,1,3,3,3,2,5,5,6,7,8,6,5,10,22,3,15,7,24,10,27,29,26,38,47,2,13,10,17,5,14,3,9,18,1,1,2,8,3,2,19,1,1,1,2,1,0,3,8,0,1,2,3,0,2,0,93,108,6,5,108,109
,595,0,0,0,0,0,1,0,1,0,0,0,0,1,0,0,0,1,0,63,1,0,1,1,1,1,0,1,0,1,0,0,1,1,1,4,3,3,4,5,5,9,9,8,9,12,11,9,14,35,4,26,10,33,15,42,43,36,47,49,2,16,11,16,6,11,3,8,13,1,1,2,6,2,2,14,1,1,1,1,1,0,2,5,0,1,2,2,0,2,0,60,74,6,3,72,72
,600,1,0,0,0,1,0,1,1,0,0,0,0,1,0,0,0,1,0,38,1,0,1,1,0,2,0,1,0,1,0,1,1,2,2,5,3,5,8,9,9,16,14,17,17,21,25,17,23,57,7,44,18,56,23,63,59,43,58,57,3,18,10,21,5,12,3,6,11,1,1,1,4,1,1,12,1,1,0,1,0,0,2,4,0,1,1,2,0,1,0,34,48,5,3,52,42
,605,0,1,1,0,0,0,1,0,0,0,0,0,1,0,0,1,1,0,26,1,0,1,1,0,1,0,0,0,2,0,1,2,4,2,10,6,9,12,15,16,27,25,30,31,42,42,29,43,75,12,75,26,77,34,82,67,46,63,60,3,17,8,13,4,9,2,5,8,1,1,1,3,2,1,7,0,1,0,2,1,0,1,4,0,1,1,2,0,1,0,20,30,3,2,28,26
,610,0,0,0,0,0,0,0,0,2,0,1,0,1,0,0,0,1,0,18,1,0,0,0,1,2,0,1,1,2,1,1,2,4,3,15,12,17,20,26,27,47,45,53,54,70,69,48,70,89,16,93,34,92,40,93,72,44,60,52,3,15,6,11,3,6,2,4,7,1,0,1,1,5,1,8,0,1,1,1,0,0,0,0,0,0,1,2,0,1,0,11,20,4,1,28,18
,615,0,0,0,0,0,0,0,0,0,0,0,0,1,2,1,0,1,0,15,3,2,1,1,3,2,0,1,0,2,1,1,3,8,4,27,17,27,33,48,44,79,68,85,92,107,108,74,111,94,20,112,41,109,44,91,76,41,55,49,2,14,6,10,3,6,1,2,7,0,0,0,1,1,1,6,0,0,0,0,2,0,2,2,0,1,1,1,0,1,0,7,16,2,0,28,17
,620,0,0,0,0,0,0,0,1,0,0,1,0,1,0,0,0,1,1,9,1,0,1,1,1,2,1,2,1,5,6,3,4,13,5,50,34,48,60,79,84,127,113,138,141,161,165,123,166,94,23,132,45,109,43,88,64,34,52,39,2,10,6,6,4,4,1,5,3,0,0,0,0,1,1,4,0,0,0,0,2,0,0,2,0,0,0,1,0,1,0,4,10,2,0,10,9
,625,0,0,0,0,0,0,0,0,0,0,0,0,2,0,0,1,1,0,7,3,0,1,2,2,4,1,3,3,7,6,5,7,27,12,86,61,91,110,135,144,199,183,207,210,230,213,172,225,83,23,131,42,105,41,74,53,26,39,30,2,9,3,4,2,3,1,2,3,0,0,0,0,0,3,3,0,0,0,0,0,0,1,1,0,0,1,0,0,1,0,0,11,3,1,9,8
,630,0,0,0,1,0,0,0,0,0,0,0,0,2,0,3,1,1,1,8,2,1,2,3,3,5,5,6,5,15,10,10,10,50,19,160,109,154,180,208,228,278,265,293,266,288,266,214,280,69,24,122,41,92,34,57,45,18,29,21,1,6,2,3,3,1,1,0,1,0,0,0,0,0,1,6,1,0,0,0,0,0,0,0,0,0,0,1,0,1,0,0,9,2,0,8,9
,635,0,0,0,1,0,1,0,1,1,0,1,0,4,0,0,1,2,0,6,3,2,4,4,6,8,4,8,8,22,17,17,19,72,29,223,169,226,258,292,304,329,334,342,317,315,288,244,311,59,22,115,37,78,31,50,35,12,24,17,1,5,2,2,3,2,0,0,2,0,0,0,0,0,0,4,0,1,0,0,0,0,1,0,0,0,0,1,0,1,0,0,5,0,0,7,4
,640,0,0,0,0,0,1,0,0,0,0,1,4,2,0,1,1,2,1,3,4,4,9,8,9,13,6,13,15,37,30,28,28,121,47,325,253,320,348,364,381,371,399,385,334,321,303,251,311,46,19,88,29,59,23,37,29,10,17,13,1,4,2,1,1,1,0,0,2,0,0,0,0,0,1,1,0,0,0,0,0,0,0,0,0,0,0,0,0,1,0,0,21,0,0,6,4
,645,1,0,0,0,0,1,1,1,1,2,2,2,4,1,2,2,3,2,3,6,9,9,12,14,21,15,23,26,61,47,47,51,191,80,434,367,414,449,430,441,394,416,388,339,309,268,249,286,34,16,74,23,48,21,25,29,7,14,12,1,4,1,0,3,1,1,5,0,0,0,0,0,0,1,0,0,0,0,1,0,0,6,0,0,0,0,1,0,0,0,0,6,0,0,6,3
,650,0,0,0,1,1,2,1,2,2,2,3,3,6,3,4,3,6,3,25,10,12,16,21,28,37,21,44,48,110,87,82,89,304,140,522,483,507,508,459,478,369,413,354,303,277,227,217,254,22,11,48,17,35,13,31,16,1,9,9,0,1,1,0,1,2,0,0,0,0,0,0,0,0,0,0,0,0,0,0,0,0,0,0,0,0,0,0,0,0,0,0,4,0,0,5,7
,655,0,0,0,1,0,3,2,3,4,4,4,5,8,3,6,6,8,5,2,17,20,29,34,41,59,32,68,80,163,135,128,133,396,212,561,549,548,535,454,468,336,384,319,258,242,187,189,219,17,9,36,14,27,11,14,10,3,9,7,0,0,0,1,1,2,0,0,1,0,0,0,0,5,0,0,0,0,0,0,0,0,0,0,0,0,0,1,0,1,0,0,6,0,2,5,3
,660,0,0,0,1,0,6,3,4,7,5,7,8,12,5,11,9,11,9,2,26,33,41,54,63,89,53,106,114,234,195,189,194,493,294,579,590,553,533,440,431,303,358,292,230,192,152,160,179,12,7,24,10,18,7,10,10,0,7,6,0,1,0,0,1,0,0,0,0,0,0,0,0,0,0,1,0,0,0,0,0,0,0,0,0,0,0,1,1,4,0,0,6,2,1,9,18
,665,1,1,0,1,1,9,5,6,10,8,13,11,20,10,19,15,17,13,3,43,51,64,82,98,137,80,159,179,335,288,276,271,552,384,552,606,524,483,382,387,239,290,220,178,154,120,122,137,8,5,18,8,17,7,10,7,0,5,9,0,0,0,1,1,2,0,0,0,0,0,0,0,0,1,32,0,0,0,1,0,0,0,18,0,0,0,0,0,0,0,0,12,2,0,6,2
,670,2,1,1,2,1,15,8,11,16,16,20,23,32,16,25,26,27,23,6,70,90,110,143,163,209,130,235,266,439,387,386,391,592,498,466,556,456,405,306,297,181,216,162,124,109,81,91,97,4,4,9,5,10,4,6,5,0,5,19,0,0,1,0,0,1,0,5,0,0,0,0,0,0,0,0,0,0,2,0,3,0,0,0,0,0,0,1,0,1,0,0,6,0,1,8,1
,675,2,1,1,2,2,25,13,18,28,26,33,36,51,25,39,42,42,38,0,108,138,161,199,228,280,204,304,357,508,478,457,467,576,557,388,510,398,337,241,248,135,175,128,97,81,59,66,79,4,3,6,4,8,4,5,4,0,5,5,0,1,0,0,1,0,0,0,0,0,0,0,0,0,0,0,0,0,0,0,0,0,1,19,0,0,0,0,0,1,0,0,11,19,1,4,5
,680,3,3,2,3,3,40,22,26,38,39,47,56,78,40,61,63,68,60,31,159,198,234,269,291,343,274,372,445,544,516,515,517,514,566,322,415,305,269,192,184,104,131,93,80,60,47,52,55,3,3,0,4,8,3,21,7,0,1,3,0,0,0,0,1,0,0,0,0,1,1,0,0,0,0,0,0,0,0,0,0,1,0,0,0,0,1,1,0,0,0,0,1,1,0,3,4
,685,5,4,3,6,4,62,35,39,62,57,79,84,120,64,94,98,104,91,5,222,278,313,340,359,409,339,429,511,553,541,545,544,445,558,240,339,239,206,143,131,77,97,71,49,50,33,37,45,4,2,0,3,22,3,19,7,0,4,3,0,0,0,0,1,1,1,0,2,0,0,0,0,0,1,0,0,3,2,0,0,0,0,0,0,0,0,0,0,1,0,0,7,1,0,0,3
,690,7,7,6,7,6,93,54,64,92,93,123,137,177,98,150,154,160,142,7,304,361,387,411,415,423,415,457,551,522,540,538,525,370,502,194,262,186,149,104,100,56,70,51,32,34,25,29,34,0,2,0,2,8,4,3,5,0,0,3,0,0,0,0,0,0,0,0,1,0,0,0,0,0,1,3,0,0,0,0,0,0,0,17,0,1,1,1,0,0,1,0,45,0,0,9,4
,695,11,11,10,11,10,160,93,103,156,156,204,225,300,170,249,247,256,234,0,380,433,457,450,435,429,474,417,540,445,490,484,476,275,412,132,186,132,114,69,71,39,55,35,25,29,14,17,20,2,2,17,3,1,13,0,0,0,1,6,0,0,0,0,1,0,0,0,18,1,0,0,13,0,0,0,0,0,0,0,0,0,0,0,0,0,0,0,1,1,0,0,9,2,1,3,0
,700,18,16,14,16,16,253,138,159,242,236,300,339,429,255,378,378,380,359,0,440,486,499,461,431,409,474,375,504,373,420,421,411,210,340,93,141,97,78,55,52,32,43,24,16,22,13,13,17,2,1,0,1,2,3,9,0,0,0,1,0,0,0,0,1,12,0,0,0,1,0,0,0,0,0,5,0,0,0,0,5,0,0,0,0,0,0,0,0,0,0,0,7,0,0,37,0
,705,27,26,24,24,24,359,208,245,360,347,440,466,582,374,514,516,528,516,9,467,495,494,430,394,359,467,322,431,301,348,347,330,159,277,72,109,66,59,46,37,18,36,18,13,13,29,16,13,0,2,0,4,0,4,0,0,0,3,1,0,0,0,0,1,1,0,0,0,1,0,0,0,0,1,0,0,1,0,0,0,0,0,0,0,0,7,1,1,0,0,0,3,0,0,48,10
,710,40,37,35,36,33,491,302,347,503,481,601,622,711,533,690,671,668,645,9,459,471,447,367,331,289,385,264,350,236,258,257,254,110,205,51,71,54,44,50,42,11,25,15,6,15,10,7,11,2,1,0,3,0,3,1,2,0,0,3,0,0,0,0,1,1,0,0,0,1,0,0,0,0,0,0,0,0,0,0,0,0,0,0,0,0,0,3,1,1,1,0,9,0,0,0,1
,715,60,59,53,57,58,688,449,503,690,661,778,787,835,744,880,848,825,841,0,387,392,367,281,243,198,311,176,246,146,173,181,169,67,124,35,51,34,43,20,17,9,13,9,3,11,6,5,17,0,1,0,2,0,3,0,6,0,0,4,0,0,1,0,1,1,0,0,17,1,0,0,0,0,2,0,0,0,1,0,0,0,0,0,0,0,1,2,1,1,0,33,2,0,0,4,6
,720,90,83,79,83,82,861,609,685,888,847,906,907,890,896,1009,913,909,957,5,326,332,294,216,188,158,242,134,181,111,126,134,125,51,92,21,39,29,21,19,12,7,15,10,4,8,4,5,10,0,1,0,2,0,3,0,1,13,0,8,0,0,0,0,0,1,0,0,0,1,0,0,0,0,0,0,0,1,3,0,0,0,0,0,0,0,9,0,0,0,0,0,29,0,0,1,1
,725,131,122,112,117,115,1029,788,874,1059,1001,1052,1009,935,1069,1142,996,989,1073,0,280,268,239,169,149,121,201,105,147,84,96,99,92,40,69,18,26,19,11,9,10,7,12,7,3,5,0,5,4,0,1,0,2,23,3,0,0,0,0,0,0,1,2,0,0,0,0,10,0,1,0,0,0,0,0,2,0,0,0,0,0,0,0,0,0,4,0,10,0,0,0,0,4,12,2,0,3
,730,186,169,164,169,165,1170,989,1083,1273,1150,1167,1076,951,1254,1206,1046,1036,1149,3,243,230,196,137,113,99,156,73,112,61,81,71,85,35,55,13,20,16,14,12,8,2,9,4,1,9,7,4,9,0,1,0,1,22,2,0,1,0,1,0,0,0,0,0,1,0,5,0,0,0,0,0,0,0,0,0,0,0,0,0,0,0,0,0,0,4,10,0,1,2,0,0,9,0,15,3,3
,735,281,250,240,253,252,1314,1257,1292,1377,1259,1200,1088,892,1339,1198,1068,1022,1187,1,191,172,162,105,84,73,121,59,85,52,53,59,58,17,44,9,12,13,14,8,7,0,12,4,1,27,7,1,3,0,2,0,2,0,3,0,0,0,0,2,0,0,0,0,2,8,0,0,0,1,0,0,0,3,1,0,0,0,0,0,0,0,0,0,0,0,0,0,1,1,0,0,0,0,0,58,4
,740,436,388,368,391,381,1314,1423,1423,1411,1311,1153,985,789,1345,1108,938,916,1078,4,137,122,109,85,65,52,82,43,55,35,37,39,39,17,33,1,9,7,11,8,1,0,9,0,0,7,3,2,4,0,6,0,4,1,5,0,2,0,0,39,0,0,2,0,2,1,0,0,0,1,0,0,0,0,9,0,0,1,0,0,0,0,0,0,0,0,0,0,0,0,0,0,8,8,0,5,0
,745,598,545,515,536,542,1250,1510,1467,1387,1256,1039,917,683,1285,994,822,815,976,1,110,104,82,59,46,41,62,40,58,45,26,27,36,14,22,3,7,23,6,4,2,4,12,0,0,5,1,29,6,0,0,0,5,0,13,0,0,0,1,2,0,1,0,0,3,0,0,0,0,1,0,0,0,0,1,0,0,0,0,0,0,0,0,0,0,0,0,4,1,0,0,0,10,0,1,0,51
,750,792,722,681,710,700,1137,1491,1418,1245,1119,918,761,548,1146,853,715,671,840,0,83,77,62,39,35,29,43,26,31,21,19,21,25,6,20,0,10,6,2,1,0,0,13,0,0,9,2,3,6,0,2,0,3,35,4,0,0,0,0,7,0,0,0,0,2,2,0,0,0,0,0,10,21,0,1,0,0,1,1,0,6,0,0,0,0,0,0,1,1,2,0,0,10,2,0,12,0
,755,1055,948,900,950,925,917,1332,1309,1041,925,751,590,424,943,647,535,506,648,3,60,47,45,30,25,20,26,14,35,9,9,10,14,0,11,0,0,6,5,0,0,0,7,0,0,13,2,3,7,0,1,0,4,0,4,0,0,0,0,0,0,0,0,0,4,1,5,0,0,1,0,0,0,0,0,7,0,0,0,0,0,0,0,0,0,2,0,1,1,2,0,0,7,0,0,5,0
,760,1350,1205,1170,1200,1186,738,1197,1109,877,751,566,447,310,756,517,398,398,494,6,43,32,33,23,20,17,40,13,12,19,6,6,16,8,13,0,26,9,0,0,0,4,10,0,0,7,12,0,8,0,3,0,4,53,6,0,6,0,46,1,0,0,0,0,2,1,0,0,1,2,4,0,0,0,2,2,0,1,2,0,0,0,0,0,0,0,1,24,1,3,1,0,15,4,0,38,0
,765,1611,1438,1367,1446,1389,556,962,874,643,542,403,326,222,561,361,310,268,351,0,35,19,19,15,12,14,14,9,5,13,4,4,16,2,8,0,0,5,0,0,0,0,15,0,0,6,4,0,6,0,1,0,2,0,4,0,10,0,0,14,0,0,3,0,4,0,1,0,0,1,0,0,0,0,1,0,0,0,2,0,0,0,0,0,0,1,0,0,1,2,0,0,22,0,0,11,6
,770,1785,1583,1489,1562,1525,424,789,691,493,431,320,241,174,452,260,213,198,264,7,25,7,20,15,11,15,7,4,5,7,0,0,15,0,16,0,1,14,0,0,0,0,17,0,0,6,4,1,0,0,2,0,8,0,4,0,4,0,0,0,0,0,3,0,4,0,11,0,0,1,0,0,0,0,0,0,0,1,0,0,0,0,0,0,0,1,0,0,2,2,0,0,16,0,0,40,0
,775,1890,1628,1553,1650,1590,329,615,528,373,318,249,192,124,338,190,160,161,207,5,23,13,16,6,7,15,11,32,0,3,0,4,13,0,4,0,3,6,0,2,0,0,25,0,0,14,5,5,7,0,5,0,9,3,9,0,0,0,0,35,1,0,35,0,4,0,2,26,0,2,0,0,0,0,0,0,0,2,0,0,0,1,39,0,0,2,0,2,1,25,0,0,14,0,0,17,11
,780,1846,1580,1520,1596,1561,240,443,412,263,218,159,121,86,229,133,106,129,138,0,13,0,5,5,7,13,2,3,0,1,0,0,8,0,0,0,0,0,3,0,0,0,24,0,25,0,7,65,11,0,5,0,3,0,8,0,0,0,6,0,0,0,0,0,3,2,0,20,0,3,0,0,0,0,25,20,0,0,1,0,0,0,0,0,0,0,0,3,2,21,0,0,30,0,0,22,8
,785,1681,1477,1387,1450,1390,169,346,288,180,148,116,80,64,163,94,72,86,95,0,13,0,9,0,5,10,4,4,0,0,0,0,11,0,1,0,0,1,0,0,0,0,26,0,0,15,2,0,6,0,5,0,5,0,9,0,81,0,0,0,0,0,1,0,4,0,1,0,0,1,0,17,10,0,0,0,0,1,2,0,0,0,0,0,1,2,0,3,1,5,5,60,49,0,0,9,17
,790,1471,1288,1246,1298,1239,108,241,203,128,111,87,63,87,111,66,52,73,63,15,13,0,32,0,7,9,0,0,0,7,0,0,13,0,0,0,0,0,4,0,4,0,14,0,0,0,0,0,0,0,20,0,4,9,4,0,3,0,0,0,1,0,0,0,2,0,0,0,24,1,0,7,0,0,28,4,0,0,13,0,14,4,0,0,0,0,0,0,3,2,0,0,23,0,0,0,0
,795,1306,1112,1039,1098,1062,81,172,147,105,87,61,39,38,89,49,44,50,44,0,18,0,4,0,1,20,0,0,0,2,0,0,25,0,2,0,0,9,2,0,0,0,17,0,0,13,0,0,19,0,6,0,5,0,5,0,14,60,0,0,0,0,0,0,3,0,0,0,0,1,0,0,0,33,0,4,0,2,0,1,0,0,1,0,0,2,0,8,2,6,1,0,25,8,0,14,14
,800,1071,891,833,897,856,62,134,107,77,53,43,25,33,95,70,25,35,37,2,17,0,8,0,4,14,0,0,0,54,0,0,11,0,5,0,5,0,0,0,0,0,19,0,0,11,0,0,31,0,24,0,10,0,13,0,6,0,2,22,0,0,0,0,7,0,2,0,5,3,0,0,0,0,0,0,0,16,2,0,25,1,0,0,0,0,37,0,2,35,0,0,36,0,14,11,0
,805,756,662,615,664,624,32,76,80,56,32,35,14,22,35,22,20,21,18,0,11,0,0,0,2,17,0,0,0,1,0,0,10,0,6,0,0,0,0,1,0,0,20,0,0,12,5,0,14,0,2,0,12,0,13,0,0,0,17,16,0,0,0,3,7,0,2,0,0,3,0,0,0,0,0,0,0,2,1,0,0,1,0,0,0,2,0,8,2,6,1,0,28,5,0,1,12
,810,606,507,478,505,485,25,60,54,26,32,26,9,12,24,14,13,31,20,14,16,0,11,1,3,8,0,0,0,18,0,0,11,0,0,0,0,18,3,1,0,0,30,0,0,7,0,6,1,0,5,0,10,0,15,0,4,0,0,0,0,52,0,0,8,3,0,0,0,2,0,22,0,3,3,0,0,2,0,0,26,0,0,0,2,1,0,0,2,1,6,0,25,0,0,7,6
,815,468,395,363,388,374,25,36,37,18,16,14,0,16,14,6,10,17,0,0,13,0,15,50,1,17,0,0,0,0,0,0,23,0,3,0,0,19,121,0,0,0,44,0,0,1,105,0,20,0,5,0,2,0,26,0,0,58,0,10,0,0,0,0,9,6,4,0,0,3,0,0,0,0,1,0,0,2,2,0,1,0,0,0,1,0,2,0,4,0,1,0,53,0,0,26,0
,820,343,283,268,287,272,53,29,24,15,4,19,54,13,0,0,3,24,4,0,15,0,6,2,0,15,0,0,0,15,0,0,6,14,0,0,0,0,0,0,0,0,37,0,0,9,3,2,0,0,6,0,8,11,19,0,0,0,0,7,0,1,0,0,6,1,2,0,7,6,0,0,0,0,0,0,0,0,13,0,0,0,13,0,1,4,2,0,4,12,0,0,1,33,0,37,38
,825,262,208,201,215,198,12,16,26,12,6,12,1,27,0,0,11,13,2,0,19,0,0,0,0,54,0,0,0,1,0,0,16,0,0,0,0,13,5,0,0,0,24,0,18,28,4,2,14,0,5,98,4,0,27,0,0,0,0,0,1,0,6,0,6,0,2,0,0,22,0,0,0,0,5,0,0,2,3,0,0,1,0,0,0,4,5,0,4,3,0,0,108,0,0,55,0
,830,173,153,143,155,146,0,7,15,0,4,5,0,10,0,0,0,22,0,106,17,0,13,76,22,15,70,3,1,7,0,0,114,0,18,0,0,12,6,0,21,0,41,0,0,36,0,0,222,0,9,113,20,0,23,0,58,0,0,0,0,0,5,0,15,10,6,0,0,4,0,0,0,0,0,0,0,0,4,0,0,0,0,0,1,3,1,0,7,0,2,0,24,31,0,36,0
,835,146,126,102,121,109,0,7,21,0,0,4,0,17,0,3,14,15,0,158,18,62,0,0,11,0,0,1,0,0,0,0,25,0,3,0,0,0,2,0,0,0,64,0,0,56,22,0,0,0,9,0,14,0,28,0,0,0,0,3,0,0,3,0,16,0,0,0,0,31,28,0,0,0,0,0,28,2,0,0,0,0,0,0,2,1,8,0,6,11,2,0,125,0,0,32,0
,840,103,80,84,91,83,0,0,0,0,125,0,0,20,0,0,0,43,0,0,47,0,38,1,0,52,0,42,89,20,80,0,8,0,0,0,0,0,12,0,0,356,114,0,0,37,21,323,91,0,14,0,30,0,47,0,14,0,0,0,0,0,24,0,26,36,28,0,0,6,0,0,0,18,3,20,0,4,4,0,0,2,0,0,5,2,12,32,10,19,1,0,138,0,49,0,164
,845,84,69,155,93,54,7,17,24,0,0,3,0,383,0,0,0,29,0,0,70,0,28,0,18,94,0,0,0,33,0,0,31,0,58,0,0,26,0,0,0,0,165,82,0,99,34,37,259,0,141,0,0,0,95,0,0,0,0,58,0,0,15,0,30,0,0,0,0,23,0,0,0,0,28,0,0,20,28,0,0,31,0,0,5,0,20,19,14,13,35,0,259,0,0,294,38
,850,195,41,29,67,16,0,0,6,0,0,0,0,136,0,0,0,182,0,0,549,0,0,0,18,213,0,0,0,0,0,0,37,0,29,0,0,0,7,90,0,0,335,0,348,192,0,0,156,0,55,0,131,0,110,0,0,0,0,54,69,0,0,37,36,11,25,0,0,31,0,0,0,0,28,0,0,28,0,26,0,30,0,0,35,31,4,0,36,21,0,0,630,0,0,68,0
,,,,,,,,,,,,,,,,,,,,,,,,,,,,,,,,,,,,,,,,,,,,,,,,,,,,,,,,,,,,,,,,,,,,,,,,,,,,,,,,,,,,,,,,,,,,,,,,,
Read 11:EM Spectrum,,,,,,,,,,,,,,,,,,,,,,,,,,,,,,,,,,,,,,,,,,,,,,,,,,,,,,,,,,,,,,,,,,,,,,,,,,,,,,,,,,,,,,,,,,,,,,,,,
,,,,,,,,,,,,,,,,,,,,,,,,,,,,,,,,,,,,,,,,,,,,,,,,,,,,,,,,,,,,,,,,,,,,,,,,,,,,,,,,,,,,,,,,,,,,,,,,,
,Wavelength,A1,A2,A3,A4,A5,A6,A7,A8,A9,A10,A11,A12,B1,B2,B3,B4,B5,B6,B7,B8,B9,B10,B11,B12,C1,C2,C3,C4,C5,C6,C7,C8,C9,C10,C11,C12,D1,D2,D3,D4,D5,D6,D7,D8,D9,D10,D11,D12,E1,E2,E3,E4,E5,E6,E7,E8,E9,E10,E11,E12,F1,F2,F3,F4,F5,F6,F7,F8,F9,F10,F11,F12,G1,G2,G3,G4,G5,G6,G7,G8,G9,G10,G11,G12,H1,H2,H3,H4,H5,H6,H7,H8,H9,H10,H11,H12
,500,1,1,1,1,1,2,3,2,3,2,2,4,2,3,2,4,3,3,40,3,4,2,2,4,4,4,2,2,4,5,6,3,3,5,5,6,6,5,6,7,5,5,7,5,3,6,8,6,1,7,6,2,11,4,9,11,7,7,10,13,3,4,9,4,7,4,12,3,9,1,2,2,2,2,11,2,22,1,19,2,0,1,7,2,6,10,11,1,2,2,35,42,1,24,41,36
,505,1,1,1,1,1,3,3,2,3,3,3,2,2,2,2,3,3,3,85,2,3,3,2,2,4,2,3,2,5,4,5,3,6,3,8,5,4,7,5,5,5,5,7,8,8,4,9,5,1,6,9,3,7,4,6,11,12,10,8,12,5,3,8,8,14,4,12,3,6,1,2,2,2,1,19,2,15,1,15,1,0,1,10,2,7,10,10,1,2,2,73,82,2,15,81,82
,510,1,1,1,1,1,2,3,2,2,2,3,3,2,2,2,2,2,2,139,2,2,2,3,4,2,2,2,2,4,3,5,3,4,5,5,5,4,5,4,7,5,7,9,6,3,6,7,8,1,7,10,4,8,6,6,7,11,9,7,12,3,3,8,3,12,3,16,6,6,1,2,1,1,2,14,2,19,1,15,2,0,1,10,3,6,13,4,2,2,2,145,166,1,16,168,160
,515,1,1,0,1,1,2,2,2,4,2,3,2,2,1,2,3,3,2,383,3,2,3,3,2,2,3,4,2,5,3,6,3,3,3,5,3,5,4,4,4,6,9,8,3,3,3,4,6,1,6,9,2,7,6,6,8,7,4,6,12,4,1,7,4,9,3,21,3,9,1,2,1,2,1,9,2,16,1,19,2,0,0,6,3,3,9,5,1,1,2,381,411,1,11,434,418
,520,1,1,1,1,1,2,2,2,1,3,2,3,2,2,3,2,2,1,815,2,1,2,2,4,5,2,2,2,3,5,5,4,2,3,7,5,6,4,6,8,4,7,7,3,6,2,4,5,1,5,3,2,10,6,8,10,11,3,6,10,3,3,12,2,12,4,9,2,5,1,1,2,1,2,16,2,13,1,19,2,0,0,15,2,6,11,8,2,1,2,796,869,1,10,877,904
,525,1,1,1,1,1,2,1,2,2,3,1,3,2,1,3,3,2,3,1441,3,3,2,1,2,2,3,3,2,4,5,5,3,2,4,7,3,5,4,4,4,3,6,8,6,5,6,4,4,1,6,4,2,5,3,5,12,10,8,9,8,2,2,12,5,12,2,13,2,3,1,1,1,1,2,7,3,20,1,12,1,0,1,9,4,4,7,8,1,2,3,1357,1551,1,18,1584,1608
,530,1,1,0,0,1,1,2,1,2,1,1,2,3,1,3,3,3,2,2528,1,1,2,2,1,1,3,3,3,2,3,3,2,2,2,4,2,2,10,4,6,6,6,4,6,6,4,7,4,1,5,7,3,5,5,8,5,10,3,9,8,2,1,5,3,11,2,14,2,3,1,2,1,1,2,12,1,18,1,18,1,0,1,11,3,7,13,9,2,4,3,2547,2839,2,28,2921,2857
,535,1,1,1,1,0,2,1,2,1,1,1,2,1,2,1,2,2,2,3567,4,1,2,1,1,2,2,1,3,4,3,3,3,6,4,3,4,2,3,7,3,2,6,7,5,1,5,6,3,0,8,3,2,3,5,8,4,9,9,10,12,2,1,8,4,9,2,7,4,7,1,1,1,1,2,12,1,10,1,20,2,0,1,8,5,8,12,12,1,2,3,3593,4053,2,31,4148,4091
,540,1,1,0,1,1,2,1,1,1,1,1,3,2,2,1,1,2,2,4312,2,1,2,1,1,2,3,2,3,2,2,4,2,1,3,6,2,2,2,2,6,2,3,4,5,1,1,5,2,0,7,2,1,4,3,5,7,3,2,2,8,1,1,3,4,3,3,12,2,4,1,2,2,1,1,6,2,20,1,10,1,0,1,11,4,8,22,15,2,4,4,4210,4689,2,40,4787,4853
,545,1,0,0,1,0,2,1,2,1,2,2,3,1,1,0,2,2,2,4325,2,2,2,3,1,1,2,3,0,1,2,2,2,3,4,6,4,4,2,5,3,4,6,3,1,0,3,1,2,0,2,7,3,2,4,4,7,2,2,7,8,2,1,3,1,9,3,7,1,3,1,2,2,1,1,6,4,13,1,23,2,0,1,17,7,9,25,17,2,3,5,4414,4930,3,46,4931,4787
,550,1,0,1,0,1,1,1,2,2,2,1,1,0,2,1,1,4,0,3837,2,1,2,2,3,2,2,2,2,3,3,2,1,1,3,5,4,1,2,1,5,5,6,3,4,4,1,1,2,0,6,5,2,7,5,6,3,8,1,2,8,1,2,10,3,9,2,5,3,8,1,3,1,3,3,7,3,15,1,24,2,1,1,18,7,10,30,18,3,5,5,3868,4409,3,50,4305,4338
,555,1,0,0,1,1,1,1,1,0,1,1,1,1,1,3,1,1,3,2944,2,1,1,1,1,1,1,2,1,2,2,2,4,2,2,4,3,3,5,3,5,3,3,3,1,1,2,2,3,1,4,1,1,5,2,4,4,4,3,4,6,2,3,4,1,7,3,10,3,6,1,2,2,3,3,13,3,22,1,19,2,1,1,21,8,13,31,20,3,4,6,2968,3265,3,56,3195,3312
,560,1,0,0,0,0,1,1,1,2,1,1,1,1,1,2,1,1,1,1953,1,3,1,2,1,1,2,1,3,2,2,3,2,2,2,4,1,2,5,2,2,2,2,3,2,0,1,2,3,0,4,3,1,4,2,4,3,10,3,5,6,2,2,6,3,15,3,14,4,12,1,3,3,3,3,16,3,21,1,23,2,1,2,21,8,12,32,26,3,4,6,1945,2162,3,47,2162,2124
,565,0,0,0,0,0,1,1,1,0,1,1,1,1,1,1,0,1,1,1305,1,1,1,1,1,1,1,0,0,1,2,3,1,1,2,4,4,2,2,3,2,2,3,3,0,0,1,1,3,1,3,1,1,5,3,5,10,5,5,6,7,2,3,10,4,11,4,16,5,11,2,3,3,3,4,20,3,27,2,18,2,1,1,21,7,10,29,20,3,4,6,1301,1511,3,42,1451,1518
,570,0,0,0,1,0,1,1,1,0,1,1,1,1,1,1,1,1,1,825,0,1,1,1,1,1,1,1,3,4,2,2,1,2,4,3,1,2,3,2,1,3,4,5,2,0,1,2,4,1,4,3,2,4,3,5,6,7,5,8,9,4,3,14,6,15,5,20,7,13,2,4,3,3,2,21,3,20,1,18,2,1,1,19,6,9,25,17,2,3,5,855,976,3,25,912,956
,575,0,0,0,0,0,1,2,1,0,1,1,1,0,1,0,1,1,1,471,1,1,0,1,1,1,1,1,1,2,2,3,4,1,1,3,3,1,3,2,2,1,2,4,1,1,2,2,2,1,4,2,2,5,3,6,10,11,9,13,14,5,5,21,9,23,7,25,9,17,2,4,3,4,2,23,3,15,1,15,1,0,1,15,5,8,16,13,2,4,4,492,549,2,19,541,580
,580,1,0,0,0,0,1,1,1,0,1,1,1,1,1,0,1,1,0,280,1,1,1,1,1,1,1,0,1,1,2,1,1,1,1,3,1,1,2,2,3,2,2,4,2,2,3,7,4,1,7,6,3,8,5,9,14,18,16,20,22,8,6,27,12,25,8,30,10,16,2,3,3,2,2,19,2,21,1,12,1,0,1,13,4,5,13,11,2,2,3,287,324,1,14,311,324
,585,0,0,0,0,1,0,1,1,0,0,1,1,1,1,0,1,1,1,147,0,1,1,1,1,0,3,0,1,1,3,1,2,1,1,4,1,2,3,2,7,3,3,6,3,3,7,4,7,3,11,12,4,16,10,16,25,32,27,34,35,13,7,31,16,30,9,30,9,16,2,3,3,1,1,18,2,10,1,10,1,0,1,7,3,4,11,6,2,2,2,158,183,1,8,182,178
,590,0,0,0,0,0,1,1,1,0,1,1,0,0,1,0,1,2,3,95,0,1,0,3,0,3,3,3,0,1,2,1,1,1,1,5,1,3,5,3,4,6,8,7,7,6,6,6,9,4,18,16,7,25,14,29,39,42,39,44,50,17,8,37,18,31,8,26,8,17,1,3,2,1,1,17,1,9,1,5,1,0,0,7,2,4,9,5,1,1,2,105,119,1,10,110,125
,595,0,0,0,0,0,0,1,1,0,1,1,1,0,1,0,1,1,0,66,2,1,1,1,1,0,1,0,0,1,2,1,1,1,1,6,5,3,5,6,6,9,8,10,10,10,11,16,15,6,30,29,11,40,24,38,55,58,52,58,62,19,8,39,17,30,7,24,6,11,1,2,2,1,1,11,1,8,0,5,1,0,0,5,2,4,13,3,1,1,1,70,73,1,16,72,75
,600,0,0,0,0,0,0,1,1,0,0,0,1,0,1,0,0,1,0,40,1,1,1,1,1,0,1,0,0,1,2,1,1,1,2,11,3,6,8,13,9,17,15,19,18,29,20,21,27,9,50,56,19,65,36,54,69,69,65,62,78,23,7,32,16,23,7,17,5,8,1,1,1,1,2,13,1,8,1,2,1,0,0,6,1,4,4,3,1,1,1,45,42,1,6,41,43
,605,0,0,0,0,0,1,1,2,0,1,1,1,1,1,0,0,0,0,25,1,1,1,1,1,1,1,0,0,1,2,2,1,3,1,13,5,12,16,19,18,32,26,34,37,46,40,41,49,12,77,90,29,92,47,67,83,70,68,66,79,21,6,27,12,16,5,13,4,6,1,1,1,0,1,7,1,4,0,2,1,0,0,3,1,2,3,2,1,1,0,26,24,0,3,28,32
,610,0,0,0,0,0,0,0,1,0,0,1,1,0,1,0,0,1,0,18,0,0,1,1,0,1,1,1,1,2,3,2,1,4,3,21,12,20,25,32,32,55,46,57,66,77,68,69,84,13,101,110,37,111,55,71,92,69,66,56,76,19,5,23,10,13,4,11,2,5,1,1,1,0,1,4,1,3,0,2,0,0,0,2,1,1,0,1,0,1,1,24,19,0,3,19,23
,615,0,0,0,0,0,2,1,1,0,0,0,1,3,0,0,0,0,0,14,1,1,1,1,1,1,1,1,1,3,5,2,3,8,4,32,19,31,41,52,52,92,74,96,101,121,105,116,132,14,124,138,43,125,61,74,89,62,62,49,71,17,4,18,7,11,3,9,2,2,0,1,1,0,1,2,1,2,0,1,1,0,0,2,1,2,2,0,0,1,0,17,12,0,3,14,16
,620,0,0,0,0,0,1,1,1,0,0,3,0,1,0,0,0,1,0,11,1,1,1,1,1,2,2,1,2,5,5,4,4,15,6,56,38,57,70,93,93,158,129,149,173,186,154,174,193,14,148,147,46,128,60,70,78,50,53,41,61,14,4,12,5,8,2,7,1,4,0,1,1,0,1,14,1,3,0,12,0,0,0,1,1,2,0,0,0,1,0,8,11,0,2,7,11
,625,0,1,0,0,0,0,1,1,0,0,0,1,0,1,0,1,0,0,7,0,1,1,2,1,2,2,2,3,8,8,6,7,27,11,104,68,103,126,160,162,229,208,225,256,261,213,248,267,12,153,147,47,122,55,57,68,41,41,30,49,10,3,8,3,3,1,4,0,2,0,0,0,0,0,1,1,2,0,0,1,0,0,1,0,1,10,0,0,0,0,14,4,0,3,11,9
,630,1,0,0,0,0,3,1,1,0,2,1,1,1,1,0,2,0,0,7,2,2,3,3,4,4,3,5,6,15,14,12,13,50,20,172,121,180,210,245,256,318,307,300,327,322,245,314,317,10,154,141,43,101,46,50,53,32,28,19,36,8,4,6,5,3,1,3,0,1,0,1,0,0,1,14,0,15,0,0,0,0,0,2,1,0,0,0,0,0,0,7,4,0,2,9,5
,635,0,1,0,0,0,1,1,3,0,0,1,1,4,1,1,1,0,0,6,2,3,7,5,5,7,5,9,10,23,20,22,18,76,33,249,185,257,298,338,344,372,379,359,381,345,275,351,337,9,152,124,39,85,40,39,42,25,21,16,30,7,2,0,0,2,1,0,0,1,0,1,0,0,0,13,0,5,0,0,0,0,0,4,1,3,0,0,1,0,0,10,0,0,1,5,5
,640,1,0,0,0,0,1,1,1,0,1,2,1,1,1,4,1,2,1,6,4,5,7,8,9,13,10,15,15,39,35,31,31,134,53,357,281,366,418,408,423,415,426,387,399,353,265,361,340,7,117,102,31,73,32,29,28,19,14,12,23,3,1,4,0,4,1,0,0,0,0,3,0,0,1,0,0,15,0,0,0,0,0,1,0,2,0,0,0,0,0,5,0,0,0,7,2
,645,1,0,0,0,0,1,3,2,1,1,2,3,3,5,1,3,3,2,0,8,7,10,12,14,22,13,28,28,68,54,51,51,209,88,474,407,473,523,505,491,435,450,411,394,334,246,345,328,5,96,76,25,52,25,24,22,13,9,8,17,3,1,1,0,1,1,0,0,0,0,0,1,0,1,0,0,3,0,0,0,0,0,1,1,2,0,0,0,0,0,8,0,0,5,0,20
,650,0,0,0,0,0,6,2,2,1,2,3,4,5,3,4,4,4,3,5,12,14,17,25,27,34,21,45,53,114,92,91,92,324,153,561,536,568,594,532,534,400,452,366,350,295,204,307,270,5,69,56,17,39,18,16,14,10,2,4,11,2,1,1,0,0,1,0,0,1,0,0,0,0,1,0,0,0,1,0,0,0,0,0,0,1,0,0,0,0,0,9,1,0,0,4,19
,655,1,2,0,0,0,3,3,3,2,4,5,6,8,4,5,6,6,5,0,19,21,27,38,44,53,35,72,79,171,141,136,137,433,222,608,620,608,605,518,514,372,424,345,314,251,176,271,241,3,53,43,12,28,20,13,13,5,3,2,13,3,1,0,0,0,1,17,0,0,0,0,1,0,1,0,1,5,0,0,2,0,0,1,0,4,0,0,0,0,0,3,0,0,4,0,1
,660,0,1,0,0,0,9,4,4,4,5,8,9,12,6,8,11,9,9,7,28,35,45,56,67,85,54,113,122,249,208,202,208,528,310,617,648,611,586,478,482,323,373,287,258,201,135,219,186,2,41,30,10,22,11,11,9,16,16,0,6,2,1,0,0,0,0,0,0,1,0,0,0,0,1,0,0,1,0,0,0,0,0,0,0,0,0,0,0,0,0,11,0,0,2,3,4
,665,1,1,1,1,2,8,6,7,8,10,12,16,20,10,15,17,15,13,2,46,53,70,91,104,128,80,167,188,338,304,300,292,589,417,584,664,575,535,425,414,264,310,235,202,157,102,170,147,1,32,18,8,13,10,7,8,2,0,0,9,1,1,0,0,0,1,0,0,1,0,0,1,0,1,0,0,23,0,0,0,0,0,3,0,1,0,0,0,0,0,10,0,0,0,2,26
,670,2,1,1,1,1,17,10,12,13,16,21,26,34,17,26,28,27,25,1,83,92,119,147,166,204,140,255,283,449,414,399,403,616,528,485,612,489,456,343,326,196,235,179,149,107,73,121,104,1,23,12,5,11,6,7,1,18,0,0,6,0,1,0,0,0,0,0,0,0,0,0,0,0,0,0,0,5,0,0,0,1,0,0,0,0,0,0,0,3,0,6,0,0,0,0,0
,675,2,2,1,1,2,27,14,17,23,26,32,41,51,25,40,45,43,39,0,126,141,175,215,234,269,199,328,373,527,509,495,482,609,597,425,543,408,376,273,259,158,179,125,106,81,51,97,78,1,14,12,4,10,6,4,0,4,0,0,6,2,1,0,10,0,0,0,0,0,1,0,0,0,1,0,0,1,1,0,0,0,0,0,0,0,0,13,1,0,5,9,0,0,0,0,3
,680,3,3,2,3,2,45,22,26,36,41,50,61,79,41,62,70,67,61,0,186,198,242,287,311,330,267,403,472,568,556,557,526,557,603,342,450,325,297,203,205,111,134,88,74,60,35,66,59,0,10,2,2,5,4,4,3,0,0,0,7,2,0,0,0,19,0,0,0,0,0,0,0,0,0,0,0,0,0,0,0,0,1,0,0,0,0,0,0,0,0,7,24,0,0,0,0
,685,5,6,4,4,3,65,35,45,58,62,77,94,121,67,97,109,105,94,0,257,292,331,362,388,382,346,447,539,573,587,582,554,472,575,260,362,270,213,157,156,84,102,72,56,37,29,46,40,0,10,1,3,2,3,4,0,0,0,0,8,1,1,0,0,0,0,0,0,0,0,0,1,0,1,0,0,0,0,0,0,0,0,0,0,2,0,0,0,0,0,12,0,0,0,1,0
,690,7,7,6,6,6,99,56,68,92,101,125,145,190,102,150,168,160,155,1,341,365,406,423,438,419,408,461,573,535,556,564,537,398,522,211,281,203,173,116,105,63,71,57,38,25,19,30,32,0,6,0,3,4,5,1,0,1,5,0,3,1,1,0,0,0,0,0,0,0,0,0,0,0,1,0,0,2,0,0,0,0,0,0,6,1,0,0,0,1,0,10,26,0,0,0,7
,695,11,11,10,10,11,168,93,114,160,161,200,238,313,165,250,263,265,238,5,438,448,486,454,453,409,463,456,561,461,528,512,478,294,445,147,206,137,122,82,80,57,52,42,29,15,11,22,22,0,6,0,1,1,5,4,0,0,0,1,3,1,0,0,0,0,0,0,0,0,0,0,1,0,0,0,5,2,1,0,0,0,0,0,0,0,0,0,0,0,0,7,0,0,0,0,0
,700,18,17,17,17,15,259,142,168,248,260,314,357,437,252,369,413,389,364,0,509,506,519,475,467,389,489,413,516,395,433,447,411,221,360,107,151,101,87,61,59,28,37,30,14,4,12,17,18,0,6,0,0,0,3,1,3,0,0,0,0,0,1,0,0,0,0,0,0,2,0,0,0,0,0,0,0,1,0,0,0,0,0,0,0,0,0,0,0,0,0,2,0,0,0,0,2
,705,27,26,24,24,24,374,204,252,363,368,454,511,612,377,522,574,538,526,0,543,518,523,442,415,362,471,357,456,312,368,370,335,172,295,82,113,75,69,44,43,21,30,24,28,3,9,8,17,3,4,0,1,0,4,4,25,0,0,0,25,1,2,0,7,1,0,0,0,16,0,1,0,0,0,0,0,7,1,0,0,0,0,0,6,4,0,0,0,1,0,58,0,0,0,0,6
,710,40,37,36,37,36,528,299,362,506,511,607,669,740,510,685,734,693,687,3,525,470,466,383,354,274,394,279,365,238,270,282,257,118,203,61,76,51,52,34,34,18,23,19,0,0,0,5,12,0,8,0,0,0,6,0,0,0,0,0,2,0,0,0,0,24,1,0,0,0,0,0,4,0,4,0,1,1,0,0,1,0,0,0,0,0,0,0,1,0,0,7,0,0,0,0,52
,715,62,56,57,55,55,722,456,532,709,713,781,839,881,716,876,889,861,868,0,441,396,383,290,264,196,311,183,265,162,184,195,163,77,141,46,46,38,33,22,19,10,12,12,2,0,0,6,28,0,6,0,0,0,2,16,0,0,19,0,2,1,2,0,0,0,0,2,0,0,0,0,0,0,0,0,1,0,0,0,0,0,0,0,1,1,0,17,1,1,0,12,0,0,0,0,0
,720,92,87,82,81,82,907,620,734,916,872,946,970,961,893,1033,1010,947,998,0,383,323,306,225,200,142,247,139,191,113,136,138,122,54,100,34,39,20,26,17,19,7,8,9,0,0,2,3,1,0,5,0,2,6,2,3,0,0,0,24,0,0,1,0,0,0,1,0,0,3,0,0,0,0,1,0,1,3,0,0,0,0,0,1,0,1,0,0,0,0,0,9,0,0,1,0,4
,725,135,122,120,121,114,1078,779,914,1087,1059,1060,1086,974,1049,1117,1081,1018,1099,1,330,273,245,177,158,115,195,109,148,86,102,113,95,40,73,30,38,18,21,17,15,3,7,7,0,0,1,1,6,1,1,0,0,0,3,19,0,0,0,19,0,0,1,0,0,0,1,0,0,1,0,1,5,0,0,0,5,2,1,0,0,0,0,0,0,2,0,0,1,0,0,8,0,0,0,1,0
,730,194,177,172,172,171,1262,998,1127,1257,1210,1172,1134,977,1193,1172,1138,1070,1176,0,278,221,198,150,132,89,154,84,114,66,80,78,72,31,57,26,22,16,19,27,18,22,7,8,0,0,0,0,5,0,6,0,1,0,3,2,0,0,0,0,2,1,1,0,0,0,0,0,0,0,0,5,0,0,0,0,1,2,0,0,4,0,0,0,0,1,0,0,3,0,0,16,0,0,0,0,1
,735,289,265,256,260,254,1366,1237,1371,1399,1323,1248,1164,983,1343,1206,1133,1057,1211,7,222,186,166,111,96,75,130,58,88,47,60,65,53,31,43,22,14,16,13,7,9,0,8,7,0,0,0,23,3,0,3,0,2,0,4,0,5,0,0,21,3,2,1,0,0,0,0,0,0,0,0,0,1,0,1,0,1,3,0,0,0,0,0,32,0,2,0,0,0,0,0,8,0,0,0,0,2
,740,453,402,397,399,389,1398,1424,1515,1440,1365,1157,1060,839,1343,1125,1005,935,1112,6,160,124,110,77,70,47,86,39,70,32,48,42,40,16,29,23,11,6,13,5,9,0,9,1,0,0,0,0,25,0,0,0,1,0,3,2,0,0,0,0,6,8,2,0,0,0,0,0,10,1,0,0,1,0,1,0,1,7,1,0,0,0,0,0,0,19,0,0,0,1,0,8,0,0,0,0,0
,745,629,555,552,551,535,1329,1537,1564,1389,1266,1057,985,750,1280,996,897,819,1034,0,120,101,88,60,51,32,69,29,45,31,37,37,29,14,24,20,3,7,17,7,7,0,5,8,0,0,0,0,1,3,2,0,0,0,3,1,0,0,0,0,15,1,2,0,0,0,0,0,0,0,0,0,1,0,1,0,0,0,1,0,0,0,0,0,0,2,0,0,0,0,0,17,1,0,0,0,4
,750,842,761,742,739,718,1200,1491,1530,1241,1163,919,827,596,1145,854,744,696,843,0,89,79,68,43,37,38,50,36,33,23,30,47,23,12,19,17,0,0,6,4,3,2,28,7,0,0,0,0,4,0,0,0,17,0,23,0,1,0,0,0,3,0,2,0,0,0,4,0,0,0,0,0,1,0,1,0,1,14,1,0,1,0,0,0,0,2,2,0,1,0,0,18,0,0,0,7,0
,755,1110,968,958,970,947,1001,1376,1354,1043,968,764,638,442,946,685,577,506,684,1,60,55,48,33,25,19,35,14,23,17,20,23,16,4,11,22,0,0,38,2,7,2,0,12,0,0,0,0,0,0,5,0,0,0,2,2,2,0,0,0,5,0,2,0,0,0,1,0,0,30,0,1,1,0,1,0,1,0,1,0,1,0,0,0,0,4,0,0,0,0,1,16,0,0,0,0,10
,760,1427,1253,1216,1217,1194,823,1218,1178,856,778,583,499,329,767,509,454,397,513,0,44,48,54,27,21,13,26,11,18,13,23,23,11,40,6,17,0,0,15,2,2,0,0,5,0,0,0,0,58,0,0,0,0,0,4,0,0,0,0,46,18,3,5,0,0,0,0,2,17,1,0,0,2,0,2,0,3,0,1,0,8,1,0,8,0,33,0,0,0,0,0,18,0,0,0,0,12
,765,1707,1462,1459,1453,1427,584,984,903,645,554,414,361,229,552,346,313,285,373,5,26,28,22,16,36,8,21,4,2,4,26,11,11,1,4,25,0,28,8,5,12,0,0,3,0,0,0,0,3,0,0,0,1,0,10,4,0,71,0,0,0,0,2,0,0,0,3,0,0,1,0,4,3,0,1,0,0,5,0,0,1,0,4,0,0,0,0,0,1,1,0,20,0,0,0,0,10
,770,1874,1603,1581,1634,1591,461,800,719,489,427,325,274,156,425,265,250,205,271,0,22,18,15,14,15,29,13,0,1,3,22,8,11,0,2,77,0,0,59,6,0,0,0,16,0,0,0,0,53,0,0,0,0,0,6,4,0,0,0,0,10,1,3,0,35,0,4,0,0,0,0,0,0,0,2,0,1,2,1,0,0,0,1,0,0,0,0,0,4,0,0,114,0,6,0,3,5
,775,2014,1701,1665,1711,1642,346,633,582,375,346,249,233,135,328,206,182,155,207,0,41,13,18,12,4,4,16,0,6,12,18,9,0,5,7,24,0,0,11,2,9,0,0,14,0,0,0,0,5,0,3,0,1,0,8,10,0,0,0,0,8,2,1,0,0,0,3,0,0,0,0,1,0,0,3,0,3,2,2,0,1,2,6,0,0,15,0,0,1,0,0,32,0,0,0,0,9
,780,1955,1621,1608,1662,1591,239,458,411,264,241,158,145,87,231,151,122,110,135,0,6,5,37,8,3,0,11,0,0,0,20,10,38,7,2,24,0,0,2,10,3,5,0,18,32,0,47,0,0,0,0,0,0,63,10,68,0,0,0,0,12,6,4,0,0,0,32,0,0,0,0,0,0,0,1,0,0,6,1,0,1,0,1,0,0,3,0,0,2,0,0,12,0,0,0,7,130
,785,1808,1504,1506,1532,1463,169,328,299,189,161,117,108,64,154,90,104,70,99,145,3,6,6,6,1,2,6,0,0,4,16,8,5,0,40,24,0,0,7,7,2,0,0,4,0,0,0,0,2,1,13,0,0,0,11,2,0,0,0,0,2,1,0,0,0,0,0,0,0,0,0,0,3,0,1,0,1,14,3,0,0,0,0,0,0,3,0,0,2,0,0,53,0,0,0,0,6
,790,1624,1312,1276,1321,1262,118,254,210,128,121,84,61,37,118,61,61,52,64,0,30,4,4,1,0,8,6,1,39,1,26,9,44,0,0,33,0,0,79,0,4,0,0,6,0,0,63,0,0,1,0,0,0,0,6,0,1,0,0,0,2,0,1,0,0,0,4,0,27,0,0,1,0,15,1,0,2,7,1,0,0,0,0,0,33,8,0,0,2,0,0,9,0,0,0,30,2
,795,1416,1150,1138,1129,1077,91,182,156,90,89,67,58,23,85,49,70,48,35,0,0,3,12,2,1,0,12,0,0,0,34,8,3,0,1,28,0,0,10,16,12,0,0,17,0,0,0,0,15,0,7,0,0,0,5,0,0,0,0,0,8,4,2,0,0,0,5,0,0,11,0,1,6,0,3,0,22,0,2,0,0,0,1,1,0,9,0,35,4,1,0,67,0,0,0,0,12
,800,1144,919,886,917,849,64,133,120,61,68,37,38,16,68,29,31,30,31,0,2,2,0,2,6,0,1,0,0,55,19,14,2,0,10,23,0,0,17,0,7,0,9,8,0,0,0,0,0,0,0,0,0,0,5,3,0,0,0,0,23,0,30,0,0,0,2,0,0,0,0,2,1,0,3,0,3,13,2,0,6,0,0,1,0,0,0,0,3,0,30,52,0,0,0,0,0
,805,818,658,649,665,636,37,90,110,30,41,37,33,12,45,18,20,15,10,0,26,0,8,3,0,0,6,0,0,0,10,1,0,0,0,30,0,0,16,0,0,0,0,6,0,0,0,0,11,0,0,0,1,0,9,5,0,0,0,0,6,0,9,0,0,0,0,0,0,0,0,25,0,0,0,0,0,0,2,0,1,1,0,0,0,0,0,0,2,0,0,57,0,0,0,0,0
,810,650,511,512,507,486,27,66,63,25,19,24,8,15,28,19,18,10,16,0,0,0,6,37,8,0,8,0,0,5,35,12,18,0,0,34,0,0,22,11,15,0,0,3,0,0,0,0,0,0,0,0,0,7,84,0,23,0,0,0,15,2,11,0,0,0,2,0,0,2,0,1,0,0,3,0,1,0,3,0,0,0,1,0,0,13,0,0,1,4,0,31,0,16,0,0,15
,815,501,402,401,408,396,19,80,45,26,14,68,16,6,32,2,62,4,1,0,0,0,0,1,55,0,14,0,0,0,20,4,8,0,3,42,0,0,25,14,6,0,0,4,0,0,0,0,0,0,0,0,0,0,13,33,1,0,0,0,3,0,8,0,0,0,33,0,0,0,0,2,3,0,3,0,6,17,4,0,3,0,1,0,6,0,0,0,1,11,0,60,0,3,0,6,42
,820,367,294,288,284,273,13,36,30,6,13,9,8,0,14,0,1,3,0,5,0,0,2,4,0,0,8,0,0,0,95,8,0,12,9,50,0,0,18,0,4,0,0,1,0,0,0,0,0,15,0,0,0,0,15,0,0,0,0,0,8,8,11,0,0,0,1,0,0,0,0,1,1,0,9,0,0,0,1,0,28,0,0,0,0,6,0,0,3,0,0,38,0,29,0,0,0
,825,271,222,205,208,197,14,31,23,0,8,14,13,7,21,0,0,1,2,0,0,0,4,17,12,0,15,0,0,14,33,20,25,0,0,179,0,0,12,5,1,0,25,13,0,0,0,0,26,0,157,0,4,0,26,13,29,0,0,0,22,0,0,0,0,0,1,0,0,0,15,2,4,0,7,0,2,0,3,0,1,0,0,0,0,4,0,0,2,34,0,99,0,0,0,0,0
,830,202,160,149,149,147,0,79,16,0,1,18,4,28,20,83,2,0,0,0,0,0,0,0,0,0,22,0,0,100,32,0,0,0,56,81,0,7,52,15,0,0,0,12,0,0,0,0,33,0,35,0,3,0,37,1,0,0,0,0,43,1,13,0,0,0,20,0,0,0,0,3,4,26,8,0,1,0,2,0,28,0,0,0,0,21,0,0,7,0,0,535,0,3,0,0,17
,835,148,123,118,122,122,0,32,21,0,6,0,0,0,0,0,0,4,0,0,0,5,13,131,0,0,12,0,0,21,31,26,16,25,15,136,0,0,51,214,0,0,0,2,0,0,0,0,8,0,5,0,0,0,12,15,0,0,0,0,38,66,23,0,0,0,0,0,0,0,28,6,0,0,5,0,9,0,3,0,12,0,2,0,0,0,0,0,24,2,0,144,0,0,0,0,39
,840,125,93,87,86,95,0,7,25,0,0,0,17,0,30,0,8,138,5,0,0,0,2,2,16,0,0,0,0,18,75,0,2,7,0,134,14,0,0,49,30,0,0,23,0,0,0,0,0,0,0,0,138,0,38,0,0,0,0,0,9,0,22,0,0,0,3,0,0,9,0,17,0,0,21,0,13,17,30,0,2,0,36,0,0,0,0,0,14,3,0,233,0,0,0,0,12
,845,117,97,42,56,55,0,54,20,0,0,21,1,0,1,0,27,3,0,0,0,13,24,0,0,0,35,0,0,67,83,407,21,0,0,196,0,9,167,96,0,0,0,135,0,0,344,0,0,111,53,0,0,0,50,101,0,0,0,0,41,41,37,0,0,0,28,0,0,0,0,0,28,0,9,0,21,0,7,0,0,29,12,0,0,0,0,0,7,0,0,264,0,0,0,70,0
,850,92,81,15,40,11,0,73,66,0,36,55,0,22,2,326,11,0,0,38,0,10,17,42,17,0,118,0,394,0,230,0,79,0,0,520,0,0,30,215,156,0,0,0,0,0,0,0,0,4,0,0,0,0,121,86,0,0,0,0,0,51,41,0,0,0,0,0,0,0,0,0,0,0,37,0,35,0,20,0,10,0,0,0,0,26,0,0,37,0,0,316,0,0,0,0,341
,,,,,,,,,,,,,,,,,,,,,,,,,,,,,,,,,,,,,,,,,,,,,,,,,,,,,,,,,,,,,,,,,,,,,,,,,,,,,,,,,,,,,,,,,,,,,,,,,
Read 12:EM Spectrum,,,,,,,,,,,,,,,,,,,,,,,,,,,,,,,,,,,,,,,,,,,,,,,,,,,,,,,,,,,,,,,,,,,,,,,,,,,,,,,,,,,,,,,,,,,,,,,,,
,,,,,,,,,,,,,,,,,,,,,,,,,,,,,,,,,,,,,,,,,,,,,,,,,,,,,,,,,,,,,,,,,,,,,,,,,,,,,,,,,,,,,,,,,,,,,,,,,
,Wavelength,A1,A2,A3,A4,A5,A6,A7,A8,A9,A10,A11,A12,B1,B2,B3,B4,B5,B6,B7,B8,B9,B10,B11,B12,C1,C2,C3,C4,C5,C6,C7,C8,C9,C10,C11,C12,D1,D2,D3,D4,D5,D6,D7,D8,D9,D10,D11,D12,E1,E2,E3,E4,E5,E6,E7,E8,E9,E10,E11,E12,F1,F2,F3,F4,F5,F6,F7,F8,F9,F10,F11,F12,G1,G2,G3,G4,G5,G6,G7,G8,G9,G10,G11,G12,H1,H2,H3,H4,H5,H6,H7,H8,H9,H10,H11,H12
,500,1,1,1,1,1,2,2,3,2,2,2,2,3,2,3,4,3,3,34,2,2,2,4,4,4,2,4,4,3,5,5,5,4,5,4,5,6,7,5,8,6,8,7,5,5,5,5,6,7,4,10,6,7,7,5,8,13,11,4,7,0,1,11,1,4,3,10,1,2,1,9,3,1,1,11,7,17,1,1,1,3,1,1,0,1,4,8,1,9,0,44,40,1,9,47,43
,505,1,1,1,1,1,2,2,2,1,2,3,3,3,3,3,2,3,2,72,3,2,2,2,3,4,2,3,2,6,3,4,5,5,3,7,7,6,6,7,5,7,5,7,6,3,8,3,9,7,3,6,3,4,8,6,8,10,10,6,6,0,2,9,1,4,4,16,2,2,1,9,5,1,2,7,9,22,2,1,1,2,1,1,0,2,2,17,0,9,0,75,93,2,16,89,79
,510,1,1,1,1,1,2,2,3,2,2,2,2,3,2,3,3,2,3,151,3,3,3,2,2,4,2,2,2,6,4,5,3,6,3,8,5,4,4,7,7,8,9,7,4,4,5,3,5,9,3,6,5,4,8,6,16,7,7,4,7,0,1,13,1,4,3,9,1,1,1,16,3,1,2,12,9,18,1,1,1,2,1,1,0,2,2,8,1,8,0,172,183,1,9,178,171
,515,1,2,1,1,1,4,2,2,2,2,2,1,1,3,1,1,4,2,362,2,3,2,1,2,2,2,2,6,3,4,5,6,5,5,6,4,6,7,8,7,4,4,13,5,2,4,3,9,8,2,10,6,6,7,5,6,6,5,2,6,0,1,8,1,2,3,10,1,2,1,14,3,1,2,12,6,13,1,1,2,1,1,1,0,2,3,9,1,13,0,431,456,2,10,459,472
,520,1,1,1,1,1,3,1,1,2,1,2,1,2,2,3,1,2,2,742,3,3,3,3,3,2,2,3,2,4,4,5,4,5,4,7,4,3,6,3,4,4,7,6,4,5,3,2,4,11,2,8,2,4,8,9,6,7,5,2,8,0,1,5,1,3,3,8,2,1,1,8,4,1,2,6,8,15,1,1,1,2,1,1,0,1,1,16,0,14,0,900,985,1,13,956,927
,525,0,1,0,1,1,2,1,2,1,1,2,3,1,1,3,2,3,1,1391,3,3,3,3,3,1,3,1,2,4,2,3,4,5,2,6,6,6,3,4,6,3,6,5,3,2,11,4,4,6,4,4,6,4,7,5,9,10,4,2,10,1,1,9,0,3,3,9,1,1,1,14,2,1,1,5,6,23,1,1,1,1,1,1,0,2,2,11,0,15,0,1613,1750,1,21,1734,1699
,530,0,1,0,1,1,2,1,1,2,2,1,1,2,3,1,2,1,3,2472,3,4,2,1,2,3,1,3,2,2,5,5,4,3,4,6,4,6,3,6,3,11,5,8,5,1,6,4,8,10,2,8,2,6,6,7,4,5,4,2,7,0,1,5,1,3,2,7,1,2,0,6,2,1,1,11,5,9,1,1,1,1,1,1,1,2,3,9,1,6,0,2862,3065,2,27,3007,2992
,535,1,1,1,1,0,2,1,1,1,2,1,2,1,2,2,2,1,3,3589,1,2,1,1,2,1,1,2,3,4,4,2,2,2,2,3,2,6,2,2,2,3,11,6,3,1,6,2,6,10,4,3,3,5,9,6,7,3,3,3,8,0,1,3,0,1,4,7,1,1,0,12,2,1,3,3,5,10,2,1,1,3,1,1,1,2,3,19,1,11,0,4075,4524,1,32,4362,4347
,540,1,1,1,1,0,2,1,1,1,1,1,1,2,2,2,1,2,2,4151,1,2,1,2,3,1,1,2,3,2,1,3,2,7,3,2,5,6,5,3,5,5,6,3,2,1,2,2,6,3,2,8,2,3,5,6,3,3,8,3,3,0,2,3,0,1,2,6,2,1,0,4,3,1,3,4,10,18,1,1,1,2,2,1,1,2,4,24,1,21,0,4910,5217,2,50,5070,5017
,545,1,1,1,1,1,1,2,1,1,1,2,2,2,2,2,0,3,1,4422,2,3,2,1,1,1,1,1,3,4,1,2,1,5,1,4,5,5,2,1,9,2,2,4,2,0,4,1,6,8,3,7,3,2,8,5,2,2,6,3,2,0,1,10,0,1,4,11,0,1,1,11,1,2,2,4,12,19,2,2,1,4,2,2,1,3,4,30,2,19,0,4892,5288,2,54,5325,5158
,550,0,1,0,0,1,2,1,2,2,0,2,1,2,2,2,1,2,3,3740,0,2,2,0,1,3,1,2,1,4,3,4,3,1,1,5,2,1,5,1,2,2,2,6,5,3,1,3,2,3,3,5,0,2,3,3,3,7,1,3,3,0,1,6,0,1,4,6,0,1,0,5,3,2,3,12,11,14,2,1,1,5,3,3,1,3,6,30,2,37,1,4490,4935,3,56,4657,4515
,555,0,1,0,0,1,2,1,1,1,1,3,1,1,1,0,0,1,1,2797,2,1,1,1,2,1,2,1,1,2,1,2,3,2,2,3,3,3,3,1,4,2,4,3,3,1,2,4,7,4,2,3,2,3,5,7,4,9,3,2,3,0,1,14,1,2,3,8,1,2,1,12,4,2,3,15,13,19,2,1,1,6,3,3,1,3,6,31,2,31,1,3186,3590,3,59,3464,3396
,560,0,0,0,0,1,1,1,1,1,1,1,1,0,1,1,1,1,1,1858,1,3,1,1,3,1,1,1,1,2,1,3,1,2,2,2,2,3,2,3,2,1,3,6,3,1,1,1,3,5,2,5,2,3,7,3,3,5,5,2,4,0,1,5,1,3,3,13,2,2,1,16,5,2,4,13,18,21,3,1,1,5,3,3,1,3,6,36,2,29,1,2149,2385,3,58,2338,2207
,565,0,0,0,0,0,1,1,1,1,2,1,1,1,1,1,1,1,1,1292,1,1,1,1,1,1,3,0,1,1,1,2,2,1,1,2,2,2,3,3,6,3,3,4,2,0,2,4,2,4,1,5,1,3,7,3,4,6,6,3,5,0,2,11,1,4,6,14,2,3,1,22,6,2,3,18,13,18,2,1,1,4,3,3,1,3,6,29,2,27,0,1494,1688,3,47,1588,1552
,570,0,0,0,1,0,1,2,0,1,1,1,1,1,1,1,0,3,1,840,1,0,1,1,2,1,1,1,1,2,1,2,4,1,2,2,2,3,1,1,2,1,2,4,2,4,1,2,1,6,4,9,2,4,7,5,6,9,6,4,7,1,2,14,1,6,9,19,3,3,2,27,7,2,3,20,18,16,2,1,1,4,2,3,1,3,5,27,2,24,0,963,1087,3,30,1015,1005
,575,0,0,1,0,0,1,0,1,1,2,1,1,0,1,0,0,1,1,451,0,1,1,1,1,1,0,1,1,2,3,2,2,2,1,1,3,2,2,2,2,1,3,4,2,1,1,2,3,9,2,5,3,4,6,5,11,12,12,5,12,1,4,25,2,7,8,25,3,4,2,26,8,2,3,23,10,13,2,1,1,3,2,2,1,2,4,21,1,19,0,566,626,2,23,606,573
,580,0,0,1,0,0,1,0,1,1,0,1,1,0,1,1,0,1,1,255,2,1,0,0,2,1,1,0,1,2,1,2,2,1,4,2,3,2,2,1,2,3,2,4,3,2,3,2,4,12,4,6,5,6,14,9,18,21,28,8,20,1,5,30,2,9,11,28,3,4,2,25,7,1,2,21,8,11,1,1,1,2,1,2,1,1,3,16,1,11,0,337,368,2,17,338,327
,585,0,1,0,0,1,1,0,0,0,1,1,1,0,1,0,0,1,1,147,1,1,1,0,2,1,1,0,0,1,1,2,2,1,1,2,3,3,3,3,8,4,4,5,4,3,4,3,5,23,5,15,9,13,19,17,29,35,34,14,33,2,5,37,3,10,11,30,3,4,2,20,6,1,2,18,6,8,1,1,1,2,1,1,0,2,2,10,1,9,0,173,199,1,19,182,186
,590,0,0,0,0,0,1,0,0,1,1,1,0,0,1,1,0,1,0,96,1,0,1,0,1,1,2,0,1,1,1,2,4,2,1,2,3,3,4,4,5,6,6,8,6,6,8,5,13,34,10,26,16,20,35,26,55,51,45,17,43,2,6,40,3,12,11,27,3,4,2,16,5,1,1,13,5,9,2,1,1,2,1,1,0,1,2,12,0,8,0,114,128,1,10,118,114
,595,0,0,0,0,0,1,0,1,2,0,1,0,0,1,0,0,0,1,58,0,0,1,0,1,0,1,0,1,1,1,2,1,2,1,4,4,4,5,6,11,12,9,12,8,9,15,11,18,51,14,44,26,30,51,43,71,67,65,20,59,3,6,38,3,9,9,24,2,4,1,10,4,1,1,12,5,6,1,0,1,1,0,1,0,1,2,6,0,4,0,73,84,1,6,83,78
,600,0,0,0,0,0,1,0,0,2,0,1,2,0,1,1,0,0,0,36,0,0,1,0,1,1,1,0,3,1,1,2,2,3,2,6,5,7,8,11,12,20,16,21,15,20,28,14,29,82,24,68,46,51,73,52,87,79,71,24,66,3,6,37,3,8,8,21,2,3,1,9,3,1,1,7,4,5,1,0,0,1,1,1,0,1,1,5,0,3,0,44,48,1,7,46,41
,605,0,0,0,0,0,3,0,0,1,0,1,0,0,0,1,0,0,0,22,0,1,0,0,1,0,1,0,1,2,1,2,2,4,2,16,13,13,16,21,23,38,29,42,28,38,59,26,56,109,39,103,70,69,106,71,114,92,81,24,69,3,5,38,2,6,6,15,1,2,1,8,2,0,1,6,1,3,1,0,0,1,0,1,0,1,1,4,0,2,0,24,38,0,4,33,32
,610,0,0,1,0,0,1,0,0,1,0,1,0,0,1,0,0,0,0,16,0,1,1,0,1,1,1,0,1,3,1,2,3,5,3,19,15,23,26,35,37,68,51,73,45,63,97,42,98,119,51,130,95,83,121,73,105,78,78,25,70,3,4,22,2,5,5,10,1,1,1,5,1,0,1,3,2,4,1,0,0,0,0,1,0,0,1,2,0,2,0,20,22,0,1,24,18
,615,0,0,0,0,0,0,0,2,0,0,1,0,1,1,0,0,0,0,15,0,1,0,0,1,1,1,1,1,3,2,3,4,8,4,35,29,37,45,63,60,113,85,110,74,99,150,68,146,131,66,154,106,92,129,79,105,74,72,20,62,3,3,18,2,4,7,7,1,1,0,2,2,0,0,3,0,4,0,0,0,1,0,0,0,0,1,3,0,0,0,25,19,0,4,17,13
,620,0,0,1,0,0,1,0,2,0,0,1,0,3,1,0,0,0,3,7,1,1,1,1,2,2,2,2,3,5,4,5,4,17,6,63,41,68,77,109,111,180,146,182,123,154,223,103,213,124,75,176,115,93,136,70,98,61,61,15,53,2,2,14,1,2,4,7,0,1,0,2,1,0,1,0,0,4,0,0,0,0,0,1,0,0,1,1,0,0,0,19,16,0,16,14,9
,625,0,0,0,0,0,1,0,0,0,0,1,0,0,1,1,0,0,1,5,1,3,1,1,4,2,2,3,4,9,6,8,7,30,11,111,80,115,140,186,179,274,233,273,172,208,293,145,297,108,78,167,111,88,114,60,79,47,47,12,39,2,1,8,1,2,2,6,0,1,0,1,0,0,1,0,1,3,0,0,0,1,0,0,0,2,1,1,1,0,0,7,15,0,1,7,6
,630,0,0,1,0,0,1,0,0,0,0,1,0,1,1,0,0,0,1,8,1,2,3,2,4,5,3,5,7,16,12,13,14,56,21,197,137,201,239,296,287,383,330,361,220,255,346,176,359,91,72,156,100,78,98,53,60,36,36,9,28,1,1,2,1,2,2,4,0,1,0,0,0,0,1,0,1,2,0,0,0,0,0,1,0,0,1,0,0,0,0,4,8,0,0,8,4
,635,0,0,0,0,0,1,0,0,1,1,1,1,1,1,1,0,2,1,5,3,2,3,4,7,8,4,10,12,24,18,19,24,86,32,294,217,292,325,394,386,436,406,433,252,277,370,199,382,75,68,133,90,69,85,42,49,28,29,7,23,1,1,5,1,2,2,3,0,0,0,0,4,0,0,0,0,4,0,0,0,0,0,0,0,0,1,2,0,0,0,3,9,0,0,6,1
,640,0,0,0,0,0,4,0,0,1,1,2,1,1,2,1,1,1,1,5,7,5,6,7,10,15,8,16,16,41,32,33,35,143,55,402,319,405,449,499,479,476,461,469,260,291,363,205,379,61,63,114,67,51,66,38,36,20,18,5,17,1,1,0,1,0,0,3,0,0,0,0,0,0,1,0,0,4,0,1,0,0,0,0,0,0,1,1,0,0,0,17,7,2,3,9,2
,645,0,0,1,0,0,2,1,1,1,1,2,2,2,1,2,2,2,2,2,6,9,10,17,16,20,15,27,28,70,52,58,59,226,91,533,445,531,533,600,543,477,498,462,258,261,329,194,353,50,48,91,56,39,55,22,27,13,12,4,14,0,0,0,1,0,5,15,0,0,0,0,0,0,1,0,0,2,0,0,0,0,0,0,0,0,0,2,0,0,0,0,25,0,16,7,1
,650,0,0,0,0,0,7,1,2,2,3,4,4,5,3,4,3,7,4,0,15,14,17,23,33,35,23,48,54,126,93,97,105,343,158,647,585,646,613,606,575,446,481,418,229,230,290,171,307,33,33,58,40,27,32,17,19,8,8,2,8,0,1,0,0,1,0,1,0,0,0,0,0,0,0,0,0,0,0,0,0,0,0,0,0,0,2,0,0,0,0,1,8,0,3,5,0
,655,1,0,0,0,0,5,2,2,4,3,6,4,8,4,6,5,7,6,0,19,21,29,37,48,59,35,75,80,191,145,151,157,467,228,678,660,672,642,606,556,409,458,380,203,195,238,159,251,25,27,48,28,19,27,12,12,9,2,2,16,0,0,0,0,1,1,0,0,0,0,0,0,0,1,0,0,1,0,0,0,0,0,0,0,0,1,0,0,0,0,1,5,0,0,6,0
,660,0,0,0,0,0,6,4,4,7,6,8,8,11,10,9,10,11,14,1,29,35,46,60,72,89,55,116,126,263,215,217,230,555,317,677,708,676,622,554,518,367,386,324,170,156,190,120,200,18,22,35,22,15,22,7,21,22,2,2,7,0,0,15,1,1,1,1,0,0,0,0,0,0,1,0,0,1,0,0,0,1,2,0,0,0,1,0,1,0,0,23,4,1,0,5,0
,665,1,1,1,1,1,11,5,7,9,10,13,15,17,11,14,16,16,15,1,50,57,72,94,113,136,86,172,195,373,302,316,325,622,437,623,693,630,559,499,458,289,320,259,132,121,134,95,160,16,15,24,12,13,17,8,5,5,3,2,3,0,0,0,1,0,0,0,0,0,0,0,0,0,0,0,0,0,0,0,0,3,0,0,1,3,1,0,0,0,0,0,7,0,0,4,17
,670,1,1,1,1,1,17,9,11,16,17,22,25,32,18,27,27,29,30,0,84,97,121,149,179,209,138,255,292,494,417,434,457,649,554,551,631,532,486,394,347,218,243,196,100,88,96,71,111,12,15,17,7,8,11,13,4,0,0,2,0,0,0,0,1,0,2,2,0,1,0,0,0,0,1,0,0,4,1,0,2,0,0,0,0,0,0,0,1,0,0,0,11,0,0,6,0
,675,2,2,1,2,2,32,15,16,27,27,33,38,50,29,39,42,44,43,0,132,150,182,219,248,283,209,340,400,574,507,531,541,645,601,449,560,464,377,315,281,166,191,149,73,65,72,52,79,12,8,14,6,6,11,2,2,3,0,0,2,0,0,0,1,0,1,0,2,0,0,0,0,0,0,0,0,7,0,0,2,0,0,0,0,0,1,9,0,0,0,4,8,0,2,6,0
,680,3,3,4,3,4,43,22,25,40,42,52,60,85,48,64,68,79,67,0,191,216,261,294,326,347,278,405,491,609,560,599,614,584,609,350,481,364,307,233,220,122,149,110,54,44,52,39,62,19,6,10,0,6,9,1,1,0,0,0,0,0,0,0,1,0,0,0,0,0,0,0,0,0,1,0,0,0,1,1,1,0,0,0,0,0,1,0,0,0,0,0,8,0,0,6,0
,685,4,5,4,4,4,64,35,44,61,66,87,96,130,70,102,107,107,108,1,268,296,353,377,395,394,353,455,544,615,611,613,619,503,616,275,378,269,236,193,156,92,104,86,39,31,36,29,50,3,4,6,1,3,8,0,2,0,0,0,0,0,0,0,1,1,1,0,0,1,0,0,0,0,4,0,0,4,0,0,0,0,0,1,0,0,1,0,0,0,0,0,9,0,0,11,0
,690,7,7,7,7,6,104,56,65,97,106,128,148,200,108,159,167,175,162,0,365,372,436,447,469,428,426,464,583,571,582,616,599,409,540,205,300,217,175,133,119,64,76,68,30,23,20,22,34,5,4,6,0,4,9,0,0,0,0,2,0,0,0,0,1,0,1,0,0,0,0,0,0,0,0,0,0,5,0,0,1,1,0,0,0,1,1,0,0,0,0,0,6,0,0,3,0
,695,12,10,10,11,10,173,93,110,163,167,210,247,313,176,257,270,281,272,0,462,471,510,481,485,428,471,450,578,493,514,545,571,313,455,141,216,152,125,96,86,44,51,43,21,17,13,16,24,4,3,4,0,2,10,0,1,23,0,1,0,0,0,0,1,0,0,31,0,1,0,0,0,0,1,0,0,0,1,0,2,0,0,0,0,1,1,0,0,0,0,2,4,0,0,8,0
,700,19,17,17,18,17,268,146,176,253,265,324,370,477,281,394,401,409,401,0,522,526,542,492,482,401,499,413,541,410,445,467,470,225,383,110,155,109,87,65,60,33,41,46,17,9,8,16,21,2,2,0,0,4,6,0,0,0,0,2,0,0,1,0,1,0,0,28,0,0,0,0,0,0,0,0,0,5,0,0,0,6,0,0,0,0,1,0,0,0,0,0,4,0,0,5,0
,705,31,27,25,27,25,386,217,244,373,380,477,526,621,404,546,565,570,557,0,572,536,539,465,439,354,465,362,460,346,381,400,395,176,301,80,125,89,82,50,47,23,29,26,14,4,7,12,28,1,2,0,0,2,7,0,0,3,0,2,0,0,5,0,0,0,3,0,0,0,0,0,0,0,2,0,0,0,1,0,1,0,0,0,0,1,1,0,0,0,0,0,8,0,0,6,12
,710,43,38,37,39,38,545,318,374,515,552,630,680,762,567,704,734,741,761,34,548,508,486,392,360,291,401,276,380,251,280,285,306,124,208,55,89,61,47,38,37,12,26,18,9,3,6,6,6,19,1,0,0,0,4,0,0,0,0,0,0,0,0,0,1,0,1,0,3,0,0,22,0,0,1,0,0,3,0,0,1,0,0,0,0,0,1,0,0,0,0,0,2,0,0,8,1
,715,67,59,57,62,59,742,480,543,734,774,830,860,905,764,930,898,914,951,0,479,408,399,309,278,206,322,193,266,163,190,209,202,79,138,37,74,37,31,19,23,9,14,17,7,0,4,7,6,2,2,0,0,0,10,0,0,0,0,0,0,0,0,0,1,0,0,0,0,0,0,0,0,0,1,0,0,0,1,0,0,0,0,0,0,0,2,0,0,17,0,0,3,0,0,1,0
,720,103,89,85,90,85,953,653,725,915,938,983,969,970,945,1049,1033,1025,1118,0,399,343,314,231,205,147,254,147,202,120,123,163,145,59,98,29,44,41,23,17,15,7,12,9,5,0,0,5,3,4,2,0,0,2,2,0,4,0,0,0,1,0,0,0,1,0,2,0,0,0,0,0,0,0,5,0,0,0,3,0,0,0,2,4,0,1,0,0,0,0,0,0,46,0,0,2,0
,725,143,127,122,125,121,1116,848,917,1085,1104,1099,1068,1041,1135,1153,1080,1084,1251,0,332,280,269,190,174,116,203,110,153,88,108,117,107,47,71,19,37,20,16,11,15,6,10,8,5,0,1,3,2,0,0,0,0,0,3,0,0,0,0,6,0,2,0,0,1,0,1,1,0,0,0,0,0,0,1,0,0,1,0,0,0,0,0,1,0,0,1,0,0,0,0,0,0,0,0,6,2
,730,208,180,175,182,177,1271,1076,1138,1260,1290,1218,1149,1034,1300,1270,1158,1123,1323,0,285,232,209,145,131,95,158,82,116,73,77,88,79,36,59,14,28,37,20,9,8,1,8,11,7,0,0,4,0,24,1,0,0,18,7,14,0,0,0,1,0,0,0,0,1,0,1,0,0,0,2,0,0,0,5,0,0,6,0,0,1,0,0,0,0,0,1,2,0,0,0,0,10,0,0,12,0
,735,313,273,263,278,264,1410,1326,1359,1431,1431,1278,1156,1013,1416,1260,1164,1118,1357,0,227,187,176,116,101,73,125,61,93,51,60,71,81,29,43,15,23,17,10,5,11,2,6,7,5,0,0,3,0,1,0,20,0,19,5,0,0,0,0,3,0,0,0,0,1,1,10,0,0,1,0,0,0,0,1,0,0,0,0,1,1,1,0,0,0,0,9,0,0,0,0,0,0,0,0,8,0
,740,488,427,409,425,413,1432,1547,1528,1457,1428,1209,1100,850,1415,1157,1035,999,1236,0,169,133,127,82,69,51,83,39,62,41,40,47,47,21,34,5,18,17,8,1,11,0,3,10,5,0,0,16,0,6,1,0,0,0,0,0,0,0,0,3,0,0,0,0,1,0,0,0,0,0,0,0,0,0,0,0,0,8,1,0,1,0,0,0,0,0,1,0,0,0,0,40,63,0,0,8,0
,745,675,593,559,587,562,1391,1617,1586,1421,1388,1145,966,739,1342,1018,917,877,1109,0,119,97,94,59,56,37,64,33,47,31,32,41,40,17,29,4,12,7,13,0,2,0,2,2,4,0,0,3,0,0,1,0,0,0,12,0,0,0,0,2,0,0,0,0,1,0,1,6,0,1,0,0,0,0,1,0,0,6,1,0,1,1,0,0,1,1,0,0,0,0,0,0,9,0,2,4,0
,750,900,787,749,777,759,1213,1609,1524,1311,1243,1017,817,601,1204,881,759,730,930,66,93,77,67,45,47,27,47,19,34,21,27,30,31,17,19,3,16,8,11,30,7,0,6,10,1,0,0,0,32,0,1,0,0,0,7,1,0,0,0,0,0,0,0,0,1,0,1,1,0,0,0,0,0,0,2,0,0,4,1,0,5,0,0,1,0,0,12,0,3,0,0,0,10,0,2,11,0
,755,1191,1039,966,1022,966,1039,1482,1347,1093,1040,788,644,455,1011,673,599,548,734,0,68,52,48,28,35,18,33,17,26,37,17,24,13,9,15,0,13,9,5,2,6,0,5,4,7,0,0,6,1,0,0,0,0,1,4,0,0,0,0,1,0,0,0,0,1,0,0,0,0,0,0,0,0,0,0,0,0,8,1,0,1,2,0,1,1,9,2,0,0,0,0,0,7,0,0,14,0
,760,1546,1311,1254,1317,1235,815,1280,1165,863,830,601,491,333,818,522,438,452,568,0,48,40,31,19,29,13,21,11,19,12,7,43,18,7,39,0,11,0,2,0,0,0,2,15,5,0,0,4,0,0,2,0,0,0,3,0,0,0,28,3,0,1,0,0,2,0,1,0,0,13,0,0,0,0,1,0,0,7,2,0,1,1,0,0,1,0,4,0,0,0,0,0,16,0,0,56,0
,765,1876,1548,1481,1573,1494,618,1052,926,655,619,434,361,234,612,379,319,288,407,0,31,24,22,9,16,2,22,0,11,10,9,14,10,5,43,0,9,6,10,33,0,0,0,3,3,0,0,9,0,1,0,0,0,0,17,28,0,0,0,5,4,0,0,0,2,0,3,0,0,1,0,0,0,6,3,0,0,15,2,0,1,0,0,0,0,0,3,0,0,0,0,0,17,0,0,15,0
,770,2047,1748,1638,1707,1632,477,838,734,493,476,322,259,179,462,275,228,217,301,0,19,19,15,0,14,2,12,0,10,8,33,12,14,15,6,0,15,0,6,0,4,0,2,55,6,0,0,3,0,6,4,0,0,0,0,39,0,0,0,0,49,0,1,0,2,0,0,0,0,0,0,0,0,0,3,0,35,0,0,0,1,16,0,1,1,1,1,0,0,0,0,0,7,0,0,17,0
,775,2165,1801,1696,1786,1721,365,675,586,391,360,254,201,126,375,209,175,171,235,0,13,12,19,4,14,0,36,0,10,9,7,19,10,8,10,8,16,7,4,0,15,0,1,0,8,0,0,1,0,67,0,5,0,0,20,0,0,0,0,2,0,0,0,0,3,1,0,0,0,0,0,0,0,0,2,0,0,0,2,0,0,0,0,2,1,0,20,0,0,0,0,0,29,0,0,12,0
,780,2116,1784,1690,1760,1649,264,492,408,283,261,175,145,98,241,149,138,111,162,0,10,12,7,0,4,0,7,0,6,4,2,14,5,1,11,0,12,5,7,0,4,0,0,6,8,0,0,0,0,3,8,0,0,0,31,0,0,0,0,0,0,0,0,0,3,0,0,0,0,0,0,0,0,0,4,0,0,2,3,0,2,0,0,1,0,0,3,0,0,0,0,0,12,0,0,28,0
,785,2007,1600,1529,1614,1500,186,366,288,197,179,116,92,61,171,100,87,67,106,0,21,7,9,0,12,0,3,0,4,8,1,5,5,6,12,0,1,63,8,0,1,0,0,0,7,26,0,0,0,0,0,0,0,0,14,0,0,0,0,3,83,0,0,0,2,5,0,0,0,0,0,0,28,0,4,0,0,0,1,0,0,1,0,1,1,2,4,0,0,0,1,0,17,0,0,31,0
,790,1791,1423,1336,1416,1324,141,244,228,145,123,92,66,46,127,70,54,57,76,128,3,6,8,32,44,0,3,0,2,7,0,14,7,2,10,0,13,2,12,0,4,0,0,8,15,0,0,1,0,12,5,0,0,0,23,0,0,0,0,23,0,0,1,0,2,0,5,0,0,0,0,0,0,0,3,0,0,0,2,0,2,0,0,3,1,0,2,0,0,0,1,0,9,0,0,29,0
,795,1526,1223,1159,1214,1149,99,192,152,106,87,99,58,25,95,55,42,37,60,0,1,2,2,0,5,0,7,0,1,5,0,9,5,60,7,0,27,4,11,0,4,0,0,89,2,0,0,2,0,13,4,0,0,0,22,74,0,0,0,0,0,7,0,0,2,0,2,0,0,0,0,0,0,0,4,0,0,32,1,0,1,0,0,3,0,2,6,0,0,0,1,194,5,0,0,7,0
,800,1225,1006,940,991,913,77,131,113,62,68,55,39,27,72,34,29,24,42,0,35,15,5,0,4,1,2,0,0,8,6,8,59,9,4,0,37,6,12,0,0,0,0,1,20,0,0,7,0,24,1,0,0,0,21,0,0,0,79,44,0,0,5,0,4,0,0,0,0,0,0,0,0,0,0,0,0,7,6,0,3,1,0,2,1,0,4,19,0,0,1,0,27,0,0,23,0
,805,918,702,682,717,672,55,75,81,42,41,27,22,6,46,21,18,15,26,0,0,2,0,0,7,0,1,0,1,4,0,15,10,0,13,75,0,3,2,0,1,0,0,103,0,0,0,55,85,0,3,0,0,0,29,0,0,0,0,0,0,0,0,0,3,0,0,0,0,27,0,0,0,0,4,0,0,0,4,0,2,0,2,1,3,0,0,0,0,0,1,0,34,0,0,8,0
,810,697,569,520,556,511,43,59,52,28,35,33,15,11,41,10,9,5,19,0,0,7,9,0,6,0,4,0,1,14,0,10,1,9,9,0,24,22,64,0,1,0,0,7,10,0,0,0,0,20,65,121,0,0,113,0,0,0,0,0,0,0,15,0,4,41,1,0,0,0,0,0,0,0,4,0,0,0,3,0,4,0,0,21,1,2,11,0,0,0,1,0,79,0,0,34,0
,815,560,424,410,422,411,32,46,36,26,24,23,8,10,28,2,5,2,15,0,0,7,3,0,0,4,0,0,1,0,0,85,8,0,5,0,2,0,0,0,4,0,0,114,12,0,0,10,0,1,0,0,68,0,34,0,0,47,0,0,13,0,5,0,4,0,4,0,0,0,0,0,0,15,2,0,0,0,2,0,2,0,0,4,1,0,5,0,0,0,0,8,27,0,0,69,0
,820,392,309,285,323,294,29,34,29,22,15,17,3,0,27,10,0,0,2,29,0,0,4,0,6,0,3,0,2,0,0,16,9,0,11,1,8,0,0,0,0,0,0,0,12,0,90,17,0,1,0,141,0,0,22,0,0,0,0,0,0,0,5,0,3,0,6,0,0,0,0,0,0,0,5,0,0,0,0,0,3,0,0,0,1,25,0,0,0,0,1,0,45,0,0,85,234
,825,291,219,209,226,230,14,16,15,26,12,4,0,0,32,1,0,3,0,0,61,10,11,0,18,0,0,0,0,6,0,1,8,22,9,0,19,11,10,0,1,33,0,0,14,0,0,36,144,35,0,0,0,140,38,112,0,0,0,0,0,0,0,0,6,1,12,0,28,0,0,0,0,0,0,0,0,0,18,0,5,41,0,2,2,2,6,0,0,0,1,0,46,0,0,65,0
,830,199,161,151,164,145,49,0,13,20,1,26,80,0,31,0,0,0,0,0,0,0,0,0,11,0,5,0,10,26,0,16,20,0,11,0,21,0,0,11,0,0,0,0,15,0,0,4,0,31,0,0,0,0,54,0,0,0,0,0,0,0,2,0,5,0,0,0,0,0,0,0,0,29,9,0,0,15,0,0,6,0,39,4,3,0,10,0,0,0,1,348,13,31,0,84,0
,835,152,115,117,147,136,37,0,0,18,0,9,0,0,30,0,0,0,0,0,0,0,0,0,8,0,0,0,0,11,0,35,7,0,24,0,6,0,0,23,21,0,0,0,25,0,0,150,0,23,0,5,162,0,64,0,0,0,0,15,0,3,6,0,5,0,2,0,0,0,26,0,0,0,11,0,0,32,8,0,7,0,0,15,7,0,8,0,0,0,2,0,0,0,0,53,0
,840,184,103,133,95,110,18,5,0,0,0,2,89,0,17,0,126,16,0,0,0,17,0,0,47,0,0,0,41,42,173,39,22,41,0,0,331,20,0,0,0,0,0,49,17,0,0,13,0,0,17,0,0,0,107,0,0,0,0,12,0,1,43,0,7,0,24,0,0,1,0,0,0,0,30,0,0,0,4,0,12,0,0,2,0,0,27,0,0,0,4,0,95,0,0,193,0
,845,72,80,152,62,69,29,0,0,0,4,3,0,0,76,3,0,0,0,0,0,0,12,0,0,0,17,0,0,26,0,63,95,32,460,0,133,18,478,0,20,0,13,0,442,0,0,399,0,122,0,0,0,0,66,0,0,0,0,76,0,10,0,0,26,10,22,0,0,1,0,0,0,0,22,0,0,0,21,33,39,38,0,38,40,0,37,0,34,0,5,0,229,0,0,0,0
,850,48,56,215,74,57,48,0,0,16,0,107,0,0,47,16,0,0,0,0,0,0,0,0,114,0,467,0,0,0,579,87,0,72,0,0,244,0,0,0,58,0,0,0,98,404,0,95,0,0,182,0,0,0,0,0,0,0,0,0,0,69,10,0,44,0,36,0,0,2,0,0,0,0,31,0,0,0,36,0,19,19,0,41,19,32,24,0,0,0,40,0,69,0,0,459,0
,,,,,,,,,,,,,,,,,,,,,,,,,,,,,,,,,,,,,,,,,,,,,,,,,,,,,,,,,,,,,,,,,,,,,,,,,,,,,,,,,,,,,,,,,,,,,,,,,
Read 13:EM Spectrum,,,,,,,,,,,,,,,,,,,,,,,,,,,,,,,,,,,,,,,,,,,,,,,,,,,,,,,,,,,,,,,,,,,,,,,,,,,,,,,,,,,,,,,,,,,,,,,,,
,,,,,,,,,,,,,,,,,,,,,,,,,,,,,,,,,,,,,,,,,,,,,,,,,,,,,,,,,,,,,,,,,,,,,,,,,,,,,,,,,,,,,,,,,,,,,,,,,
,Wavelength,A1,A2,A3,A4,A5,A6,A7,A8,A9,A10,A11,A12,B1,B2,B3,B4,B5,B6,B7,B8,B9,B10,B11,B12,C1,C2,C3,C4,C5,C6,C7,C8,C9,C10,C11,C12,D1,D2,D3,D4,D5,D6,D7,D8,D9,D10,D11,D12,E1,E2,E3,E4,E5,E6,E7,E8,E9,E10,E11,E12,F1,F2,F3,F4,F5,F6,F7,F8,F9,F10,F11,F12,G1,G2,G3,G4,G5,G6,G7,G8,G9,G10,G11,G12,H1,H2,H3,H4,H5,H6,H7,H8,H9,H10,H11,H12
,500,1,1,1,1,1,3,3,2,1,3,2,2,2,2,2,3,2,3,35,3,3,3,3,4,2,2,4,3,3,3,3,5,5,3,8,7,4,8,4,7,5,6,10,8,6,13,8,6,6,12,6,6,4,7,8,12,2,2,11,13,8,14,3,2,5,3,11,1,2,2,2,12,3,1,1,0,1,0,5,4,27,1,2,3,2,1,1,3,1,1,49,47,1,9,40,38
,505,1,1,1,1,1,3,3,2,1,2,3,3,3,2,2,2,2,2,83,3,3,4,2,2,2,4,4,3,4,4,4,3,7,2,7,4,7,5,6,5,5,8,6,5,9,6,6,4,10,6,9,9,2,10,6,12,2,1,8,9,14,12,2,4,6,3,10,0,1,2,2,10,3,1,1,0,1,0,8,4,11,2,1,2,3,1,2,3,1,1,92,88,1,9,101,87
,510,1,1,1,1,1,3,2,2,1,2,2,2,2,2,3,1,3,2,153,4,3,3,2,4,2,3,4,3,4,4,3,5,5,5,4,4,7,5,4,4,8,4,9,8,9,10,6,5,9,9,5,6,2,7,6,11,2,2,13,11,11,8,3,2,8,2,14,0,1,2,3,16,3,1,1,0,1,0,4,3,11,1,2,2,2,1,1,3,1,1,180,196,1,9,194,185
,515,1,1,1,1,1,3,2,2,2,2,2,2,1,1,3,1,3,4,372,3,3,3,3,2,2,3,2,3,5,4,3,7,7,3,7,6,5,4,7,4,7,7,10,5,6,9,8,4,9,9,9,6,3,9,8,6,2,2,13,12,12,8,2,2,5,2,9,1,1,4,3,14,2,1,1,0,1,0,7,3,16,2,2,3,4,1,2,3,1,1,456,471,1,12,494,476
,520,0,1,1,0,1,2,2,2,1,3,2,2,2,2,3,1,3,3,764,3,3,1,3,2,2,3,3,4,5,6,3,4,6,2,6,3,6,4,10,4,7,4,5,7,5,5,4,5,8,9,4,3,2,6,11,13,2,2,7,6,10,13,2,2,5,2,13,0,2,1,3,12,2,1,1,0,1,0,5,3,10,2,1,3,3,1,1,3,1,1,932,1041,1,9,1077,993
,525,1,1,0,1,1,1,2,1,2,2,4,3,1,2,1,1,2,2,1484,2,2,1,3,2,2,1,3,2,3,5,5,3,6,4,4,5,3,7,3,7,3,6,6,3,6,8,4,3,4,9,3,5,2,5,5,11,2,2,14,11,6,12,2,2,4,2,14,0,1,2,2,7,2,1,1,0,1,0,4,2,11,1,2,2,4,1,2,2,1,1,1707,1828,1,15,1849,1838
,530,0,0,0,0,1,1,1,1,1,1,2,1,1,2,3,1,2,1,2494,3,1,2,1,2,1,2,1,4,1,3,3,3,4,2,7,3,5,6,3,3,6,4,5,7,4,4,6,4,14,4,6,8,2,9,8,9,3,1,11,10,9,9,2,4,4,3,9,0,1,3,3,5,3,1,1,0,1,0,5,3,17,2,2,3,3,2,1,4,1,1,3104,3254,1,24,3386,3205
,535,1,0,1,0,1,1,1,2,1,1,2,1,0,1,2,2,1,2,3789,1,2,1,4,3,3,1,1,3,1,5,2,2,5,1,3,2,6,3,5,2,7,3,4,3,4,7,2,2,4,4,2,2,2,3,7,9,1,1,7,10,4,11,1,3,5,2,12,1,1,2,1,5,3,1,0,0,1,0,4,3,21,2,3,5,3,1,2,2,1,1,4318,4839,1,33,4800,4514
,540,0,1,0,0,1,1,1,1,2,1,1,1,2,1,2,1,1,2,4275,3,2,2,1,3,1,1,1,1,1,2,4,2,3,2,5,5,5,5,3,2,2,2,4,6,4,6,5,2,7,9,0,7,2,7,8,4,3,2,9,9,8,9,1,1,7,3,13,0,1,1,2,10,2,1,1,0,1,0,7,3,22,2,4,6,6,2,3,5,1,2,5150,5501,2,38,5586,5200
,545,0,1,0,1,1,1,2,1,1,2,2,1,1,2,2,2,1,4,4361,1,2,0,2,1,2,1,2,3,1,5,1,3,4,2,2,5,5,2,1,4,2,5,4,0,7,6,2,4,7,3,1,2,3,2,3,4,1,1,8,4,3,4,2,1,3,1,9,0,1,2,1,6,4,1,0,0,1,0,5,4,27,4,5,8,8,2,3,7,2,2,5221,5789,2,44,5617,5434
,550,1,1,1,1,1,2,2,0,0,0,0,0,0,1,2,0,4,2,3941,3,1,2,1,2,0,2,3,3,0,4,1,1,5,3,2,3,5,2,0,1,5,4,3,4,3,6,5,3,2,7,1,5,1,8,7,3,5,0,7,5,1,4,2,2,7,2,7,0,1,1,3,18,3,1,1,0,1,0,9,4,45,5,6,10,9,3,4,6,2,2,4549,4967,3,48,5009,4850
,555,0,0,0,0,1,1,1,1,1,1,1,1,2,1,1,1,1,1,2977,2,1,0,1,2,1,1,2,5,1,2,2,3,3,2,3,2,4,3,3,3,4,2,5,2,4,5,3,2,5,4,2,4,2,3,5,6,1,1,7,6,6,8,1,4,4,1,13,0,1,2,4,13,4,1,1,0,2,1,9,4,42,5,6,11,9,3,5,9,2,3,3457,3824,2,46,3835,3574
,560,0,0,0,0,1,1,1,1,1,1,1,1,0,1,1,0,1,3,1899,2,1,3,1,1,3,1,1,2,0,3,2,2,3,2,2,2,2,3,3,2,2,2,4,3,3,3,3,2,5,4,1,5,1,2,4,11,2,1,8,6,5,9,2,3,6,2,13,0,2,3,5,21,6,1,1,0,2,1,8,3,40,5,7,9,9,3,4,7,2,2,2270,2558,2,41,2528,2380
,565,1,1,0,0,1,1,1,0,2,1,1,1,1,1,2,2,1,1,1320,3,0,1,0,1,0,1,1,5,0,2,2,1,2,2,3,2,3,3,3,1,7,2,5,1,3,4,1,2,3,5,2,2,2,3,4,6,3,1,14,7,6,14,2,3,9,3,19,1,2,3,6,23,6,1,1,0,1,1,8,3,32,5,6,9,9,3,4,7,2,2,1568,1751,2,33,1694,1630
,570,0,0,0,0,1,1,1,0,0,1,1,1,0,1,1,0,1,1,828,1,0,1,1,1,2,1,1,1,0,2,1,1,3,2,2,2,2,3,2,2,7,2,4,2,7,4,3,2,5,4,2,3,2,5,6,8,3,2,13,10,12,27,3,5,12,4,25,1,3,5,8,27,7,1,2,0,1,0,6,3,30,4,5,7,7,3,3,7,2,2,1025,1106,2,24,1139,1042
,575,0,0,0,0,0,1,1,0,0,1,1,1,0,0,1,0,1,2,483,1,1,1,0,1,1,0,0,2,0,5,2,2,3,1,3,1,3,3,2,1,2,2,4,1,4,4,3,3,7,6,4,6,2,8,9,13,4,3,18,16,19,30,5,8,16,5,28,1,3,5,8,24,5,1,2,0,1,1,5,2,25,3,4,6,6,2,2,5,1,1,595,635,1,18,644,601
,580,0,0,0,0,0,0,1,0,2,1,2,0,0,0,1,0,2,0,286,1,0,1,0,1,0,0,1,1,0,2,1,1,3,1,2,2,7,3,2,2,4,2,4,2,6,4,3,4,14,8,7,15,5,13,14,19,7,5,32,28,30,34,7,10,24,6,37,1,4,5,6,27,5,1,2,0,1,0,5,2,19,2,3,5,5,2,2,4,1,1,334,372,1,14,369,342
,585,0,0,0,0,0,1,1,0,0,1,0,0,0,1,1,0,1,1,155,1,0,1,0,1,1,0,1,2,0,2,2,1,3,1,7,2,3,3,3,4,5,3,6,4,8,14,7,5,24,15,16,16,7,22,28,36,12,9,49,48,48,47,8,12,24,7,44,1,3,5,4,22,3,1,2,0,1,0,3,1,13,2,2,5,3,1,2,2,1,1,183,203,1,9,209,188
,590,0,0,0,0,1,0,1,0,0,0,0,0,0,0,1,0,0,1,114,1,0,0,0,1,1,1,1,2,0,2,1,1,2,2,3,3,4,5,4,4,9,6,9,9,12,11,8,8,36,24,25,28,11,38,50,52,15,13,67,69,57,49,9,13,24,6,32,1,3,4,4,17,2,1,1,0,1,0,2,1,10,2,2,3,1,1,1,2,1,1,136,135,1,9,133,125
,595,0,0,0,0,0,0,0,0,0,0,0,0,0,0,1,0,0,0,61,1,0,3,2,1,0,0,0,1,2,3,1,1,3,1,5,3,5,6,6,5,16,9,14,12,20,22,17,12,60,40,40,46,17,58,63,73,20,15,84,84,68,49,9,12,21,6,27,1,3,3,3,15,2,0,1,0,0,0,2,1,7,1,1,2,2,1,1,1,1,1,93,85,1,6,86,75
,600,0,0,0,0,0,0,0,0,0,1,0,0,0,1,1,0,0,0,45,1,0,1,0,1,3,0,3,1,0,2,1,1,4,1,8,5,8,11,11,13,27,18,26,27,36,39,36,21,90,67,71,78,27,88,93,102,23,19,89,99,77,42,9,12,18,5,23,1,2,2,2,7,1,0,1,0,0,0,1,1,7,1,1,2,1,1,1,1,1,0,48,55,1,3,54,45
,605,0,0,0,0,0,0,2,0,0,2,1,0,0,0,1,0,0,0,27,1,0,0,0,1,1,0,1,2,0,3,1,2,4,2,15,9,15,22,23,23,48,36,47,50,67,73,56,43,118,108,107,114,38,116,121,116,24,21,88,105,71,34,6,9,14,4,16,1,2,2,2,18,1,0,0,0,1,0,2,0,14,2,1,2,1,1,1,1,1,0,33,32,0,4,31,29
,610,0,0,0,1,1,0,0,0,0,0,1,0,0,0,1,2,0,2,15,1,2,0,0,1,1,0,1,2,1,3,2,2,8,3,23,16,25,30,38,41,81,60,77,90,110,128,98,67,127,147,143,144,43,134,129,123,24,20,77,99,64,29,6,7,10,3,11,0,1,1,1,3,1,0,1,0,0,0,2,0,4,1,2,1,1,0,1,1,0,0,24,24,1,5,21,18
,615,0,0,0,0,0,0,0,2,0,1,0,0,0,0,1,1,0,1,14,1,0,0,0,1,1,0,1,4,2,4,2,2,12,4,45,26,38,49,65,69,128,100,126,143,171,182,151,102,135,177,167,164,48,150,130,119,22,19,71,89,57,22,4,6,9,2,7,0,1,1,3,2,1,0,0,0,0,0,4,0,2,0,2,1,1,1,1,1,0,0,21,17,1,2,20,12
,620,0,0,0,0,1,0,0,0,0,1,0,0,0,1,1,0,0,1,9,1,0,0,1,1,4,1,3,6,6,6,4,4,20,6,70,49,72,87,118,132,206,169,209,229,259,274,237,146,137,204,180,181,50,150,118,104,19,15,66,79,44,25,3,4,5,2,9,0,2,1,0,3,1,0,0,0,0,0,0,0,2,1,0,1,1,0,1,0,0,0,16,15,0,5,13,10
,625,0,0,0,0,0,0,0,0,0,0,0,0,0,1,1,0,0,0,7,1,1,1,1,3,2,1,4,9,8,8,7,8,35,10,127,86,131,156,204,213,313,276,302,324,345,364,328,202,113,215,190,176,44,137,98,88,15,12,44,61,36,12,2,3,6,2,3,0,0,0,0,0,1,0,0,0,0,0,0,0,7,0,0,1,0,0,1,0,0,0,11,9,0,2,9,1
,630,0,0,0,0,0,0,0,0,0,0,1,3,0,1,1,0,0,0,5,2,1,2,3,4,4,3,6,7,15,14,11,13,61,19,218,155,217,259,308,327,407,383,393,406,409,425,396,232,102,196,156,157,39,103,77,61,10,8,34,45,24,10,1,2,4,1,1,0,1,0,0,0,1,0,0,0,0,0,0,0,5,0,0,1,0,0,0,0,1,0,21,5,0,2,5,3
,635,0,0,0,0,0,1,0,0,0,1,1,3,0,1,2,0,4,3,4,3,3,3,4,6,7,4,10,12,25,26,18,21,95,34,311,231,303,367,417,433,473,468,451,461,444,433,446,249,78,177,141,147,34,92,62,53,9,7,24,34,20,6,2,2,5,1,4,0,0,0,0,0,1,0,0,0,0,0,0,0,1,0,0,1,0,0,1,0,0,0,12,6,0,1,5,4
,640,0,0,0,0,1,3,2,1,0,1,1,0,1,1,2,1,1,1,4,7,3,6,8,10,13,8,18,20,40,35,32,35,152,52,436,351,426,478,519,532,518,534,482,472,436,425,441,243,58,158,115,114,29,68,52,34,7,5,19,24,14,18,2,2,3,1,1,0,1,0,0,0,1,0,0,0,0,0,0,0,2,0,0,4,0,1,0,0,0,0,8,4,0,1,6,0
,645,0,0,0,0,0,1,1,0,1,2,2,2,2,2,1,1,1,2,0,8,9,11,13,16,22,11,28,32,71,58,53,62,250,87,574,484,566,595,602,600,515,554,487,461,406,378,423,221,45,121,90,83,24,49,37,29,5,4,13,20,8,3,1,1,2,3,2,0,0,0,0,0,1,0,0,0,0,0,0,0,0,0,0,4,0,0,0,0,0,0,9,8,0,3,7,2
,650,0,0,0,0,1,2,2,3,1,3,4,4,4,3,4,3,3,3,2,14,14,19,24,29,40,23,50,58,126,103,99,104,374,148,693,633,639,661,620,625,475,528,440,408,352,325,356,191,34,91,64,63,14,35,24,17,4,2,10,11,7,5,1,1,1,0,0,0,0,0,0,0,1,0,0,0,0,0,5,0,2,1,0,5,0,1,1,0,1,0,11,5,0,0,8,1
,655,0,0,0,0,1,3,2,2,3,4,5,6,8,5,6,5,8,6,0,22,26,32,37,45,65,35,77,92,195,159,151,168,491,222,734,729,693,674,611,606,429,485,393,353,285,260,316,158,22,71,46,44,11,25,14,15,3,2,7,8,2,5,1,0,3,1,0,0,0,0,0,0,0,0,0,0,0,0,0,0,1,0,0,1,0,0,1,0,0,0,6,4,0,1,6,0
,660,0,0,1,0,1,5,4,3,5,7,8,9,12,7,9,8,9,10,0,33,36,46,62,71,97,59,124,141,281,230,220,247,594,310,704,751,697,649,553,555,360,428,339,301,241,209,251,124,20,54,33,33,8,23,9,10,7,2,6,8,18,4,2,0,4,1,0,0,0,0,3,0,0,0,0,0,0,0,0,0,0,0,0,1,0,0,1,0,0,0,7,3,1,0,1,0
,665,0,1,1,1,1,9,5,6,8,10,14,14,18,11,15,15,16,17,0,55,60,73,101,111,144,90,181,217,377,331,326,348,676,414,672,736,630,591,493,489,304,352,273,224,187,161,200,98,13,38,23,21,7,13,4,5,3,1,3,5,0,0,0,0,2,1,0,0,0,1,0,0,0,0,0,0,0,0,0,0,0,0,0,1,0,1,1,0,0,0,11,1,0,2,23,1
,670,1,1,1,1,1,17,9,11,14,18,24,23,33,17,28,25,29,26,0,90,99,130,162,173,221,150,260,336,498,460,435,476,692,500,559,676,535,482,384,387,228,259,195,161,137,116,144,66,10,26,13,16,5,7,2,3,2,0,5,3,17,4,1,0,1,1,0,0,0,0,0,0,0,0,1,0,0,0,0,0,0,1,0,0,0,0,1,0,0,0,7,1,2,2,4,0
,675,2,2,1,1,3,28,15,19,26,27,37,41,52,29,42,43,46,43,0,138,153,183,228,238,289,217,342,446,594,550,545,561,664,575,476,597,463,401,308,303,172,209,151,122,99,90,103,51,5,25,12,11,4,6,13,4,2,0,5,1,0,1,1,0,1,1,0,0,0,0,0,0,0,0,0,0,0,0,0,3,27,0,0,1,0,1,1,0,1,0,6,31,0,5,0,0
,680,3,2,3,3,3,41,23,28,38,45,56,61,82,46,68,68,78,66,6,205,224,267,308,318,372,296,423,533,623,605,577,627,606,579,386,499,377,325,236,224,133,151,114,90,76,60,81,39,2,16,0,9,2,4,0,0,2,0,3,3,0,1,0,0,2,1,0,0,0,0,0,0,0,0,0,0,0,0,0,0,0,0,0,1,0,0,1,0,0,0,5,6,0,3,6,0
,685,5,4,4,4,5,66,35,45,61,69,89,96,128,72,112,113,119,108,0,288,300,352,397,378,425,380,468,634,630,631,629,630,540,580,284,388,278,237,182,163,113,108,85,65,56,41,60,33,2,13,5,9,2,0,0,0,2,0,5,5,0,1,0,1,2,1,1,0,0,1,0,0,1,0,2,0,0,0,0,0,0,0,0,1,0,0,1,0,2,0,11,9,0,0,10,0
,690,8,7,7,6,7,104,58,69,98,106,136,145,208,114,164,168,183,165,0,383,393,443,468,435,459,457,495,655,609,615,602,631,433,514,222,316,218,179,141,125,66,82,69,42,44,37,49,25,1,9,0,22,1,2,0,0,2,0,2,22,0,4,0,0,1,2,0,0,0,1,0,0,0,0,0,0,0,0,0,5,0,0,0,1,0,0,1,0,1,0,5,20,0,0,4,0
,695,12,11,12,10,12,173,91,120,166,178,226,243,326,188,260,283,304,265,0,493,492,521,510,457,448,513,474,655,503,542,555,569,323,428,160,226,153,148,86,91,51,55,46,30,47,52,28,19,0,4,0,1,5,0,0,0,2,6,2,0,0,0,1,0,0,1,0,0,0,0,0,0,1,0,0,0,0,0,9,0,0,0,0,1,0,0,1,0,0,0,6,1,0,3,0,0
,700,20,18,18,17,18,269,153,180,259,283,347,379,474,285,408,415,445,413,5,560,552,567,513,475,420,525,421,614,420,476,471,476,252,343,120,175,117,95,65,64,40,38,36,17,25,21,19,14,3,10,0,1,2,0,0,0,3,0,5,0,0,5,0,0,0,1,0,0,0,0,0,0,0,0,0,0,1,0,0,0,0,1,0,11,0,0,0,0,1,0,9,0,0,4,6,0
,705,31,27,25,26,28,390,223,277,376,406,489,519,635,429,570,577,621,582,0,599,570,560,487,417,371,504,369,518,337,390,377,391,195,272,86,126,89,74,43,52,31,30,29,15,23,14,20,11,0,8,0,1,2,1,0,0,1,0,0,0,0,1,1,8,5,1,2,0,0,0,0,0,8,0,0,0,1,0,0,4,0,0,0,3,1,1,0,0,1,0,13,9,1,6,10,0
,710,43,40,37,39,39,550,321,395,538,560,672,704,789,584,757,760,802,770,3,579,506,495,413,346,291,446,287,412,242,311,296,297,144,201,67,85,62,52,35,34,16,24,25,9,18,28,9,9,0,2,0,0,2,0,0,0,9,0,0,0,0,0,0,0,1,2,31,0,0,0,0,0,0,0,0,0,0,0,0,0,5,0,0,0,0,0,2,7,0,0,11,13,1,1,0,0
,715,70,62,60,62,60,761,498,587,748,782,884,862,950,811,966,927,988,971,0,501,421,406,319,270,213,339,201,292,171,203,204,204,85,131,40,60,37,36,23,25,14,14,37,2,15,8,6,7,0,1,0,0,3,0,0,0,1,0,1,2,0,6,0,0,1,1,0,0,0,0,0,0,0,0,0,0,0,0,0,0,4,0,0,0,0,0,1,0,1,0,6,1,0,0,4,0
,720,102,91,88,91,89,943,658,784,963,951,1055,993,999,1013,1093,1053,1113,1115,6,422,357,333,243,214,154,266,147,221,119,143,157,148,62,95,31,41,33,42,16,17,10,10,14,10,8,9,3,16,0,0,0,0,1,0,0,0,2,0,0,2,2,0,1,2,4,5,0,0,0,0,0,0,0,0,0,0,0,0,0,0,0,0,0,0,0,0,1,0,1,0,14,7,0,0,0,0
,725,147,130,126,133,127,1111,862,999,1153,1145,1179,1091,1058,1175,1199,1119,1204,1247,3,364,299,275,195,154,119,217,113,171,89,117,100,110,53,73,26,33,31,25,14,12,12,9,12,0,8,4,3,4,3,2,0,0,2,0,0,0,1,0,0,2,0,0,0,0,3,0,2,0,0,0,0,0,0,2,0,0,0,0,0,0,0,0,0,1,0,0,1,1,1,0,9,5,1,0,4,0
,730,214,191,178,189,184,1271,1103,1218,1312,1323,1292,1172,1074,1368,1277,1179,1214,1314,2,306,235,215,156,125,99,164,91,136,65,88,78,87,43,56,20,22,24,24,28,8,8,4,13,0,10,4,0,4,0,0,0,0,1,0,0,0,1,0,0,3,0,0,0,8,2,2,0,0,0,0,0,0,1,0,0,0,0,0,0,0,0,0,0,2,0,0,1,0,1,2,17,2,0,0,6,0
,735,320,280,274,284,275,1426,1330,1496,1496,1446,1359,1206,1042,1499,1303,1201,1193,1368,0,241,187,175,117,93,73,130,65,105,47,72,69,67,37,44,17,19,16,15,14,6,1,0,14,0,9,3,0,8,0,2,0,0,2,0,0,0,2,0,4,33,0,1,1,0,1,2,2,0,0,0,0,0,3,0,0,0,0,0,0,0,0,1,0,0,0,1,1,0,1,0,12,5,1,1,0,0
,740,499,449,424,439,426,1447,1521,1664,1523,1487,1313,1108,881,1483,1207,1068,1092,1270,8,178,134,120,90,66,51,88,46,71,31,57,45,46,29,37,7,14,10,10,0,3,0,0,14,0,4,5,0,3,0,0,0,0,2,0,0,0,3,0,0,0,30,0,1,1,4,2,0,0,0,0,0,0,0,0,0,0,1,0,0,0,0,0,0,15,0,0,1,1,0,0,17,0,1,0,48,0
,745,692,611,582,603,571,1368,1687,1704,1467,1437,1189,964,758,1458,1091,952,972,1133,3,137,105,91,64,52,36,67,32,54,21,42,35,34,25,26,12,17,10,12,6,7,9,0,12,0,0,2,0,6,0,3,0,30,2,0,0,0,5,0,2,0,0,11,0,1,4,2,0,0,0,0,0,0,1,0,0,0,1,0,0,0,0,0,0,4,0,1,1,0,1,0,5,9,1,2,14,0
,750,938,817,787,804,786,1252,1648,1639,1347,1284,1030,846,631,1271,908,797,816,957,3,101,72,64,40,39,25,49,25,44,12,33,28,26,21,14,8,6,19,15,0,0,0,0,7,0,8,6,0,4,38,11,0,0,2,0,0,0,2,0,0,0,0,0,0,0,0,1,0,0,0,1,0,0,0,0,0,0,0,0,0,0,1,0,0,3,0,1,2,0,1,0,13,0,1,64,5,0
,755,1230,1056,1007,1061,1026,1043,1484,1517,1129,1064,825,653,466,1082,701,618,598,747,0,66,52,44,32,28,16,51,13,31,6,31,16,23,17,14,17,4,14,15,2,0,1,0,7,0,12,0,0,4,0,4,0,0,2,0,0,0,4,0,2,0,0,0,5,0,0,3,0,0,0,0,0,0,1,0,1,0,0,0,0,0,0,0,0,1,0,1,1,14,1,2,17,0,1,3,0,0
,760,1583,1362,1284,1358,1299,856,1301,1258,907,868,652,520,351,851,549,485,465,584,0,58,35,35,19,26,10,25,11,32,2,24,12,14,23,14,44,3,3,11,0,0,0,0,10,0,6,2,3,3,0,11,0,0,3,0,0,0,3,0,0,9,0,0,15,0,10,4,0,0,0,13,0,0,2,0,0,0,1,0,22,0,0,2,0,1,0,1,2,0,2,0,45,11,1,0,7,0
,765,1924,1610,1550,1636,1547,628,1070,992,685,633,461,360,241,634,392,328,308,407,0,40,22,24,10,18,2,13,5,42,0,23,7,11,16,8,45,3,19,9,0,0,2,0,20,0,19,8,8,0,0,6,0,0,5,0,0,0,4,0,0,3,0,9,2,2,0,1,0,3,0,0,0,0,2,0,0,0,0,0,0,0,1,0,0,2,0,1,0,0,0,0,40,0,1,0,0,0
,770,2115,1782,1686,1766,1702,475,848,803,513,474,365,281,172,484,294,256,236,315,0,32,38,9,5,11,1,8,3,20,0,24,2,13,25,43,14,6,12,7,0,0,5,0,15,0,11,4,0,35,0,0,0,0,3,0,0,0,5,0,0,0,0,0,1,0,2,3,0,3,0,0,0,0,2,0,1,0,1,0,0,0,0,0,0,3,24,1,2,0,1,2,9,5,1,0,0,0
,775,2251,1875,1797,1879,1810,352,676,602,410,379,262,200,131,371,217,173,187,271,0,20,20,8,2,11,0,12,8,20,0,54,1,2,24,7,0,10,15,66,0,0,2,0,22,0,13,0,7,1,0,14,0,0,4,0,0,0,10,0,1,81,0,4,5,0,10,8,0,0,0,2,0,0,1,0,0,0,0,0,0,0,0,3,0,2,0,15,2,0,2,9,38,2,2,2,13,0
,780,2227,1856,1730,1831,1751,249,482,441,279,262,228,129,85,250,156,125,141,163,0,16,7,5,0,9,0,0,0,8,0,25,2,5,16,4,4,0,12,13,0,0,4,0,27,37,11,43,0,4,3,0,0,0,0,0,0,0,8,0,0,0,0,0,6,0,0,3,0,0,0,0,0,0,1,0,1,0,1,0,0,0,0,1,0,2,0,4,1,0,2,0,37,13,1,0,18,83
,785,2064,1685,1600,1696,1593,174,342,327,189,182,141,102,58,182,114,79,82,100,0,12,3,3,0,6,0,6,5,15,0,24,0,1,19,9,0,0,5,26,0,0,69,0,16,0,0,0,0,2,0,0,0,0,5,0,0,0,3,0,0,0,0,4,2,1,3,7,0,0,0,1,0,0,1,0,0,1,1,0,0,0,0,3,0,25,0,2,3,0,2,7,54,27,12,0,0,0
,790,1811,1471,1403,1462,1402,131,259,249,147,127,88,71,37,129,70,57,51,75,0,9,26,1,27,8,0,1,1,17,0,19,2,0,13,4,1,0,14,79,0,0,2,0,7,0,21,0,0,10,0,8,0,0,6,0,0,0,11,0,0,0,0,2,0,0,0,1,0,0,1,2,0,0,1,1,0,0,0,0,0,0,0,0,7,3,0,3,0,0,0,0,26,0,2,0,4,0
,795,1610,1291,1205,1285,1203,101,218,171,99,103,73,90,29,110,52,29,38,60,0,47,0,0,0,1,0,0,0,20,0,23,5,6,27,7,4,0,9,7,0,0,11,65,0,0,18,0,0,4,0,0,0,0,0,0,0,0,9,0,0,0,0,16,0,0,0,31,0,0,0,31,0,0,2,0,0,0,1,0,0,0,0,0,1,7,0,2,5,5,3,0,47,0,2,0,18,116
,800,1316,1014,967,1025,988,65,140,120,80,69,43,35,13,79,48,17,30,38,0,3,0,0,0,5,0,0,0,9,0,26,0,12,29,8,3,5,16,13,0,0,0,0,25,0,80,21,0,8,0,12,0,0,8,0,0,0,12,0,0,0,0,0,2,0,2,6,0,0,0,1,0,0,2,0,1,1,0,0,0,0,0,4,24,2,37,2,3,0,3,0,57,13,1,22,47,0
,805,962,754,697,747,720,31,87,84,49,53,33,14,36,38,29,9,9,23,0,17,0,0,0,1,0,5,0,11,0,19,1,8,22,13,7,0,7,88,71,0,1,0,35,0,8,0,15,7,0,127,0,0,11,0,0,0,6,0,0,0,0,0,0,38,7,7,0,0,0,0,0,0,4,0,0,3,0,1,0,26,0,2,0,2,0,3,2,0,1,0,16,26,3,0,188,0
,810,723,598,557,575,558,20,69,55,31,35,27,17,0,34,19,0,1,11,0,14,43,4,0,0,0,0,0,8,0,18,38,0,32,0,0,0,26,114,0,0,14,0,1,0,151,0,10,12,0,4,0,0,4,0,0,0,14,0,44,0,0,15,3,0,0,10,0,0,0,0,0,0,0,0,0,1,2,0,0,0,0,0,0,2,0,0,2,0,2,0,67,39,2,4,218,0
,815,584,443,427,431,428,14,53,36,18,33,23,8,0,27,22,0,5,9,4,4,0,0,0,10,0,0,0,7,0,27,0,0,29,8,0,0,26,25,0,0,0,0,22,0,0,0,0,11,0,15,0,0,11,0,0,0,15,0,0,0,0,32,1,46,2,12,0,0,0,2,0,0,0,0,0,1,0,0,0,0,0,0,0,3,0,2,4,5,19,0,19,0,2,0,0,0
,820,414,315,308,310,308,5,37,58,8,22,13,0,0,11,15,28,0,2,0,15,4,2,0,5,38,0,0,21,0,28,0,0,37,0,0,0,29,35,0,0,0,0,25,0,0,3,0,103,0,9,0,0,5,0,0,0,11,0,3,0,0,0,9,0,0,10,0,0,0,0,0,0,3,11,0,1,0,0,0,0,0,0,0,22,0,0,8,0,2,0,281,0,3,63,0,0
,825,305,244,224,232,224,12,23,5,0,11,12,0,0,17,12,0,0,7,0,24,0,0,0,1,0,0,0,23,0,95,0,0,48,20,5,0,25,20,0,0,9,0,26,0,39,83,0,0,0,16,0,0,13,0,0,0,19,0,0,3,0,3,2,1,11,9,0,0,2,0,0,0,0,0,3,0,2,0,0,0,35,41,43,9,0,8,3,0,8,0,81,14,3,0,0,0
,830,247,193,166,157,169,1,16,3,0,74,30,7,0,14,0,0,83,0,0,4,0,0,0,109,0,0,0,10,0,60,0,20,60,23,11,8,2,30,0,0,0,145,43,0,0,4,0,5,10,0,0,0,0,0,0,0,30,0,0,0,0,13,52,0,13,10,0,0,33,0,0,0,9,0,0,1,0,0,0,0,0,45,0,9,0,5,7,0,7,0,32,64,29,49,9,0
,835,161,137,127,120,148,0,15,0,0,19,118,12,0,0,10,0,0,0,0,8,0,95,0,130,0,0,39,32,0,65,0,7,88,39,43,0,26,65,0,0,1,0,53,0,22,405,0,170,0,0,0,0,23,0,0,0,43,0,0,0,0,0,0,0,0,22,0,0,0,5,37,0,2,0,0,2,0,0,0,0,0,3,0,16,0,0,13,0,8,0,125,0,11,44,590,0
,840,128,98,87,89,120,0,6,1,0,17,154,0,0,0,19,0,98,0,14,16,0,0,0,17,0,0,0,196,0,112,0,0,139,57,0,0,294,260,0,0,0,0,99,0,21,0,0,273,0,0,0,0,160,0,0,7,40,99,54,0,0,0,17,0,46,9,0,0,0,1,0,0,36,30,0,3,4,0,0,0,0,7,0,0,0,0,19,0,14,38,134,103,0,32,42,0
,845,91,66,153,37,102,0,0,0,0,16,5,0,0,26,19,0,0,0,0,19,0,274,0,13,0,0,0,399,0,176,0,0,197,82,34,11,145,68,13,0,0,0,0,0,53,14,0,429,0,170,0,0,47,0,0,0,33,0,13,0,0,14,3,0,28,20,0,0,0,0,0,0,0,0,0,4,0,2,29,0,0,15,0,0,0,3,20,41,27,0,69,134,5,52,182,0
,850,31,43,56,26,89,0,53,0,0,46,73,0,0,74,0,0,0,0,0,0,0,0,0,0,0,0,0,171,0,197,25,0,328,644,0,0,80,88,0,0,0,0,268,0,25,0,0,47,0,0,0,0,78,0,0,0,96,0,0,0,0,0,13,22,0,40,0,36,0,2,0,0,0,0,29,33,25,29,0,0,0,0,0,50,0,42,45,0,37,0,558,0,45,0,174,0
,,,,,,,,,,,,,,,,,,,,,,,,,,,,,,,,,,,,,,,,,,,,,,,,,,,,,,,,,,,,,,,,,,,,,,,,,,,,,,,,,,,,,,,,,,,,,,,,,
Read 14:EM Spectrum,,,,,,,,,,,,,,,,,,,,,,,,,,,,,,,,,,,,,,,,,,,,,,,,,,,,,,,,,,,,,,,,,,,,,,,,,,,,,,,,,,,,,,,,,,,,,,,,,
,,,,,,,,,,,,,,,,,,,,,,,,,,,,,,,,,,,,,,,,,,,,,,,,,,,,,,,,,,,,,,,,,,,,,,,,,,,,,,,,,,,,,,,,,,,,,,,,,
,Wavelength,A1,A2,A3,A4,A5,A6,A7,A8,A9,A10,A11,A12,B1,B2,B3,B4,B5,B6,B7,B8,B9,B10,B11,B12,C1,C2,C3,C4,C5,C6,C7,C8,C9,C10,C11,C12,D1,D2,D3,D4,D5,D6,D7,D8,D9,D10,D11,D12,E1,E2,E3,E4,E5,E6,E7,E8,E9,E10,E11,E12,F1,F2,F3,F4,F5,F6,F7,F8,F9,F10,F11,F12,G1,G2,G3,G4,G5,G6,G7,G8,G9,G10,G11,G12,H1,H2,H3,H4,H5,H6,H7,H8,H9,H10,H11,H12
,500,1,1,1,1,2,2,2,3,1,2,1,4,3,2,2,5,3,3,42,3,2,3,3,5,2,3,3,4,4,2,5,3,5,5,5,3,4,7,5,5,5,4,11,5,4,4,9,12,6,11,12,7,11,7,15,12,12,9,7,10,11,10,6,1,3,2,2,2,5,7,4,1,6,2,2,1,1,2,14,4,5,5,4,3,18,4,2,1,2,1,50,44,0,5,45,50
,505,1,1,1,1,1,3,2,2,2,3,2,3,2,2,2,3,2,3,76,3,3,2,4,2,2,3,2,3,3,3,3,7,6,3,5,6,6,11,6,5,5,6,10,8,8,2,5,9,11,6,10,5,11,10,13,13,14,5,10,12,6,6,6,0,4,2,3,1,4,5,3,1,6,1,1,2,2,2,14,3,5,8,3,4,10,4,2,0,2,1,100,98,1,3,101,99
,510,1,1,1,1,1,3,2,2,2,2,3,2,2,2,3,2,2,2,153,4,3,5,2,2,2,5,1,3,4,2,5,5,3,3,4,4,5,7,3,4,8,4,9,6,8,3,5,8,10,10,10,6,11,12,15,11,12,5,6,8,11,9,5,1,4,2,2,2,3,5,3,1,9,2,2,1,2,2,14,5,5,7,5,4,14,3,1,1,4,1,206,212,1,6,215,203
,515,1,1,1,1,1,1,3,2,1,1,1,2,2,2,1,1,2,1,391,2,2,3,2,2,2,3,2,2,5,2,5,5,2,3,4,5,3,4,4,4,4,4,10,9,4,2,8,5,10,9,7,4,11,6,16,7,8,7,6,12,7,5,7,1,3,2,2,1,3,5,4,1,8,2,2,2,2,2,13,4,3,8,3,3,17,2,1,1,2,2,495,530,0,3,551,545
,520,1,1,1,0,1,1,2,2,1,2,1,2,1,1,1,3,3,2,801,2,2,3,4,2,2,3,3,2,3,2,3,4,5,5,6,3,3,4,4,3,4,5,7,8,3,3,7,8,5,9,5,4,9,6,7,12,7,6,10,8,5,4,4,0,2,2,1,2,4,5,4,1,5,2,1,1,2,3,19,4,3,8,8,3,9,2,1,1,3,2,1036,1110,0,6,1127,1089
,525,1,0,1,1,1,2,1,1,2,1,2,3,3,1,1,3,1,3,1468,4,2,3,3,3,3,2,3,3,2,3,5,3,3,2,3,6,3,6,4,6,3,5,6,5,3,3,8,7,9,9,5,4,6,5,10,6,6,6,9,7,5,4,3,0,2,1,1,2,2,5,2,1,7,2,2,2,1,2,7,3,3,8,4,3,14,3,1,0,3,2,1862,1977,0,5,1986,2020
,530,0,1,0,1,1,2,1,2,2,3,1,1,1,2,2,3,1,1,2575,3,1,3,3,3,3,1,3,2,2,2,4,4,5,5,3,2,2,3,6,3,3,2,9,8,5,2,7,2,4,8,4,7,5,5,8,11,9,5,4,5,2,7,3,0,1,1,2,1,4,6,2,1,6,3,2,1,2,3,12,2,3,6,6,3,17,2,3,1,3,1,3361,3441,0,9,3580,3496
,535,0,1,1,1,1,1,2,3,1,2,1,2,1,2,1,2,2,2,3805,3,2,1,3,1,1,2,3,2,2,2,6,3,2,2,5,2,4,6,2,6,6,2,9,10,3,1,7,10,2,7,8,2,4,8,11,4,9,5,9,9,9,7,6,0,2,1,2,2,2,3,2,1,7,1,2,1,1,2,12,3,9,8,6,6,20,5,3,1,4,2,4789,4983,0,13,5084,4987
,540,0,1,1,1,0,2,3,1,0,3,1,2,2,1,0,2,2,1,4432,2,1,2,2,3,2,2,1,3,3,1,4,3,2,4,9,4,6,3,5,2,2,2,5,3,5,1,5,6,2,2,3,8,10,10,11,3,4,5,8,5,8,7,2,0,1,3,2,2,4,6,2,1,4,2,1,1,1,2,8,5,8,11,7,10,26,7,4,1,5,3,5875,5940,1,18,6038,5848
,545,1,1,1,1,0,1,1,2,0,1,2,2,2,1,1,0,0,2,4528,3,2,1,1,3,2,1,2,2,3,1,2,3,4,4,4,2,5,5,1,5,2,4,5,6,5,2,6,12,6,3,2,1,9,2,6,8,4,4,4,8,3,2,1,0,2,1,1,1,2,7,2,1,7,3,2,2,1,2,10,5,7,15,10,8,25,9,5,2,7,4,5694,6247,1,23,6080,5941
,550,1,0,1,0,0,0,1,1,1,1,0,0,1,2,1,2,1,1,4072,3,0,1,1,1,3,1,2,1,3,2,2,3,4,3,4,1,2,2,4,5,5,1,8,6,6,0,3,6,6,3,2,0,3,3,4,9,4,2,3,10,9,2,5,0,1,1,1,2,2,4,5,1,9,3,1,2,2,2,24,4,10,17,13,10,34,9,5,2,6,4,5137,5382,1,24,5387,5223
,555,0,1,0,0,1,2,1,2,0,1,0,1,1,1,1,1,1,1,3025,2,1,2,2,1,1,1,1,1,2,1,2,1,3,2,2,3,1,3,3,2,2,2,4,2,1,2,3,3,4,6,3,1,7,5,4,5,6,3,5,6,4,5,4,0,2,1,2,2,4,8,4,1,12,3,2,3,2,4,14,7,13,20,14,12,37,11,6,2,8,6,3720,3922,1,24,4094,3919
,560,0,0,0,0,1,1,1,2,0,1,1,1,2,1,0,1,1,3,1979,1,0,1,2,4,2,1,1,4,1,1,2,2,2,4,2,5,6,3,3,3,2,2,6,3,2,1,4,7,5,4,1,2,5,4,7,7,6,3,7,6,5,7,4,1,2,2,2,2,6,10,7,2,18,4,3,3,3,4,22,4,13,19,14,12,40,11,7,2,7,5,2473,2692,1,21,2656,2569
,565,1,1,0,0,1,1,1,1,0,1,1,1,1,1,1,0,0,1,1341,2,0,1,4,1,1,1,1,2,2,1,2,1,2,2,2,2,2,2,1,1,1,2,5,2,2,1,7,3,4,5,4,1,6,5,6,8,9,4,8,16,10,10,11,1,6,3,4,4,7,14,7,2,14,4,3,3,2,3,16,5,12,19,13,12,34,12,6,2,7,4,1700,1844,1,16,1826,1817
,570,0,0,1,0,0,1,1,0,0,1,1,1,0,1,0,0,1,2,860,1,0,1,1,2,3,1,1,1,1,1,2,4,2,1,2,1,2,1,1,2,6,2,5,7,3,2,3,3,6,5,12,2,7,7,8,9,12,8,10,12,12,13,9,1,6,4,5,5,9,15,8,3,14,3,4,3,2,3,12,4,10,16,11,9,27,10,6,1,6,3,1093,1180,1,14,1185,1118
,575,0,0,0,0,1,1,1,2,0,1,0,1,1,1,1,0,0,1,487,1,0,1,1,1,1,1,2,1,1,1,2,1,1,1,1,1,5,6,2,2,1,1,5,3,8,1,3,2,8,6,7,6,9,7,13,14,18,11,19,20,19,19,19,1,8,5,5,5,11,17,9,3,10,3,4,2,2,2,10,3,8,14,9,10,24,6,5,1,5,3,655,703,1,8,685,665
,580,0,0,0,0,0,0,1,0,0,0,0,1,0,1,1,0,1,0,278,1,0,1,1,1,1,1,0,1,1,1,5,1,2,4,2,1,3,2,1,2,8,2,6,4,5,2,4,4,14,9,11,9,15,13,20,23,33,19,33,40,35,26,21,2,12,7,7,6,12,16,8,2,9,2,4,2,1,2,8,3,6,10,6,6,17,4,2,1,6,2,370,402,1,6,391,379
,585,0,0,0,0,0,1,1,0,0,1,0,0,1,1,0,1,0,0,161,1,0,0,1,1,1,0,0,1,1,0,2,1,1,4,2,2,2,3,3,6,6,3,8,6,8,3,11,8,31,18,21,24,26,28,38,42,51,30,43,59,52,32,26,2,12,7,5,6,11,15,9,2,10,2,3,2,1,2,5,2,4,8,4,4,11,3,2,1,3,2,195,228,0,5,222,215
,590,0,0,0,0,0,1,0,0,0,1,0,1,1,0,0,0,0,1,102,1,0,1,4,1,0,1,0,1,2,0,4,1,2,1,2,2,3,4,4,6,9,5,9,11,12,5,12,13,44,28,34,30,42,46,55,63,75,41,57,79,71,39,27,2,12,7,6,5,12,14,6,3,6,2,3,1,1,1,5,2,4,5,4,3,11,2,2,1,3,1,136,150,0,3,140,140
,595,0,0,1,0,0,0,0,0,0,0,0,0,3,1,0,2,0,1,61,1,0,0,1,1,0,1,0,1,0,1,2,1,1,1,5,3,5,6,7,8,14,8,17,16,21,9,18,22,73,46,53,49,64,69,82,85,90,52,65,97,82,37,28,2,11,7,5,4,8,10,4,2,5,1,2,1,1,1,10,1,2,5,3,3,7,2,1,0,2,1,90,97,0,3,90,97
,600,0,0,0,0,0,0,0,0,0,0,0,0,0,1,0,0,0,0,43,1,0,2,1,1,1,0,0,1,1,1,2,0,3,2,8,6,8,11,13,14,28,15,30,32,42,16,35,43,103,82,88,89,103,109,113,112,106,63,72,113,91,31,30,2,9,6,4,3,6,8,4,1,3,1,1,1,1,1,3,3,2,4,2,3,9,1,1,0,3,1,51,59,0,3,53,56
,605,0,1,0,0,1,0,0,0,0,1,0,0,1,1,0,0,0,1,26,1,0,0,1,1,0,0,0,1,1,4,2,1,4,2,14,9,21,20,24,24,55,29,56,63,73,32,66,81,142,125,137,126,139,138,135,129,114,64,69,116,83,27,21,2,6,4,3,2,4,6,3,1,2,1,1,1,0,0,2,1,2,3,1,2,6,0,1,0,1,1,46,33,0,0,32,34
,610,0,0,0,0,0,0,0,0,0,0,0,0,0,2,0,0,0,1,20,1,0,1,1,1,1,1,0,2,2,1,2,1,6,3,25,18,25,38,43,45,92,49,90,104,125,53,109,142,158,168,170,162,165,161,151,129,99,61,64,112,74,26,17,1,5,3,2,1,4,5,2,1,2,1,1,1,0,1,0,0,1,2,2,2,5,0,1,0,2,2,26,25,0,1,25,20
,615,0,0,0,0,0,3,0,0,0,0,0,0,0,1,0,0,0,0,14,1,0,1,1,2,1,0,0,5,3,2,4,1,11,8,43,28,45,55,74,80,148,78,146,167,188,78,170,203,166,206,195,182,178,177,147,135,93,62,59,101,62,17,13,1,4,3,2,1,3,4,2,1,2,1,1,0,1,0,8,0,0,3,2,1,8,0,0,0,1,0,17,22,0,2,20,15
,620,0,0,0,1,0,0,2,0,0,0,0,0,3,1,0,0,0,1,10,1,0,1,2,2,2,4,1,2,6,4,5,4,16,7,76,53,79,100,130,134,235,135,232,254,281,116,253,287,153,231,208,198,178,176,141,116,75,48,49,85,53,11,10,1,2,2,1,1,2,4,1,1,2,1,1,0,0,0,1,0,0,2,1,2,3,0,0,0,1,0,14,14,0,1,12,8
,625,0,0,0,0,0,0,0,0,0,0,0,0,0,1,0,0,0,0,7,1,0,1,3,3,3,1,2,4,9,7,8,7,33,12,140,100,137,177,221,222,344,211,334,368,366,143,346,375,130,233,203,191,165,152,115,95,58,42,35,64,40,9,6,1,1,1,1,1,2,3,1,1,2,1,1,0,0,1,0,0,0,1,1,1,3,0,0,0,1,0,11,11,0,1,9,9
,630,0,0,0,0,0,1,0,0,0,0,0,1,1,1,0,0,0,1,5,5,1,2,4,4,5,3,6,8,16,12,13,13,62,23,234,164,242,292,343,344,439,293,441,448,440,168,419,426,104,217,181,173,140,122,94,75,44,28,26,53,28,7,4,0,1,3,1,1,0,2,1,0,1,2,1,0,0,0,0,0,0,2,1,1,1,0,0,0,4,0,7,8,0,1,23,5
,635,0,0,0,0,0,1,1,0,1,0,3,0,1,1,0,1,0,1,5,4,1,4,6,6,10,4,10,12,28,19,21,23,94,40,348,251,343,407,451,459,508,352,499,509,460,176,449,456,90,201,157,143,119,99,76,56,34,21,21,38,21,6,4,0,0,1,1,1,1,3,0,0,0,1,0,0,0,0,0,0,0,2,1,1,2,0,0,0,1,0,8,9,0,0,6,6
,640,0,0,0,0,0,1,1,0,0,1,3,1,1,2,1,0,1,5,5,6,5,7,9,11,13,8,16,19,45,33,36,36,155,62,476,381,476,525,569,563,546,392,528,517,464,169,457,431,76,175,129,123,91,81,61,42,25,17,16,29,14,4,2,0,0,1,1,0,1,1,1,0,1,2,0,1,0,0,0,0,0,2,1,1,2,0,0,0,1,0,7,4,1,6,5,4
,645,0,0,0,0,0,0,1,0,1,1,4,2,4,2,1,2,2,3,5,9,8,12,15,17,23,15,27,33,72,61,58,60,246,101,614,508,602,651,633,628,528,403,527,503,418,154,418,401,48,137,98,93,70,57,44,32,20,12,12,18,8,3,2,0,0,1,1,0,1,2,0,0,1,0,0,0,0,0,0,0,0,3,0,2,4,0,1,0,0,0,5,7,0,1,6,22
,650,0,0,0,0,1,3,2,1,2,2,3,3,6,4,4,4,3,4,12,14,14,20,27,30,41,27,52,58,133,105,104,106,373,188,706,661,708,714,660,647,489,387,471,431,343,124,368,333,32,102,77,60,49,42,29,21,15,10,9,14,7,9,1,0,0,0,1,0,0,2,0,0,2,0,0,0,0,0,0,0,0,1,0,1,3,0,0,0,1,0,7,4,0,0,3,2
,655,0,0,0,0,0,4,3,2,4,4,5,6,9,4,4,7,6,7,2,22,23,31,48,50,66,36,82,92,203,166,165,163,503,261,731,737,743,707,641,609,428,351,422,371,292,108,313,283,21,72,52,50,38,26,25,21,12,13,5,12,5,1,1,0,4,1,1,1,0,1,1,1,0,1,0,0,0,0,0,0,0,0,1,1,1,0,0,0,1,0,7,7,0,0,2,4
,660,0,1,0,0,1,7,4,4,5,7,7,9,13,8,9,10,10,9,3,35,37,50,68,75,97,59,118,140,294,241,240,243,596,369,744,770,729,704,589,566,373,296,359,324,244,82,254,230,22,57,43,36,29,21,15,15,10,5,7,10,3,0,8,0,0,1,1,0,0,2,0,2,2,1,0,0,0,0,0,0,0,1,1,1,0,0,0,0,1,0,4,3,0,0,24,0
,665,1,1,1,2,1,10,6,6,9,10,13,15,22,13,15,17,16,15,2,56,61,82,102,118,150,89,185,215,414,353,338,348,673,490,673,776,676,612,505,472,312,248,301,234,186,65,196,176,13,42,30,26,19,17,16,12,6,4,5,11,2,5,0,0,0,1,0,0,1,1,0,2,2,0,0,0,1,0,0,0,0,0,0,1,0,0,0,0,5,0,3,7,0,0,5,0
,670,2,1,1,1,2,18,11,11,15,18,23,26,35,20,27,32,34,27,0,93,102,134,162,188,240,144,272,335,516,477,471,476,710,622,563,673,557,509,398,373,224,183,208,173,134,50,154,121,7,27,23,19,13,15,9,6,4,3,3,0,1,2,0,0,0,1,1,0,0,11,0,0,0,0,0,2,0,0,0,0,0,0,1,1,5,0,0,0,0,0,7,4,1,0,4,28
,675,3,3,2,2,2,28,17,18,28,29,35,40,59,32,47,51,45,44,3,145,156,198,237,264,317,217,356,449,600,585,569,578,679,721,477,572,478,414,315,291,181,142,171,127,102,33,104,88,6,23,17,6,10,6,5,9,2,10,5,7,5,2,0,0,0,1,1,0,0,12,1,0,0,1,0,0,0,0,0,0,0,0,0,2,6,0,0,0,1,0,7,9,0,0,33,1
,680,3,3,3,2,3,45,24,28,41,44,58,66,94,49,66,76,74,70,0,214,225,280,317,342,385,295,427,538,647,631,626,640,602,697,382,482,384,331,243,229,141,104,121,97,73,23,79,58,3,14,12,3,23,0,5,5,2,2,2,4,0,1,0,0,0,1,0,0,8,1,0,0,0,1,0,0,0,0,0,0,0,4,0,2,0,0,0,0,0,0,8,3,0,0,0,0
,685,5,5,4,4,5,78,39,45,66,72,97,104,139,75,110,125,118,115,2,296,319,379,411,419,463,373,471,632,645,671,658,666,527,677,292,396,301,243,195,167,95,89,91,71,51,19,60,48,4,9,9,21,10,3,5,7,5,3,4,1,0,3,0,0,0,0,1,0,0,9,0,0,0,1,1,0,1,0,0,0,0,2,2,2,8,0,0,0,0,0,7,5,0,0,0,1
,690,8,7,6,7,7,112,64,70,107,114,139,157,219,121,172,193,180,179,0,408,418,473,471,480,487,446,499,658,612,647,646,613,428,623,218,302,220,187,132,126,73,59,73,49,37,12,41,37,0,10,6,3,8,0,4,2,1,1,4,4,0,1,0,0,0,0,1,0,1,5,0,0,1,1,0,0,0,0,0,0,0,1,1,1,0,0,0,0,0,0,5,22,0,0,0,33
,695,13,11,11,14,13,185,102,120,171,184,240,271,355,193,278,319,291,283,3,504,496,548,515,494,474,493,472,653,516,564,571,564,319,502,159,217,170,147,89,87,45,40,49,37,27,10,29,27,0,3,1,0,6,0,5,2,1,2,0,9,0,4,0,0,0,1,1,0,2,3,1,2,1,1,0,4,1,0,0,0,0,1,0,3,0,0,3,0,0,0,6,6,0,1,3,37
,700,21,18,18,17,19,294,164,198,268,293,355,394,518,295,409,478,436,426,0,573,551,580,522,502,452,521,425,591,429,491,498,465,251,416,113,161,114,99,67,64,36,34,40,26,41,8,24,13,0,4,2,0,0,0,2,4,0,0,18,1,0,1,0,1,0,0,5,0,0,0,0,2,1,2,0,1,1,4,0,0,0,2,0,2,0,0,0,0,2,0,11,12,0,0,17,0
,705,30,28,26,29,29,411,257,283,395,421,510,563,693,437,581,656,596,630,1,611,579,583,493,447,400,496,368,518,363,399,408,390,191,332,88,124,85,77,63,43,32,22,32,25,18,15,23,16,0,5,1,0,0,0,2,0,2,6,5,2,0,1,0,0,0,0,1,0,0,0,1,0,2,0,0,1,3,0,14,0,0,4,14,3,3,0,0,0,1,0,4,10,1,0,2,0
,710,46,44,39,43,40,584,346,410,568,583,705,725,855,636,783,846,770,826,0,595,549,532,431,381,315,421,283,417,269,291,319,289,136,239,61,81,67,51,36,33,20,15,24,16,6,4,6,4,2,2,6,0,4,0,0,5,6,0,1,3,0,3,0,0,0,1,1,0,0,3,0,0,14,0,0,1,0,0,0,0,0,0,0,3,0,0,0,0,0,0,5,0,0,11,49,5
,715,75,62,61,64,65,806,537,600,775,814,911,947,999,830,979,1057,961,1042,20,512,463,411,321,281,218,338,201,302,183,206,210,199,85,162,39,53,42,34,20,23,11,10,18,14,5,5,2,7,0,5,0,0,0,0,0,2,2,0,19,4,0,0,0,0,0,1,1,0,0,3,0,0,4,2,4,0,0,0,0,0,0,3,1,3,4,0,0,0,0,0,6,5,0,0,0,6
,720,105,94,92,97,95,1018,711,798,989,1043,1104,1074,1100,1021,1115,1160,1058,1192,2,440,366,339,260,215,163,259,154,215,120,143,152,138,62,115,26,51,30,23,16,19,8,6,17,10,0,4,5,4,0,2,4,0,2,0,1,5,3,2,0,3,19,0,1,0,0,0,0,0,0,0,1,0,3,1,0,1,0,0,0,0,9,3,2,2,0,0,0,0,0,0,0,14,0,0,0,0
,725,150,134,132,139,133,1190,939,1050,1171,1205,1220,1160,1129,1229,1210,1323,1132,1331,2,368,297,286,201,165,138,205,117,181,94,110,121,100,47,82,24,29,22,20,11,15,9,9,15,6,0,2,9,5,0,3,6,0,5,0,0,0,4,3,0,0,0,2,0,0,0,1,0,0,0,1,1,0,0,0,0,0,1,4,0,0,10,1,1,3,0,0,0,0,0,0,7,0,0,0,0,0
,730,219,189,187,197,192,1375,1193,1275,1388,1376,1349,1250,1117,1389,1315,1352,1211,1419,0,302,250,232,162,136,107,166,83,135,73,86,94,82,38,66,17,26,23,22,10,14,3,6,14,26,5,1,4,1,0,0,0,0,3,0,1,6,5,2,2,0,0,4,0,0,0,0,1,0,0,2,1,0,0,1,0,0,0,0,0,0,0,1,3,0,0,0,0,0,0,0,2,12,0,0,2,49
,735,327,287,287,306,295,1526,1464,1526,1547,1539,1409,1277,1116,1541,1342,1327,1172,1448,13,247,198,180,128,109,85,131,63,105,53,67,71,61,28,68,14,16,14,14,12,7,4,3,13,3,0,1,1,0,0,5,5,0,0,0,2,0,5,2,1,2,0,0,0,0,0,1,1,0,0,5,0,0,3,1,5,1,0,0,0,0,0,1,2,3,0,0,0,0,1,1,1,10,0,0,3,2
,740,504,437,440,468,448,1563,1687,1696,1602,1550,1335,1180,943,1535,1243,1224,1062,1345,0,183,136,131,89,75,58,91,53,74,38,44,49,42,20,33,8,14,6,9,7,2,0,19,13,0,1,0,19,33,0,27,0,0,5,0,1,0,0,2,5,0,27,1,0,0,0,0,0,0,0,1,0,0,0,1,1,1,0,0,0,0,0,3,0,3,0,0,0,0,11,0,7,8,0,0,8,0
,745,715,615,597,654,617,1467,1797,1761,1506,1493,1261,1078,835,1502,1099,1053,927,1195,0,144,105,96,73,56,42,68,33,52,28,32,45,30,14,30,6,10,10,10,7,13,0,2,13,0,0,0,0,1,0,6,0,0,4,0,0,0,3,4,3,0,0,0,0,0,12,3,1,1,0,0,0,2,19,0,0,1,1,0,0,0,0,0,1,4,1,0,0,0,0,0,10,11,0,20,8,1
,750,950,831,806,872,822,1314,1757,1723,1409,1336,1066,890,677,1315,948,882,770,1030,0,108,73,67,51,44,31,50,20,36,23,34,35,36,31,20,31,10,13,8,6,10,0,0,13,0,0,0,0,0,0,0,1,0,6,0,0,2,11,0,3,0,0,0,18,0,0,0,2,0,0,15,0,1,0,1,0,1,0,0,0,1,0,2,0,3,0,0,0,0,0,0,7,77,0,0,7,0
,755,1249,1071,1071,1148,1095,1095,1630,1578,1182,1131,860,678,523,1109,717,700,590,797,0,75,68,64,37,31,25,41,17,29,11,16,22,18,16,36,2,2,5,6,0,0,0,3,15,0,31,0,48,0,0,0,0,35,2,0,0,0,12,1,3,0,0,0,0,0,0,2,1,0,0,0,0,0,0,0,0,0,0,0,0,0,20,1,0,3,0,0,0,0,0,0,1,27,0,4,14,3
,760,1643,1386,1358,1449,1391,926,1452,1301,968,891,667,533,393,897,556,542,440,603,5,62,35,32,30,20,14,26,8,19,12,10,20,9,15,10,0,5,6,0,4,0,0,30,17,0,0,0,0,0,0,0,0,0,4,0,3,1,0,39,0,3,0,3,0,3,0,2,11,0,0,0,0,0,43,3,0,1,1,0,0,0,0,4,0,3,0,0,0,0,3,0,9,24,3,0,16,1
,765,1954,1632,1615,1734,1659,667,1154,1044,706,666,468,371,268,669,398,358,301,423,20,41,22,24,25,12,21,16,0,20,8,4,19,1,5,12,0,2,0,1,0,0,0,0,45,5,7,0,0,0,0,0,0,0,4,0,2,3,8,1,4,3,0,0,0,3,0,15,1,0,0,8,0,0,38,2,0,0,0,0,0,0,0,0,2,2,0,0,0,0,3,0,2,21,1,28,10,0
,770,2180,1815,1786,1922,1824,504,925,827,556,525,378,277,200,525,291,275,238,333,0,33,14,18,16,13,3,8,0,22,6,3,12,0,1,2,1,0,0,0,0,1,0,0,20,0,0,0,4,0,0,0,61,0,3,0,0,74,11,12,0,2,0,62,42,0,0,2,2,0,0,14,0,0,3,2,0,1,3,0,0,0,0,0,0,6,13,0,0,4,24,0,5,27,0,4,11,0
,775,2316,1950,1871,1985,1917,398,744,648,418,406,282,225,147,392,220,207,172,245,7,30,8,17,14,9,3,9,0,12,6,31,15,0,7,5,0,0,1,2,0,2,0,0,23,1,0,1,0,0,0,1,16,0,9,0,0,0,24,5,8,4,0,3,0,0,0,3,0,2,0,12,0,1,4,0,0,0,2,0,0,0,0,5,0,5,0,0,0,0,0,1,124,135,4,0,8,0
,780,2286,1868,1859,1980,1843,275,526,460,276,279,193,145,95,273,147,133,116,182,3,17,6,9,14,8,5,4,0,4,0,0,13,9,0,10,0,0,0,0,0,0,4,0,11,0,0,0,0,0,0,0,0,0,8,0,0,6,11,2,1,92,0,3,0,0,0,1,4,0,0,6,0,0,14,1,1,11,0,0,0,0,0,2,0,6,23,0,0,0,1,0,95,36,0,0,13,0
,785,2110,1715,1690,1800,1711,194,387,329,213,189,123,99,63,191,103,87,98,118,36,15,0,9,8,8,0,2,0,4,6,0,10,0,5,0,0,0,0,13,0,0,0,1,18,0,0,0,0,0,0,0,7,0,4,0,5,0,17,0,0,2,0,13,54,0,0,3,4,2,23,0,2,0,5,5,0,0,2,9,35,0,0,0,0,4,0,0,0,0,0,0,15,27,4,3,43,22
,790,1883,1502,1464,1587,1513,129,261,226,142,133,94,70,45,139,78,61,54,81,9,23,0,0,10,7,0,7,0,4,6,5,12,0,13,53,0,0,0,4,0,0,0,0,30,0,0,0,3,0,0,0,0,0,17,72,0,0,18,8,19,5,0,2,0,0,0,1,3,0,1,0,0,10,7,2,0,0,2,0,0,0,0,6,3,9,3,0,0,0,0,0,12,11,0,1,0,2
,795,1634,1329,1266,1371,1262,105,212,174,100,102,68,59,42,109,55,52,34,57,0,11,0,7,14,46,0,8,0,20,0,0,6,2,3,0,0,0,19,2,0,0,0,5,24,0,0,0,0,0,0,1,0,0,10,0,9,0,1,16,9,0,0,0,0,0,0,3,6,1,36,18,12,0,6,0,0,1,2,0,0,28,42,0,3,11,0,0,0,0,36,0,38,40,0,0,17,7
,800,1349,1058,1035,1103,1031,74,167,123,72,71,45,36,24,81,32,39,31,39,5,15,0,1,19,9,0,0,0,6,0,0,10,2,0,63,0,0,0,6,0,0,0,3,32,0,0,1,0,56,0,1,0,0,21,0,0,0,15,5,28,10,0,0,0,0,0,0,2,0,0,14,0,1,0,1,0,2,1,0,0,0,0,8,5,13,0,0,27,0,1,0,14,222,0,0,0,0
,805,979,774,737,789,743,50,100,76,36,47,24,22,21,56,21,18,11,23,0,10,0,7,1,4,0,0,0,0,44,0,11,1,0,5,0,2,6,0,0,0,0,0,40,10,0,2,0,0,0,0,0,0,99,0,0,0,0,8,99,0,0,0,0,0,0,3,4,5,0,13,0,0,0,5,0,3,0,0,0,0,0,0,0,7,9,0,0,0,0,0,21,37,1,3,19,0
,810,774,606,567,604,594,31,82,53,26,33,21,15,8,47,11,14,0,22,24,15,0,0,13,8,45,4,0,13,9,0,17,0,0,37,0,0,0,0,0,88,40,0,40,0,0,0,0,0,0,18,0,0,6,0,0,124,21,106,5,11,0,11,0,0,0,2,1,28,0,0,0,2,0,6,0,1,6,28,0,0,0,0,3,5,0,42,0,0,0,0,4,70,6,0,21,9
,815,590,463,439,481,464,25,63,37,55,23,5,9,6,28,12,0,2,23,0,9,0,0,12,6,0,4,0,5,0,0,25,0,5,4,0,0,4,0,7,0,0,8,25,0,0,0,0,0,11,9,0,0,162,0,0,11,32,0,0,4,0,0,0,0,0,9,0,6,2,0,4,2,10,0,0,0,2,0,0,0,0,9,3,4,10,0,0,0,0,0,38,24,1,0,3,17
,820,442,332,326,352,334,14,36,17,42,18,6,2,1,17,4,0,0,6,0,8,0,0,1,0,0,1,0,4,0,6,15,0,5,0,0,0,0,0,0,108,0,0,32,0,0,0,9,0,0,0,9,0,0,0,5,17,16,4,0,0,0,0,0,0,0,2,2,0,6,8,0,2,9,0,20,0,3,0,0,0,0,0,0,6,0,0,0,0,15,0,50,57,0,0,3,0
,825,315,249,232,248,225,10,26,1,0,14,2,0,0,20,0,0,0,0,8,22,0,0,7,8,0,0,0,5,0,0,7,0,0,6,0,0,0,0,0,0,0,0,44,0,0,0,0,0,0,197,0,0,3,0,12,32,25,43,3,0,0,12,0,1,0,4,1,38,0,0,0,0,21,4,31,0,1,0,0,0,0,21,12,18,6,0,42,0,0,0,33,23,0,0,58,4
,830,222,178,162,176,210,11,11,0,52,0,0,76,62,26,0,0,0,0,45,12,0,0,29,10,0,0,0,1,0,0,34,0,0,1,124,0,0,0,0,164,0,0,251,0,0,0,0,0,0,0,0,0,53,0,23,48,9,0,32,6,0,5,0,0,0,3,9,10,0,0,0,0,22,7,0,0,0,0,0,0,0,6,8,21,0,0,0,0,5,50,78,18,0,6,109,488
,835,192,134,123,133,134,8,97,0,0,0,0,0,0,30,14,0,0,0,0,25,0,1,24,10,0,0,0,26,0,0,12,0,16,10,0,0,0,0,0,17,0,0,98,0,0,0,0,0,0,0,0,0,43,0,1,0,0,0,13,51,0,0,0,0,0,10,25,0,0,4,0,0,1,10,3,5,0,0,0,1,0,0,3,31,0,0,0,0,0,0,58,119,0,0,0,0
,840,159,115,79,98,109,0,19,80,0,0,0,0,0,29,0,0,0,0,0,48,0,0,45,34,13,0,0,7,0,0,40,0,9,0,0,0,0,0,0,0,5,0,110,0,0,0,0,0,52,0,0,0,145,0,0,0,96,0,0,27,0,0,0,0,0,0,18,0,0,34,0,18,27,24,0,3,0,0,0,0,0,43,29,46,0,0,0,39,0,0,108,939,0,71,0,0
,845,100,85,63,56,99,0,2,0,0,4,0,244,0,48,0,0,0,0,0,66,0,0,44,0,235,0,38,312,0,0,121,0,14,13,0,0,440,524,0,0,0,0,193,0,0,0,0,0,0,0,0,0,123,0,0,88,104,0,30,0,0,0,0,0,50,19,48,5,0,0,36,7,16,32,0,0,33,0,0,0,0,37,48,49,24,0,0,0,23,0,333,1746,39,0,0,0
,850,48,66,64,48,73,0,4,0,0,0,0,0,0,0,0,0,0,0,0,23,0,0,123,0,0,0,0,62,0,0,155,0,23,0,0,0,0,0,0,0,0,593,320,0,0,440,0,0,0,0,0,0,95,0,43,0,0,109,0,74,0,55,0,54,0,45,0,29,3,0,0,36,0,6,0,33,15,0,0,4,0,8,0,10,39,0,0,0,1,0,38,585,7,0,0,1088
,,,,,,,,,,,,,,,,,,,,,,,,,,,,,,,,,,,,,,,,,,,,,,,,,,,,,,,,,,,,,,,,,,,,,,,,,,,,,,,,,,,,,,,,,,,,,,,,,
Read 15:EM Spectrum,,,,,,,,,,,,,,,,,,,,,,,,,,,,,,,,,,,,,,,,,,,,,,,,,,,,,,,,,,,,,,,,,,,,,,,,,,,,,,,,,,,,,,,,,,,,,,,,,
,,,,,,,,,,,,,,,,,,,,,,,,,,,,,,,,,,,,,,,,,,,,,,,,,,,,,,,,,,,,,,,,,,,,,,,,,,,,,,,,,,,,,,,,,,,,,,,,,
,Wavelength,A1,A2,A3,A4,A5,A6,A7,A8,A9,A10,A11,A12,B1,B2,B3,B4,B5,B6,B7,B8,B9,B10,B11,B12,C1,C2,C3,C4,C5,C6,C7,C8,C9,C10,C11,C12,D1,D2,D3,D4,D5,D6,D7,D8,D9,D10,D11,D12,E1,E2,E3,E4,E5,E6,E7,E8,E9,E10,E11,E12,F1,F2,F3,F4,F5,F6,F7,F8,F9,F10,F11,F12,G1,G2,G3,G4,G5,G6,G7,G8,G9,G10,G11,G12,H1,H2,H3,H4,H5,H6,H7,H8,H9,H10,H11,H12
,500,1,1,0,1,1,3,2,2,2,2,2,3,2,2,3,3,3,2,37,3,2,2,4,2,2,2,5,4,5,3,4,3,4,3,5,5,7,6,6,4,8,9,10,6,10,9,10,10,4,9,10,6,6,7,9,6,9,5,4,13,7,4,9,4,4,3,3,18,5,13,8,1,1,3,8,1,14,1,2,3,10,2,2,9,5,14,0,3,4,4,49,46,8,7,48,44
,505,1,1,1,1,1,3,2,3,2,1,3,3,3,3,3,3,4,3,75,4,2,2,2,2,3,3,4,4,3,6,7,3,3,3,6,6,3,8,8,4,5,7,6,6,6,4,5,6,4,9,8,10,10,8,9,6,8,6,2,9,11,3,9,5,3,4,3,9,5,10,12,1,1,2,8,1,11,1,2,3,6,3,1,8,2,6,0,4,3,3,97,110,7,4,107,102
,510,0,1,0,1,1,1,1,2,2,1,3,2,4,2,3,2,4,2,162,3,3,3,3,4,3,2,4,2,3,5,4,3,4,2,10,5,7,7,8,6,4,6,10,10,10,8,8,5,8,8,9,5,9,8,8,8,13,6,3,13,8,5,14,3,2,2,2,8,3,17,14,1,1,3,9,1,16,2,2,3,9,2,2,8,3,11,0,2,2,3,210,214,6,4,219,232
,515,1,1,1,1,1,2,1,1,1,2,3,3,3,2,2,3,2,2,408,3,2,3,3,3,3,2,2,4,5,3,3,4,4,5,5,4,5,7,8,7,8,8,9,7,12,7,8,8,4,6,10,5,5,11,11,9,8,4,3,18,10,2,8,4,3,2,2,6,3,8,11,1,0,3,5,1,9,2,2,3,10,2,3,5,2,13,0,2,3,3,517,570,5,5,561,581
,520,1,1,0,1,1,3,1,2,1,2,2,2,2,3,2,1,4,3,855,2,2,2,3,3,2,2,6,2,4,3,6,4,5,4,5,4,3,7,7,6,4,5,5,7,8,5,5,6,4,8,9,10,5,6,12,8,8,4,3,10,5,2,8,3,3,2,2,12,5,13,11,1,1,3,4,1,10,1,1,3,8,2,2,6,3,12,0,2,4,3,1081,1160,11,7,1175,1233
,525,1,1,0,1,0,2,2,1,1,1,1,2,3,2,2,1,2,2,1554,4,1,3,2,1,3,3,3,2,4,3,3,2,3,2,7,5,3,7,5,6,3,5,8,4,5,6,12,7,4,9,5,3,5,6,11,4,6,4,1,11,9,1,7,5,3,2,2,10,3,6,6,1,1,2,4,1,14,2,2,2,10,2,1,4,3,7,0,3,2,5,2006,2124,11,7,2144,2119
,530,0,0,1,0,0,3,3,1,1,1,3,1,3,1,1,3,3,3,2808,2,1,1,1,1,3,1,2,4,3,3,2,2,2,2,4,5,5,7,4,3,3,4,5,8,4,2,5,4,7,9,4,11,11,5,7,7,6,3,3,6,9,2,5,2,2,2,2,11,2,14,4,1,0,3,5,1,9,1,3,2,6,3,2,9,2,15,0,2,3,2,3471,3722,12,11,3774,3828
,535,0,1,1,1,1,2,1,1,1,1,1,1,1,1,1,1,1,2,4072,3,1,2,3,3,1,1,3,2,4,2,4,2,4,1,6,5,4,5,6,4,3,7,9,7,6,2,6,3,2,7,9,3,8,5,10,6,10,3,1,5,8,2,10,4,5,2,1,4,4,6,2,1,1,2,6,1,13,1,2,2,7,3,3,15,3,11,0,7,5,4,4957,5386,10,22,5353,5445
,540,0,0,0,1,1,1,2,1,2,1,1,2,1,1,1,1,3,1,4675,3,2,2,1,3,3,1,3,1,1,4,4,1,4,3,3,2,1,6,5,5,1,4,8,3,6,0,2,7,3,7,8,7,6,5,9,4,6,3,1,13,2,3,6,1,3,2,1,5,2,11,10,1,1,2,6,1,9,1,2,3,16,4,5,16,5,27,0,8,7,6,5882,6218,14,24,6257,6320
,545,0,0,0,0,1,1,0,1,2,2,2,2,3,2,1,2,3,2,4606,2,2,2,3,3,3,2,3,1,1,4,2,1,3,3,6,2,3,2,5,4,3,6,6,2,6,1,2,6,6,1,7,1,1,7,5,3,5,4,2,9,3,3,9,3,2,2,1,9,4,6,4,1,1,4,7,1,12,1,2,2,15,5,5,26,9,27,1,10,6,6,5818,6486,25,29,6292,6324
,550,0,0,0,0,1,2,2,0,2,0,2,0,2,2,0,1,1,1,4127,1,2,0,2,2,3,1,2,3,3,1,2,1,1,3,2,6,1,2,2,5,2,5,3,2,6,0,2,5,2,2,3,1,1,8,3,5,9,5,1,8,1,3,5,5,3,5,1,12,3,15,7,1,1,4,6,2,15,2,2,3,25,6,6,26,11,42,1,11,9,10,5162,5663,27,35,5616,5680
,555,0,0,0,0,0,1,1,1,1,0,1,1,1,1,0,1,2,2,3170,2,2,1,2,1,1,1,1,2,2,1,3,3,2,1,2,1,2,7,3,0,3,3,6,3,5,1,3,1,4,3,5,1,2,7,7,5,6,3,2,4,3,3,8,4,3,4,2,8,4,14,23,2,1,5,8,2,20,3,3,3,26,8,7,31,11,45,1,13,9,9,3888,4209,33,30,4182,4167
,560,0,1,1,0,0,1,1,1,1,0,1,0,3,1,1,1,2,2,2066,2,0,1,1,1,1,2,4,1,1,1,2,1,1,1,3,2,1,3,2,2,7,4,3,7,2,2,3,3,4,4,5,3,8,4,6,6,9,3,2,6,4,3,10,5,5,4,3,16,7,24,23,2,1,6,12,2,21,2,3,3,25,7,7,32,11,44,1,12,9,9,2561,2796,29,27,2731,2744
,565,0,0,0,1,0,3,1,0,1,0,1,1,2,1,1,3,2,1,1481,2,1,1,1,0,1,1,1,0,2,1,2,1,2,0,3,1,2,3,2,1,2,2,4,2,2,1,3,4,3,4,9,2,3,6,5,6,11,5,3,8,9,5,14,6,6,7,4,22,8,35,28,3,1,5,16,2,17,2,3,3,23,7,7,25,11,44,1,9,10,8,1790,1938,26,20,1891,1886
,570,0,0,0,0,0,1,0,0,0,0,0,1,1,1,1,1,1,1,933,2,1,2,1,1,1,0,1,1,1,2,2,1,2,1,2,2,1,3,3,5,2,3,4,3,2,2,3,4,5,5,11,5,4,8,15,8,15,7,4,12,12,6,22,10,7,8,5,32,11,34,34,3,1,5,17,2,22,2,3,3,19,6,7,24,10,34,1,8,7,7,1136,1260,21,16,1206,1209
,575,0,0,0,0,0,1,0,1,1,0,1,1,1,1,1,1,1,1,520,1,1,0,1,0,1,1,1,0,1,1,1,3,4,1,3,2,1,4,3,2,2,3,6,3,5,1,5,5,8,6,8,7,6,11,12,13,22,12,8,23,24,11,34,14,10,9,7,39,13,39,34,3,1,4,18,1,14,1,2,2,17,5,4,16,6,24,1,7,5,5,670,706,17,11,696,707
,580,0,1,0,0,0,1,2,0,1,0,0,0,1,1,0,1,1,1,290,2,2,0,1,0,2,0,2,1,1,1,1,1,1,0,3,2,2,3,3,2,4,5,6,3,6,4,4,8,14,10,14,9,16,19,24,21,40,19,12,37,41,13,45,19,12,12,7,40,14,38,34,3,1,3,18,1,10,1,2,2,13,4,4,12,5,18,0,5,5,4,385,422,17,8,426,415
,585,1,1,0,0,0,0,0,0,0,0,0,0,1,1,0,1,2,1,163,3,1,1,1,1,3,0,1,1,1,1,2,1,1,0,5,2,2,5,4,3,7,6,7,7,10,7,10,9,23,18,25,24,28,35,44,37,66,32,18,61,59,16,60,25,14,13,7,37,12,30,30,3,1,2,14,1,8,1,1,2,7,3,2,8,3,12,0,3,3,3,208,249,9,6,235,227
,590,0,0,0,0,0,1,0,0,0,0,1,0,1,1,0,0,1,1,106,1,1,0,0,1,1,0,1,0,1,1,1,1,1,1,5,1,3,6,7,3,11,10,12,12,16,15,13,17,37,32,39,39,46,54,63,53,82,42,25,90,74,18,70,26,13,13,7,34,12,25,23,2,1,2,11,1,4,1,1,1,7,2,2,8,2,8,0,3,3,3,141,147,8,5,146,150
,595,0,0,0,0,0,0,0,0,0,0,0,0,1,1,1,0,1,0,74,1,0,1,1,1,0,0,1,1,1,2,2,1,2,0,7,4,4,6,13,9,15,14,18,18,26,25,21,28,56,52,61,63,71,85,93,74,112,52,32,113,89,19,60,29,13,11,5,29,10,21,20,2,0,1,11,0,6,1,1,1,7,2,1,5,1,5,0,3,2,2,90,108,7,4,94,97
,600,1,0,0,0,0,0,0,0,0,0,1,0,1,1,1,0,1,1,41,1,0,0,0,1,0,0,0,0,1,1,2,3,5,1,9,6,8,13,16,15,34,26,33,36,48,43,45,50,82,90,102,103,115,117,126,98,128,63,32,126,94,16,57,22,10,9,5,24,8,14,18,1,0,1,7,0,1,1,1,1,5,2,1,2,1,3,0,2,2,1,57,62,7,2,56,60
,605,0,0,0,0,0,1,1,0,0,0,2,0,1,0,0,0,1,0,23,1,1,0,0,0,1,0,1,1,1,1,2,4,4,4,18,12,15,24,28,30,65,49,61,67,94,91,79,96,108,138,150,151,152,153,153,110,122,65,31,130,96,12,44,18,8,7,3,13,5,11,5,1,0,1,6,0,0,0,1,1,3,2,1,1,1,4,0,2,1,1,28,37,4,2,34,42
,610,0,0,0,0,0,0,0,0,0,0,0,0,1,1,0,0,1,1,16,2,0,0,1,1,1,1,1,1,2,2,2,1,7,2,30,19,28,41,50,51,109,88,105,119,157,149,134,154,115,185,189,176,177,177,174,114,118,61,29,121,83,11,37,16,7,5,3,11,4,5,1,1,0,3,4,0,1,1,1,1,2,1,0,1,0,4,0,1,1,1,19,28,4,2,23,24
,615,0,0,0,0,0,1,0,0,0,0,0,0,1,1,0,0,1,0,15,1,1,0,0,1,1,1,2,1,4,2,3,2,12,4,51,34,46,63,82,86,181,140,164,181,230,223,196,232,123,230,219,208,201,187,162,109,118,56,25,112,70,8,31,12,5,4,2,5,3,8,2,1,0,1,5,0,1,0,0,2,3,1,0,0,0,0,0,1,1,0,13,22,4,3,17,20
,620,0,0,1,0,0,0,0,0,0,2,2,0,1,0,1,1,1,1,10,1,0,1,2,4,2,1,3,2,6,4,5,4,20,6,99,61,89,118,146,149,282,237,264,284,321,316,287,316,118,247,228,216,191,176,149,98,90,47,21,92,53,6,18,7,4,4,2,5,3,4,1,1,0,0,4,0,0,0,1,1,1,3,0,7,0,0,0,4,1,0,11,16,3,0,13,18
,625,0,0,0,0,0,0,0,2,0,0,0,0,1,1,0,0,1,1,4,1,1,1,2,3,4,1,3,4,9,8,9,7,35,12,159,114,159,196,244,255,389,362,368,396,418,391,388,398,99,254,229,201,175,158,128,78,70,37,15,73,39,4,14,6,3,2,2,2,2,13,0,1,0,0,3,0,0,0,1,1,4,1,0,0,0,0,0,0,1,0,7,14,1,0,9,14
,630,0,0,0,0,0,3,0,0,0,0,1,0,1,1,0,1,1,1,3,3,2,2,3,3,6,5,7,7,17,15,15,15,65,23,274,193,272,317,372,394,502,493,475,489,482,462,461,450,84,230,199,182,146,129,100,60,51,28,10,53,28,4,10,4,2,1,1,3,2,4,0,2,0,1,2,0,0,0,0,0,8,1,0,1,0,0,0,1,1,0,3,11,3,0,6,8
,635,0,0,0,0,0,0,2,1,3,0,0,1,2,1,1,1,2,1,3,4,3,7,5,6,8,4,11,12,28,24,22,22,106,38,383,287,384,452,488,509,550,584,532,535,501,472,499,471,67,208,175,165,124,111,78,49,41,24,9,39,22,3,7,3,2,2,2,0,2,3,0,1,1,0,1,0,0,1,2,1,0,0,0,0,0,10,0,0,1,0,1,12,3,1,4,14
,640,0,0,0,0,0,1,0,0,1,0,1,1,2,1,2,1,3,2,5,5,5,6,9,10,14,8,19,19,48,38,35,39,169,64,542,428,516,565,588,609,576,644,553,538,479,453,479,443,55,174,134,128,101,81,64,38,34,18,7,29,14,2,8,1,2,2,1,0,1,0,0,0,0,1,0,0,0,1,0,0,1,1,2,0,0,0,0,0,0,0,2,9,2,1,5,9
,645,0,0,0,0,0,2,0,1,2,0,2,1,4,2,2,3,3,3,3,9,9,10,16,17,24,13,30,34,81,62,61,65,270,109,663,588,654,687,650,698,558,647,541,499,436,401,457,396,36,136,108,95,71,60,44,25,23,13,5,25,11,2,8,1,1,1,1,0,1,2,0,0,0,0,0,1,0,0,0,0,1,1,0,0,0,0,0,1,0,0,2,12,0,2,4,9
,650,0,0,0,0,0,3,1,2,3,2,3,4,6,4,5,5,5,5,1,16,15,21,28,32,41,24,56,59,143,116,108,113,408,186,783,718,750,729,678,689,505,586,482,441,369,329,383,336,26,105,74,66,49,43,28,21,25,10,3,13,6,5,3,1,1,0,1,0,6,1,0,0,0,0,4,0,0,0,1,2,0,1,0,0,0,0,0,0,0,3,0,8,2,0,1,9
,655,0,1,0,0,0,4,2,3,4,4,5,6,10,5,7,6,7,8,1,24,27,34,44,51,69,37,85,95,221,173,166,178,535,278,790,781,767,749,650,662,444,536,425,372,300,269,328,285,20,75,57,65,33,36,24,14,14,7,2,11,4,1,0,1,1,1,1,0,2,0,0,0,0,0,1,0,0,0,0,3,2,0,0,0,0,0,0,1,0,0,0,22,0,0,4,6
,660,0,1,0,1,0,8,4,4,7,6,10,10,15,8,10,11,12,11,0,37,40,49,66,82,108,57,130,148,309,266,242,256,644,379,757,805,733,691,598,583,386,474,361,306,255,214,261,223,16,63,45,35,24,26,20,12,12,7,2,6,3,2,4,0,1,1,1,0,3,0,0,0,0,1,1,0,0,0,0,0,1,1,0,0,0,0,0,0,4,0,0,6,0,1,11,6
,665,2,1,1,1,0,10,5,7,10,10,15,16,23,12,16,17,18,17,2,58,64,77,102,123,158,93,193,221,430,372,349,371,723,528,704,775,670,615,510,510,314,383,286,248,199,158,212,167,10,45,33,29,17,24,28,11,10,5,2,4,0,2,5,0,1,1,1,0,1,15,0,0,0,1,0,0,0,2,0,0,0,0,0,0,0,0,0,1,1,0,0,11,2,1,1,7
,670,1,1,1,1,1,20,9,13,19,18,24,28,38,21,28,33,34,31,0,102,113,137,175,194,235,152,290,346,568,528,477,502,744,634,604,674,573,515,401,405,235,285,206,177,141,112,150,120,9,28,20,16,12,15,9,5,9,5,6,6,0,4,0,0,2,0,1,0,1,0,0,0,0,0,1,0,0,0,0,0,0,1,0,0,0,0,0,1,0,0,0,8,2,0,0,4
,675,1,2,1,2,1,37,17,20,28,31,37,45,62,34,45,50,53,47,0,152,170,194,244,280,324,228,379,464,671,625,578,582,701,724,492,591,473,431,318,314,171,216,160,126,108,79,116,95,6,23,20,14,6,8,8,8,9,4,0,3,2,1,4,8,1,1,1,0,0,0,0,0,0,0,0,0,13,0,0,1,3,1,0,0,0,0,0,1,1,0,0,6,3,0,0,5
,680,3,3,2,3,3,48,28,31,46,48,60,71,95,51,75,82,85,77,0,221,248,280,328,359,410,308,451,561,705,698,634,663,645,712,386,499,378,322,242,230,138,167,119,97,72,57,80,67,5,13,14,10,2,24,7,7,22,1,2,2,0,1,0,0,1,1,1,0,1,20,0,0,0,0,0,0,0,0,0,0,1,1,0,0,0,0,0,0,0,4,0,37,1,0,3,9
,685,5,6,4,4,5,71,40,46,72,73,91,112,150,80,113,126,126,117,6,321,343,374,416,434,461,393,506,646,713,708,664,688,559,709,311,400,299,246,183,178,96,140,85,72,71,38,57,54,4,10,33,5,0,6,8,6,2,3,0,1,3,2,0,0,2,0,1,0,0,0,0,0,0,0,3,0,0,0,0,0,0,1,0,0,0,0,0,1,7,0,0,9,0,1,1,9
,690,8,8,9,7,7,122,64,78,112,121,143,175,222,125,176,197,193,185,0,424,448,465,495,490,488,463,524,669,647,681,652,658,449,626,226,293,221,182,137,132,72,85,66,52,45,28,44,45,4,9,11,0,6,5,5,3,11,3,0,0,0,2,3,0,0,1,1,0,0,0,0,0,0,0,0,0,0,0,0,0,21,0,4,0,0,0,0,1,0,0,29,6,2,0,2,1
,695,16,13,12,11,12,197,108,125,186,195,252,285,363,213,301,326,335,301,0,529,549,542,528,518,495,519,495,680,551,624,577,582,343,530,166,230,156,131,100,92,46,62,54,37,31,18,34,24,5,27,5,1,0,8,0,2,4,3,1,0,0,2,3,0,4,0,1,0,1,0,0,1,0,0,0,0,0,3,2,1,0,2,0,0,0,0,0,0,2,0,0,9,8,0,0,18
,700,19,20,18,20,18,306,168,201,293,302,373,427,532,314,441,477,483,458,0,603,614,586,545,507,465,548,456,609,463,511,505,508,261,427,117,162,112,102,74,71,32,67,39,26,28,9,26,25,5,6,11,0,0,5,0,2,9,4,0,3,0,3,1,0,1,0,1,0,0,0,0,0,0,0,1,0,0,0,0,0,0,1,0,0,4,0,0,0,1,0,36,12,5,0,0,4
,705,31,31,28,29,28,457,256,299,428,444,533,605,707,463,627,668,666,644,0,675,613,597,510,467,408,519,384,537,372,431,408,407,203,333,98,122,84,78,58,53,24,39,29,17,16,2,23,17,5,5,10,0,0,5,8,4,4,4,0,4,0,2,2,0,1,0,2,0,10,0,0,1,0,0,2,0,0,0,0,0,2,9,0,0,0,0,0,1,1,7,0,13,0,0,0,8
,710,46,44,41,43,42,644,363,426,603,631,698,801,860,648,827,876,850,842,49,612,568,518,443,394,324,444,312,428,275,330,313,305,142,247,66,86,60,59,59,35,14,26,22,11,17,0,18,14,0,1,1,0,0,2,1,2,12,4,2,3,0,2,0,0,1,0,2,0,1,0,14,0,0,1,0,0,0,0,0,1,0,1,0,0,7,0,0,0,0,0,0,8,1,3,0,9
,715,72,69,65,67,65,872,536,632,835,882,939,1014,1019,892,1037,1089,1073,1050,0,525,475,423,336,297,228,338,211,294,187,217,224,204,89,155,42,58,39,38,31,20,11,38,16,12,9,0,30,9,5,3,18,0,21,7,0,1,8,5,1,0,0,1,1,0,0,0,2,0,3,0,0,0,0,0,0,0,0,3,0,1,0,0,0,0,0,0,0,0,0,0,0,2,3,0,0,11
,720,107,102,98,99,101,1081,750,851,1058,1085,1112,1140,1090,1092,1201,1192,1145,1227,0,443,394,335,257,224,172,270,153,219,130,160,153,142,60,115,32,39,28,29,23,18,6,17,12,6,7,3,3,8,0,0,8,0,20,2,0,0,2,4,1,0,0,2,6,0,1,0,2,0,2,0,0,1,0,0,0,0,0,0,0,1,6,1,0,0,0,0,0,0,0,0,0,17,3,0,0,11
,725,153,143,139,139,138,1302,952,1097,1267,1318,1253,1252,1145,1302,1319,1324,1264,1349,1,383,328,278,207,172,130,213,126,174,102,117,122,111,47,83,23,30,21,23,21,12,7,10,9,6,9,0,6,3,2,4,4,0,0,0,0,5,9,2,0,0,0,1,4,0,2,0,1,0,1,0,0,1,0,0,1,0,0,3,0,0,1,1,0,0,0,0,0,0,0,0,0,13,1,0,1,9
,730,224,208,203,205,204,1509,1228,1332,1511,1492,1365,1345,1174,1525,1392,1388,1301,1436,0,320,274,226,168,137,100,171,94,142,82,95,97,87,37,64,21,25,14,18,16,9,1,9,10,0,24,0,5,2,6,0,3,9,0,3,0,0,5,0,0,0,0,1,0,0,2,0,1,13,6,0,0,0,0,0,1,0,0,0,0,0,1,1,0,0,0,0,0,0,8,0,0,7,4,0,0,13
,735,343,314,305,308,309,1664,1523,1645,1695,1634,1450,1367,1121,1633,1416,1387,1285,1478,0,262,214,171,129,107,80,135,69,108,58,70,71,67,30,47,18,16,16,16,16,6,4,11,11,0,8,0,5,5,3,0,7,0,0,2,0,25,3,3,0,0,0,2,0,1,2,10,1,0,1,0,0,1,2,0,0,2,0,4,0,0,0,1,0,0,0,0,0,0,3,0,0,76,0,0,0,15
,740,527,479,470,471,467,1691,1758,1808,1719,1649,1395,1273,993,1637,1321,1236,1163,1360,0,187,145,127,88,72,53,89,47,70,40,49,45,46,23,33,12,14,7,14,7,7,0,8,7,2,34,0,29,10,3,0,7,0,0,3,0,8,11,2,1,0,21,2,3,0,0,2,2,29,2,0,0,1,0,0,1,0,0,0,0,0,0,1,0,0,0,0,0,3,3,0,0,7,34,0,1,6
,745,740,676,659,668,661,1601,1829,1865,1683,1563,1274,1131,836,1561,1176,1068,1019,1205,0,146,113,97,68,70,37,70,43,52,35,36,41,29,13,24,7,13,3,11,12,2,0,5,6,0,10,0,4,2,3,4,2,0,0,5,0,3,4,5,13,0,0,3,0,0,2,1,9,0,1,0,0,1,0,0,5,0,0,0,0,2,4,0,0,0,0,0,0,3,1,0,4,84,4,5,3,23
,750,1000,890,864,879,884,1458,1835,1791,1532,1445,1097,976,688,1442,1005,917,851,1025,0,108,83,73,52,39,30,50,34,40,24,29,29,22,12,12,7,6,1,7,12,1,0,13,1,0,4,0,0,14,4,0,3,0,0,0,0,4,6,4,0,5,0,3,3,0,2,0,3,21,4,0,0,6,0,0,0,0,0,0,0,0,0,0,0,0,0,0,0,0,1,14,0,24,4,0,2,0
,755,1330,1189,1157,1166,1182,1189,1668,1603,1263,1207,862,764,530,1150,748,709,653,822,63,79,61,48,36,26,16,31,22,27,17,22,24,15,3,5,40,0,0,13,6,1,0,0,0,0,3,0,0,1,3,0,0,0,0,5,0,0,13,30,0,0,0,2,6,5,1,2,11,0,1,6,0,1,1,0,0,0,0,0,0,1,0,3,0,12,0,0,0,1,2,4,82,24,3,1,2,16
,760,1703,1515,1463,1487,1486,1000,1490,1392,1045,936,683,591,378,938,603,534,505,628,0,65,44,35,22,21,10,22,21,15,14,19,14,14,4,0,12,0,0,19,10,0,0,0,5,0,2,29,0,11,5,2,10,0,0,5,0,0,12,36,4,0,0,1,11,0,0,1,3,0,2,0,0,1,1,0,6,0,0,0,0,0,0,4,0,0,0,0,0,0,1,0,0,29,3,0,0,26
,765,2099,1812,1758,1770,1774,728,1184,1085,762,707,515,408,286,706,418,371,361,468,0,43,27,22,10,10,9,17,15,13,6,1,16,8,3,5,0,0,0,20,5,0,0,0,5,49,6,0,0,55,8,0,3,0,0,4,0,0,12,0,2,0,0,7,6,0,3,4,3,0,3,0,0,0,0,1,1,0,0,0,3,2,0,0,0,0,0,0,0,1,0,0,0,28,7,0,0,27
,770,2322,1999,1955,1951,1931,540,951,850,602,542,358,303,200,546,310,284,251,341,0,26,14,23,12,8,0,11,11,8,4,0,10,2,2,0,0,0,1,20,13,0,0,0,65,0,13,0,0,1,3,0,0,0,0,0,0,3,1,17,1,0,0,6,0,0,0,0,3,0,1,0,0,0,0,0,3,0,0,0,0,1,11,1,0,0,0,0,2,4,1,0,0,22,0,1,6,143
,775,2468,2109,2053,2075,2064,425,788,685,480,419,284,231,156,407,252,215,195,264,0,28,12,16,10,4,4,10,7,8,0,7,14,6,0,0,49,0,0,13,11,33,0,13,10,1,2,0,0,0,12,0,0,0,0,0,14,0,20,2,1,1,0,8,0,0,3,31,5,0,3,0,0,1,6,0,0,0,0,1,1,0,6,1,0,0,0,0,0,2,1,0,1,45,9,5,0,18
,780,2442,2107,1992,2033,1980,293,550,492,347,298,196,159,110,280,161,146,128,165,0,23,2,9,2,0,6,3,2,5,7,0,12,1,0,0,20,0,0,2,28,62,0,7,4,0,4,0,73,0,9,0,0,0,0,8,0,11,19,13,3,0,0,8,0,0,0,1,4,0,43,0,0,0,1,0,0,0,0,2,1,19,0,0,0,48,0,0,0,1,0,0,0,19,0,0,0,194
,785,2272,1926,1833,1836,1841,215,404,350,227,200,129,106,85,210,112,105,93,122,0,15,2,5,0,0,0,32,1,0,0,0,7,0,1,0,0,0,0,20,13,0,0,0,6,0,2,0,0,0,13,0,14,0,0,0,0,8,21,0,0,0,0,16,0,0,7,0,6,0,10,0,0,0,2,0,0,1,0,1,0,0,0,0,0,0,0,0,2,0,0,0,5,45,3,0,0,26
,790,2038,1681,1636,1626,1616,149,292,247,160,173,104,73,61,146,97,68,71,86,0,17,0,7,0,0,0,3,6,4,2,42,10,0,0,0,0,0,0,0,0,0,0,6,8,0,7,0,0,0,7,38,113,0,0,0,0,5,16,6,0,14,0,13,0,29,2,0,5,0,9,0,0,1,2,33,2,1,0,0,0,3,1,2,0,0,0,0,0,0,5,0,0,31,6,0,0,23
,795,1744,1457,1399,1401,1368,108,205,196,117,102,71,60,49,118,61,54,66,82,0,15,0,5,0,5,0,0,5,4,0,7,0,0,0,0,13,0,0,6,9,7,4,0,0,0,7,0,0,15,0,0,13,0,0,0,10,3,24,8,4,0,0,6,42,0,1,4,5,0,1,0,0,2,0,0,0,1,0,0,0,1,0,0,0,0,0,0,0,2,1,0,0,47,0,0,0,79
,800,1448,1169,1116,1123,1099,91,154,134,89,94,52,39,43,86,43,32,44,47,0,15,0,0,42,0,0,1,0,0,0,0,9,4,0,0,17,0,0,63,4,0,0,7,5,0,2,0,0,0,2,4,18,0,0,0,0,6,1,2,1,0,0,3,11,0,2,0,7,0,1,0,0,1,0,0,0,1,0,15,3,0,0,28,0,0,28,0,0,0,6,0,0,36,13,0,10,54
,805,1062,850,803,813,800,53,84,82,62,44,30,23,18,60,39,35,24,29,0,9,0,4,0,0,0,0,2,0,0,0,19,51,14,0,13,0,0,16,1,0,0,21,5,0,0,0,23,4,16,0,42,0,0,12,0,70,0,20,0,0,0,2,0,0,5,0,4,0,4,0,0,0,1,4,5,0,0,0,0,5,0,5,0,0,0,0,0,0,38,0,0,23,0,0,56,98
,810,833,647,612,627,633,35,67,60,37,24,27,14,23,43,17,20,38,24,0,10,0,3,0,0,0,35,12,0,0,7,16,0,0,0,20,0,0,39,19,0,0,9,11,0,15,0,0,0,13,0,154,0,0,24,0,15,27,21,42,0,0,5,0,0,5,4,7,0,8,0,0,3,1,0,8,1,0,3,0,0,5,21,0,0,0,0,0,2,2,0,0,54,0,83,0,32
,815,649,496,488,488,509,34,44,40,28,11,20,2,25,29,11,18,10,22,15,0,0,0,0,7,0,0,2,42,0,0,13,3,0,0,0,0,43,14,0,0,0,9,6,0,20,0,7,0,8,0,174,0,0,0,5,125,29,11,1,12,0,11,0,0,56,53,11,0,0,23,0,0,1,0,0,0,0,0,0,29,0,11,0,0,0,0,0,51,39,0,0,79,0,4,0,48
,820,482,373,349,371,338,20,34,28,32,12,3,0,16,16,13,11,27,16,0,14,0,0,0,0,0,0,13,0,0,0,14,0,5,0,15,0,0,7,18,0,0,14,3,0,0,0,0,1,12,0,12,0,0,61,0,47,12,0,0,0,0,2,0,0,0,6,8,0,19,0,0,1,1,0,6,0,0,1,27,0,0,2,0,0,40,0,0,2,0,0,0,52,0,0,0,16
,825,338,273,247,256,239,7,20,12,0,0,0,15,17,21,5,8,10,16,0,18,0,0,0,0,0,0,0,0,0,0,4,0,0,0,11,0,0,41,40,0,0,0,21,0,50,0,5,11,15,2,30,0,0,0,0,0,40,24,0,0,0,1,0,66,13,0,18,0,7,0,0,0,2,4,12,1,0,4,0,0,0,12,0,0,0,0,0,0,9,0,0,54,22,0,0,74
,830,225,199,174,188,176,0,5,1,6,59,0,0,26,25,0,13,0,5,0,7,0,0,0,0,0,0,9,0,0,91,17,101,0,0,0,0,0,38,17,158,0,11,21,0,0,0,0,0,0,0,0,0,0,39,0,13,0,11,0,0,0,8,16,0,0,9,15,0,32,0,0,3,0,0,0,1,0,4,0,0,2,11,48,0,0,0,0,0,4,0,3,115,0,0,22,24
,835,178,189,127,141,146,2,0,12,34,0,0,0,21,111,0,3,38,29,0,51,0,69,4,0,0,75,0,0,0,0,14,0,0,0,0,0,0,58,44,0,0,29,51,0,15,0,0,0,46,0,0,0,0,5,0,0,47,0,0,0,0,1,0,6,5,1,12,0,0,0,0,6,2,0,0,34,0,37,0,0,0,13,0,0,0,0,0,8,21,48,0,201,50,0,0,128
,840,134,135,72,108,98,21,88,2,0,0,0,0,44,32,0,0,13,17,0,34,0,0,158,22,0,0,2,0,0,3,43,0,0,0,0,0,0,101,53,0,0,11,85,0,57,0,0,37,0,0,156,0,0,0,0,3,118,71,0,0,0,37,15,0,0,44,12,0,5,0,0,7,38,0,30,1,0,5,2,6,0,19,0,0,0,0,2,22,0,0,260,182,0,0,44,235
,845,122,96,27,70,43,0,0,0,0,0,0,0,85,34,3,0,1,28,0,0,0,0,0,0,122,0,55,23,0,0,147,0,0,0,0,0,0,194,9,0,0,105,35,52,0,0,0,0,0,0,19,0,0,0,0,0,0,50,0,0,0,69,0,0,4,0,48,0,0,0,0,6,6,4,32,1,0,0,3,0,0,46,0,0,0,0,0,0,43,0,0,337,0,0,71,577
,850,175,85,0,46,2,0,0,0,12,0,0,0,117,57,0,0,104,69,1665,113,0,0,0,0,0,0,6,0,0,0,103,0,0,0,0,0,780,202,0,0,0,89,28,0,0,0,0,0,180,0,0,0,0,56,0,156,0,127,112,0,0,29,0,0,30,36,52,0,14,0,0,40,15,0,0,5,0,14,12,0,45,50,0,0,0,0,46,0,0,0,0,684,0,0,0,197
,,,,,,,,,,,,,,,,,,,,,,,,,,,,,,,,,,,,,,,,,,,,,,,,,,,,,,,,,,,,,,,,,,,,,,,,,,,,,,,,,,,,,,,,,,,,,,,,,
Read 16:EM Spectrum,,,,,,,,,,,,,,,,,,,,,,,,,,,,,,,,,,,,,,,,,,,,,,,,,,,,,,,,,,,,,,,,,,,,,,,,,,,,,,,,,,,,,,,,,,,,,,,,,
,,,,,,,,,,,,,,,,,,,,,,,,,,,,,,,,,,,,,,,,,,,,,,,,,,,,,,,,,,,,,,,,,,,,,,,,,,,,,,,,,,,,,,,,,,,,,,,,,
,Wavelength,A1,A2,A3,A4,A5,A6,A7,A8,A9,A10,A11,A12,B1,B2,B3,B4,B5,B6,B7,B8,B9,B10,B11,B12,C1,C2,C3,C4,C5,C6,C7,C8,C9,C10,C11,C12,D1,D2,D3,D4,D5,D6,D7,D8,D9,D10,D11,D12,E1,E2,E3,E4,E5,E6,E7,E8,E9,E10,E11,E12,F1,F2,F3,F4,F5,F6,F7,F8,F9,F10,F11,F12,G1,G2,G3,G4,G5,G6,G7,G8,G9,G10,G11,G12,H1,H2,H3,H4,H5,H6,H7,H8,H9,H10,H11,H12
,500,1,1,1,1,1,2,3,1,4,3,2,3,2,2,2,2,3,2,40,3,3,3,3,4,2,3,3,3,4,4,5,5,7,5,8,7,4,5,7,6,10,8,10,5,10,10,5,5,6,6,8,10,6,7,12,3,8,4,6,4,9,1,3,2,12,3,16,14,4,9,4,8,8,17,2,5,3,7,4,7,2,16,22,7,5,2,1,1,2,3,43,49,2,8,53,55
,505,1,1,1,1,1,3,2,3,3,2,2,2,2,2,3,3,2,2,84,2,2,2,2,3,4,2,2,4,5,4,4,5,6,3,4,5,7,11,5,4,6,5,14,7,10,9,8,10,10,6,10,6,10,6,12,3,15,3,6,4,9,1,4,2,12,4,10,15,6,10,4,5,14,14,2,3,3,11,5,9,2,8,16,5,4,2,1,1,4,5,104,105,2,8,112,120
,510,1,1,2,0,1,2,2,2,3,3,3,4,3,2,3,1,2,2,158,3,2,2,4,2,2,2,2,4,3,6,5,3,3,2,4,4,6,8,4,5,6,5,7,4,8,10,8,7,10,5,5,5,10,6,8,3,6,4,5,3,4,1,3,2,11,3,15,15,6,9,2,7,10,12,3,5,4,7,7,7,2,8,14,4,2,2,1,2,2,4,209,225,3,9,236,236
,515,1,0,1,0,1,2,1,4,1,1,2,3,2,1,2,3,2,3,391,2,3,2,2,4,2,2,1,4,3,5,5,5,3,3,6,4,3,5,10,8,6,9,7,8,4,8,3,9,4,5,5,5,9,12,8,2,10,5,4,4,5,1,4,2,7,5,10,14,4,15,2,4,8,17,2,4,2,9,8,10,1,8,8,7,3,1,1,1,2,4,562,583,3,9,604,613
,520,1,1,1,1,1,3,2,2,3,2,2,2,3,2,3,3,2,2,856,2,2,2,3,3,2,3,2,4,4,2,3,4,3,4,3,6,5,4,4,7,8,5,6,3,5,8,6,5,4,5,6,5,6,10,12,2,5,5,3,4,5,1,2,2,11,2,15,16,3,8,3,4,12,13,2,3,3,8,8,10,1,14,13,7,3,1,1,1,2,3,1180,1253,2,15,1260,1263
,525,1,0,1,1,1,3,2,1,2,2,2,3,2,1,2,2,3,3,1527,1,2,3,2,2,1,2,2,2,3,2,3,4,5,2,6,7,5,6,3,7,5,4,9,7,7,5,3,6,8,4,4,8,7,5,11,3,10,3,3,3,8,1,2,1,5,2,9,8,5,7,2,6,14,12,1,3,3,6,5,7,2,8,15,4,2,2,1,1,4,5,2125,2264,2,18,2234,2220
,530,1,1,2,0,1,3,1,2,2,1,1,3,1,1,3,2,1,1,2769,1,2,3,1,1,4,1,1,4,2,3,2,4,2,2,3,3,2,3,5,6,8,5,5,6,4,8,2,5,3,11,4,8,8,9,6,2,9,5,2,5,5,1,3,2,4,2,13,6,5,11,2,6,8,24,1,5,2,9,5,4,1,17,12,5,3,1,1,1,4,3,3853,4020,3,26,4071,4017
,535,1,1,0,0,1,2,1,1,2,2,1,3,1,2,2,1,2,1,4101,1,2,1,1,3,1,2,1,2,4,3,3,3,2,3,2,5,5,7,3,3,3,7,4,2,3,5,5,4,7,3,2,3,6,4,7,2,3,5,4,2,6,1,2,1,3,2,12,6,2,6,2,4,13,18,2,3,2,10,8,6,3,22,17,8,4,2,1,3,4,5,5397,5778,3,32,5623,5705
,540,0,1,1,1,0,4,1,1,1,1,2,1,1,1,1,2,1,3,4611,3,3,3,2,2,2,1,0,1,4,3,4,3,1,3,2,2,1,6,2,6,4,6,8,1,8,7,2,8,6,7,3,3,7,4,5,3,4,5,5,4,6,1,3,1,9,4,7,5,2,11,4,3,16,22,1,4,4,7,7,6,3,29,28,15,5,2,2,3,4,7,6407,6641,4,47,6597,6620
,545,0,1,0,0,0,1,1,1,2,1,1,2,1,0,1,1,2,4,4792,1,1,2,1,1,2,0,0,4,2,3,2,4,1,3,5,1,4,5,1,2,4,5,3,0,6,2,1,6,6,6,2,6,2,3,4,1,3,2,2,4,0,0,3,1,3,1,11,11,2,6,4,6,13,19,1,5,4,11,6,11,4,30,41,19,7,3,2,4,6,10,6304,6755,5,53,6645,6734
,550,1,0,0,0,1,1,2,2,1,0,1,2,1,0,1,2,2,3,4222,2,1,1,1,2,2,2,2,2,1,1,3,3,1,2,1,5,1,2,4,1,3,5,3,0,5,2,2,2,7,1,1,6,6,9,8,1,2,4,2,3,2,1,3,0,3,4,13,13,3,9,4,9,24,23,2,6,3,12,7,13,5,41,47,23,10,5,2,5,10,10,5789,6113,8,56,5938,5859
,555,1,0,1,0,0,1,1,1,1,1,1,2,2,1,1,1,3,1,3155,1,2,1,2,3,0,1,1,3,2,2,3,2,3,1,3,2,2,4,2,4,4,3,3,2,3,4,2,4,4,2,3,4,9,4,5,1,9,3,4,5,3,1,2,1,10,4,21,11,6,15,4,9,23,31,3,9,4,13,9,11,6,50,55,25,12,5,3,6,9,14,4268,4552,8,53,4485,4546
,560,0,0,0,0,0,1,0,1,1,1,3,2,1,1,3,0,1,1,2094,1,1,1,2,1,1,0,3,1,2,2,2,2,1,3,1,2,1,3,4,4,4,3,6,2,4,4,4,4,5,4,3,5,4,5,5,2,6,3,4,3,4,1,4,2,13,5,19,19,12,25,7,12,29,35,4,9,4,13,10,10,6,59,51,25,11,5,2,6,9,13,2872,3050,7,47,2855,2854
,565,1,0,1,0,0,1,0,1,1,0,1,3,1,1,1,1,0,1,1379,1,1,3,1,0,0,1,1,4,1,1,1,2,2,1,2,2,2,3,1,2,4,2,4,1,3,3,1,4,5,4,4,5,4,6,9,2,16,5,5,4,8,1,5,2,22,8,24,25,12,28,8,15,31,35,5,10,4,15,8,11,6,45,44,24,11,5,2,5,8,11,1977,2148,7,40,1994,2006
,570,0,0,0,0,0,1,0,1,1,0,1,3,1,1,1,0,0,1,899,1,1,1,1,1,1,1,1,2,2,1,2,2,1,1,2,2,1,6,2,2,4,2,4,1,4,5,2,4,8,5,5,6,5,8,9,2,15,7,8,5,10,2,8,4,29,12,37,36,16,35,10,16,27,27,5,9,4,15,8,8,5,38,42,19,10,4,2,5,7,9,1247,1314,6,29,1276,1319
,575,0,0,0,0,0,1,0,0,1,0,1,1,1,1,1,0,0,1,507,1,1,1,1,0,0,0,1,2,1,1,2,2,1,0,4,1,1,3,2,2,5,4,5,1,3,6,3,5,10,7,8,9,10,13,14,4,25,12,14,11,20,3,11,6,40,15,42,45,19,40,10,17,20,26,6,7,3,10,7,7,4,29,35,16,7,3,2,3,5,8,730,814,5,18,753,759
,580,0,0,0,0,0,1,0,1,2,0,1,1,1,1,1,0,0,1,286,1,1,1,1,1,0,0,0,1,1,1,2,1,2,1,2,1,2,8,6,4,6,5,5,5,8,7,4,8,19,13,13,14,16,24,23,7,43,19,20,17,36,4,16,8,51,18,49,49,19,38,9,15,16,19,6,5,2,7,6,5,3,18,19,11,6,3,1,3,3,5,401,465,5,15,423,434
,585,0,0,0,0,0,1,0,1,1,0,0,1,1,0,1,2,0,1,167,1,1,0,1,1,0,0,0,2,1,2,2,1,2,0,2,2,3,3,4,5,15,11,9,6,11,13,8,16,41,23,27,22,32,39,44,13,69,32,29,28,53,5,21,10,55,20,52,44,19,42,8,14,13,14,5,4,2,7,4,4,2,14,16,7,4,2,1,2,3,4,226,239,3,11,247,235
,590,0,0,0,0,0,1,0,0,0,0,0,1,1,2,1,2,0,1,102,1,1,1,1,0,0,0,0,1,2,0,4,2,2,0,4,2,2,6,6,7,15,10,15,13,17,19,13,22,64,41,48,36,50,63,66,19,92,46,40,37,71,5,22,11,57,21,44,40,16,30,7,11,11,12,4,3,1,5,4,2,2,12,11,6,3,1,1,1,2,4,147,162,2,9,164,158
,595,0,0,0,0,0,3,0,0,1,0,0,1,1,0,1,0,0,1,75,0,1,0,1,1,0,0,0,1,1,1,1,2,2,1,5,4,5,9,10,10,25,16,20,20,32,32,25,36,94,60,75,55,80,96,95,25,117,54,47,47,80,5,22,10,53,17,37,33,13,24,7,9,8,8,4,3,1,3,4,1,1,8,5,6,2,1,1,1,2,3,88,104,2,8,93,96
,600,0,0,0,0,0,1,0,0,1,0,2,1,0,0,0,0,0,1,43,0,1,0,1,0,0,0,0,2,2,0,2,4,3,1,11,7,9,15,18,19,46,31,40,42,66,62,50,69,138,107,122,92,122,143,130,34,136,67,52,54,85,4,20,9,43,13,29,25,9,16,4,6,6,7,3,2,1,5,3,2,1,5,6,4,2,1,1,2,1,2,55,55,2,5,59,62
,605,0,0,0,0,0,1,0,0,0,0,0,1,0,0,1,0,0,0,30,0,2,1,1,1,0,2,0,1,2,1,2,2,5,1,17,15,20,27,32,34,87,58,73,84,112,113,92,121,172,159,179,134,167,178,159,36,129,68,51,54,85,4,16,7,32,11,25,22,5,12,3,5,5,7,2,1,1,3,2,7,1,5,3,3,1,1,1,1,1,1,32,34,1,5,39,39
,610,0,0,0,0,0,0,0,0,0,0,0,1,0,0,0,0,2,1,19,0,1,0,1,0,1,0,1,1,3,2,3,2,7,1,32,23,33,46,66,60,142,100,125,135,186,177,146,193,195,207,216,162,192,203,171,38,123,65,46,51,75,3,12,6,23,7,18,11,4,11,3,3,5,4,3,2,1,3,1,2,0,1,4,2,3,1,0,0,1,1,21,25,1,4,25,29
,615,0,0,0,0,0,1,0,0,0,0,0,1,0,0,1,2,0,1,17,0,1,3,3,0,1,0,0,2,4,5,3,3,12,2,57,42,58,80,100,99,217,164,192,209,266,263,225,274,198,252,243,187,205,208,162,37,110,58,42,46,69,2,13,4,18,7,15,12,5,8,2,3,3,3,1,1,3,2,2,1,1,3,2,3,1,1,0,0,0,1,29,18,0,3,20,23
,620,0,0,0,0,0,1,0,0,0,1,0,1,1,1,0,0,0,1,13,0,2,2,1,2,1,1,2,3,7,4,4,5,20,7,102,75,103,144,173,177,338,264,298,327,367,357,329,367,181,286,259,194,215,195,149,32,92,51,35,40,46,2,7,2,13,4,8,7,2,4,2,3,2,4,1,1,0,1,2,0,0,1,0,2,1,1,0,1,0,1,11,9,1,4,25,16
,625,0,0,0,0,0,1,0,0,1,0,0,1,1,0,1,0,0,1,23,1,2,1,5,2,3,1,7,5,11,8,9,9,39,12,182,137,190,243,294,285,454,385,414,438,456,446,417,454,157,282,241,178,181,173,128,26,69,37,23,29,33,1,5,2,8,7,7,7,2,4,2,2,1,6,1,1,0,2,1,0,0,1,5,2,1,1,0,0,0,2,6,8,1,2,21,9
,630,0,0,0,0,0,1,0,0,3,0,0,5,1,1,1,0,0,1,10,2,3,3,6,4,4,3,6,9,20,14,14,14,70,23,306,234,306,376,429,433,543,520,519,518,507,495,494,501,139,263,210,160,156,139,101,20,49,27,20,23,27,1,2,1,4,2,5,4,1,4,1,3,2,1,1,1,0,2,2,0,0,0,0,1,4,1,0,0,0,1,2,4,1,12,10,7
,635,0,0,0,0,0,1,0,0,0,0,1,2,1,1,1,1,0,2,8,3,5,4,5,7,7,3,11,14,29,23,26,24,113,38,420,341,429,497,541,552,594,600,582,574,509,501,522,506,109,238,179,136,123,123,87,16,38,21,15,19,18,1,7,1,3,1,5,2,0,2,1,1,1,3,1,0,0,2,1,1,0,0,0,3,0,1,0,1,0,1,3,2,1,3,10,9
,640,0,1,0,0,0,2,0,0,1,0,1,3,2,1,2,4,1,5,7,7,7,7,9,10,13,8,17,23,56,38,38,40,182,66,580,485,561,633,644,647,604,631,597,565,499,474,493,480,77,193,140,111,98,97,61,12,30,16,11,14,14,1,3,0,1,1,3,17,1,0,1,1,3,0,0,2,1,2,1,0,0,3,0,1,0,0,0,1,0,1,0,1,1,3,8,6
,645,1,1,0,0,0,3,2,1,1,1,2,4,3,2,2,2,1,3,4,10,10,12,15,19,23,13,31,35,81,66,66,67,290,112,695,634,708,729,711,715,564,643,548,521,442,415,459,420,58,151,111,84,73,66,45,9,18,12,7,10,9,1,2,1,0,0,2,1,0,1,0,2,2,3,1,1,0,2,2,0,0,0,0,1,3,1,0,0,0,0,0,2,1,1,8,5
,650,0,0,0,0,0,4,0,1,3,2,4,5,7,3,5,4,8,5,5,15,18,22,28,35,42,25,56,67,149,122,117,114,460,193,775,775,782,774,707,697,500,557,502,447,367,334,379,348,39,110,78,63,51,45,32,7,26,16,8,8,4,0,1,0,0,0,0,2,0,0,1,2,1,0,1,1,0,2,0,0,0,0,0,0,0,1,0,0,0,1,0,0,0,1,4,8
,655,1,0,0,0,0,9,2,3,5,5,6,8,10,5,7,7,7,11,8,24,28,32,43,54,69,40,88,106,226,190,175,175,573,277,786,826,799,748,685,658,448,509,427,388,318,283,340,285,28,87,54,47,37,37,24,4,13,7,5,7,5,0,1,0,0,0,1,9,0,1,0,0,0,3,0,0,0,11,0,0,0,0,16,1,0,1,0,1,0,0,0,0,1,0,6,24
,660,1,0,1,0,0,8,3,4,7,7,10,13,12,6,11,10,11,12,9,38,43,53,72,85,102,64,135,159,318,272,258,253,687,393,748,817,755,682,637,602,391,444,363,312,241,220,254,232,22,62,42,34,42,22,21,4,7,7,5,5,2,0,2,0,0,1,5,0,0,3,1,0,0,0,0,0,1,1,6,0,0,0,0,3,0,2,0,0,0,2,0,0,0,2,1,4
,665,1,0,1,0,1,14,5,7,11,12,13,18,24,12,19,19,17,20,6,61,68,83,111,131,160,105,202,243,452,388,361,354,781,524,672,783,687,612,517,506,307,348,287,244,198,167,203,182,12,45,34,26,19,17,18,3,7,5,3,4,0,0,2,0,0,0,0,13,0,0,0,0,0,0,0,1,0,0,0,0,0,0,0,2,0,1,0,0,0,1,0,0,0,1,12,3
,670,2,1,1,1,1,21,10,13,22,20,28,30,41,20,29,34,34,34,9,102,117,140,179,209,241,169,294,369,590,535,515,498,793,660,553,696,566,503,408,388,233,265,208,175,139,120,144,119,12,32,22,23,11,13,11,3,2,3,3,11,0,0,1,0,0,0,1,0,0,2,1,8,0,0,1,0,0,1,0,0,0,0,0,2,0,1,0,0,0,7,0,0,0,0,1,7
,675,3,2,2,1,2,36,16,20,32,34,40,51,64,34,48,54,52,48,6,157,183,209,257,291,330,240,386,494,680,639,610,577,741,723,462,584,471,402,335,309,175,210,166,128,96,100,105,94,4,25,14,13,12,9,10,2,18,2,2,4,1,1,1,0,0,0,0,0,7,0,0,0,0,4,2,3,0,0,0,0,0,0,0,1,0,1,1,0,0,0,5,0,1,0,5,5
,680,4,3,3,2,3,55,26,31,47,51,65,76,102,48,73,83,83,83,3,231,255,293,350,383,405,335,454,606,720,705,674,641,657,742,369,477,372,324,244,233,138,145,123,87,79,63,71,69,1,14,9,10,5,5,10,2,0,1,4,3,5,0,1,0,0,0,0,0,5,2,0,0,0,0,0,0,0,0,8,0,3,0,25,3,0,1,0,0,0,0,0,0,0,0,2,1
,685,6,4,5,5,4,84,42,51,77,78,104,114,152,77,118,130,129,122,8,324,355,400,432,472,467,435,521,691,712,718,690,656,565,706,286,394,287,244,197,177,103,112,95,69,59,51,52,56,0,6,6,12,0,2,4,3,0,2,2,3,12,0,1,0,0,0,2,0,0,1,1,2,0,0,1,1,0,0,0,0,0,0,0,0,0,1,0,0,0,1,0,26,1,4,13,12
,690,8,7,8,6,7,130,64,80,122,126,158,184,238,122,182,209,205,188,3,429,455,503,509,528,489,508,545,720,659,694,672,631,460,624,207,296,217,193,131,135,92,77,68,49,34,45,39,43,0,5,5,10,1,2,6,1,0,13,1,3,0,0,0,0,0,0,0,0,0,1,0,1,1,0,1,7,0,0,1,2,0,0,0,1,0,1,1,0,0,1,0,0,0,0,4,0
,695,14,13,12,12,12,221,110,133,201,205,259,301,389,203,303,333,336,307,5,550,561,573,554,551,501,557,520,718,555,627,610,558,369,509,144,221,150,131,94,99,53,53,67,22,29,35,33,51,0,25,1,10,0,0,3,2,0,2,2,3,0,1,1,0,0,0,0,0,0,0,1,1,26,0,1,0,0,19,1,0,0,0,0,0,0,1,2,0,0,1,0,0,0,1,1,0
,700,22,21,20,21,19,339,177,210,310,326,399,460,558,315,451,489,500,455,10,640,612,619,572,548,458,574,471,661,472,545,514,479,263,421,127,150,103,96,72,67,44,39,40,15,22,24,15,17,0,10,3,3,0,0,4,2,0,1,4,2,0,0,0,0,0,0,0,0,0,0,0,0,4,0,0,0,6,2,0,0,0,0,0,0,0,0,0,0,0,1,0,0,2,1,3,3
,705,35,31,30,30,28,494,261,311,451,479,573,644,751,468,635,703,688,658,0,664,636,619,519,500,413,569,411,566,384,436,436,403,200,345,83,123,77,70,48,54,37,34,30,16,15,21,11,20,0,0,2,5,0,0,4,1,0,0,2,4,21,0,3,0,0,0,0,0,0,2,0,0,0,2,0,0,0,1,0,0,0,0,0,4,0,1,1,0,0,1,0,0,0,5,6,14
,710,49,45,43,44,43,691,388,450,641,651,756,825,939,647,855,888,870,872,12,636,593,546,457,418,324,473,318,457,290,329,329,294,147,234,54,82,56,53,35,40,23,23,19,7,12,11,4,10,0,0,0,6,2,0,1,2,0,2,5,3,0,1,0,0,0,0,0,0,0,0,1,1,1,0,1,0,0,0,0,0,0,0,0,0,0,1,0,0,0,1,0,0,0,3,10,6
,715,77,73,68,70,71,965,578,682,899,922,1019,1051,1101,891,1109,1108,1081,1107,0,566,492,434,351,304,229,376,219,331,188,231,223,194,96,162,43,57,38,38,30,41,17,14,16,0,8,10,20,12,0,0,0,23,0,0,2,1,0,1,2,2,0,0,2,0,0,0,0,0,0,0,0,0,0,0,0,0,0,0,0,0,0,0,0,0,0,0,1,4,0,1,0,0,0,3,1,0
,720,113,105,100,107,98,1206,775,895,1139,1147,1211,1197,1194,1095,1241,1250,1225,1283,10,467,409,358,277,225,170,289,157,247,137,159,155,140,68,106,26,37,24,28,19,18,14,13,11,0,10,4,0,10,0,0,0,3,0,0,2,1,0,1,13,3,0,0,0,0,0,0,1,0,0,5,0,0,2,2,1,0,0,1,0,0,0,0,0,2,0,1,0,0,0,0,0,0,1,0,2,5
,725,165,152,141,151,141,1414,1018,1117,1353,1372,1360,1315,1232,1299,1359,1354,1314,1404,9,399,331,291,211,179,136,223,123,186,105,119,126,110,50,87,22,30,21,18,17,16,10,13,13,0,5,6,0,8,0,0,0,9,0,0,0,1,0,3,1,1,0,0,0,0,0,0,0,0,0,0,1,0,4,0,0,0,0,1,0,0,0,0,0,2,0,0,0,0,0,0,0,0,0,0,6,41
,730,233,224,208,212,208,1685,1297,1424,1587,1574,1483,1389,1248,1497,1463,1405,1363,1487,10,330,277,228,178,149,102,187,96,150,80,96,93,81,35,62,13,22,16,23,10,16,9,3,10,0,4,8,0,4,0,0,0,6,0,0,1,2,0,0,3,5,0,0,0,0,0,0,1,0,0,0,1,2,0,0,1,1,0,0,0,0,0,0,0,0,0,1,1,0,7,1,25,0,0,3,7,4
,735,354,330,308,322,309,1814,1608,1719,1799,1766,1587,1456,1184,1650,1514,1419,1349,1551,8,268,222,185,127,111,79,143,71,114,62,69,75,69,33,48,9,22,9,16,7,13,12,4,13,0,3,8,0,1,29,0,0,9,0,0,0,1,0,1,4,4,0,0,1,0,0,0,0,0,0,0,1,1,0,0,1,0,0,0,0,0,0,0,0,2,0,2,1,0,0,2,0,0,0,10,10,0
,740,563,519,483,504,471,1817,1845,1882,1813,1758,1492,1310,1022,1690,1347,1258,1191,1421,0,204,163,132,102,77,55,98,48,77,46,42,54,44,25,32,4,17,9,13,1,11,6,0,10,0,3,1,0,3,0,0,0,3,0,0,0,0,0,1,6,1,0,0,0,0,0,0,0,0,0,0,0,0,0,0,0,1,0,0,0,0,0,0,0,0,0,1,1,0,9,1,0,0,2,1,13,69
,745,774,725,675,690,666,1713,1950,1957,1750,1708,1380,1198,895,1584,1229,1120,1063,1279,8,150,123,101,66,62,38,73,38,64,35,40,34,39,20,23,8,8,1,16,5,10,9,4,10,0,0,7,0,15,0,0,0,5,0,0,2,2,0,0,3,1,0,1,1,0,0,0,0,0,0,4,1,0,6,0,1,0,0,0,0,0,5,0,0,25,0,1,1,0,0,0,0,0,0,0,1,0
,750,1044,953,899,934,887,1565,1923,1926,1587,1525,1183,1019,748,1418,1051,946,887,1069,21,115,87,73,52,41,25,57,23,47,30,21,50,29,13,13,3,6,28,1,3,38,15,4,8,0,0,0,0,5,0,0,0,4,0,39,0,0,0,0,25,1,0,1,1,5,0,0,0,0,0,0,1,0,1,0,11,0,8,0,1,25,0,0,0,0,0,1,1,2,0,0,0,0,0,1,16,0
,755,1395,1264,1200,1232,1172,1341,1759,1681,1352,1244,920,781,556,1169,791,718,671,840,15,79,65,49,34,24,18,35,18,37,40,16,24,24,3,8,0,5,5,42,0,11,7,0,10,0,0,0,0,11,0,0,0,8,0,0,0,1,42,0,0,5,0,0,0,0,0,0,0,0,0,45,0,0,1,0,1,0,1,31,0,0,7,0,0,0,0,2,1,0,0,0,0,0,13,0,14,0
,760,1795,1619,1535,1576,1504,1046,1541,1431,1080,992,740,616,411,935,612,552,516,649,17,74,48,35,28,18,12,23,10,28,23,16,17,22,11,5,5,5,0,11,10,0,8,31,5,0,1,0,0,14,0,0,0,55,0,0,5,3,0,3,3,5,0,0,4,0,0,0,0,0,0,0,0,0,7,0,0,4,0,2,24,0,0,0,0,24,21,2,1,1,0,5,0,0,1,12,21,18
,765,2161,1935,1827,1905,1775,791,1253,1117,811,738,553,436,293,723,437,413,336,464,11,36,40,25,18,11,12,16,5,24,11,1,7,12,43,0,0,0,0,17,0,3,15,0,14,29,0,1,0,0,46,0,0,17,0,0,0,3,0,3,7,5,0,0,4,0,0,0,0,0,0,0,1,4,0,0,2,0,12,0,3,0,8,0,0,1,0,2,2,0,0,1,0,0,0,7,10,0
,770,2414,2190,2023,2102,1976,619,1012,898,623,571,417,325,223,544,328,290,245,355,6,20,31,15,12,9,2,2,1,17,7,1,0,12,0,33,0,0,0,3,41,3,9,0,2,0,0,0,0,4,0,0,0,10,37,0,0,0,0,0,5,3,0,0,0,0,0,0,0,5,0,1,3,0,0,18,0,3,0,0,0,0,0,0,0,0,0,4,3,0,0,0,0,0,0,0,14,6
,775,2580,2284,2133,2186,2100,460,809,714,488,467,307,250,175,427,266,221,198,265,10,17,20,12,7,8,0,7,0,19,6,2,3,22,1,0,2,0,0,2,0,17,11,0,0,0,2,4,0,0,0,0,0,6,0,0,0,2,0,4,8,5,0,7,3,0,0,0,9,0,0,0,4,0,0,0,1,0,0,1,1,0,0,0,0,0,3,3,3,2,0,4,0,0,0,15,2,21
,780,2552,2216,2135,2133,2051,343,586,513,334,306,213,182,107,289,171,139,127,189,18,15,22,5,5,3,0,1,0,19,4,0,10,10,0,0,0,0,0,2,12,15,79,0,0,0,0,85,0,0,0,0,0,34,0,0,0,0,0,0,0,5,0,1,1,0,0,0,0,0,0,0,0,42,0,0,1,32,0,0,0,0,0,0,0,0,0,3,2,0,0,40,0,0,1,9,0,0
,785,2389,2049,1922,1988,1860,247,412,346,225,222,145,132,78,196,129,128,88,135,28,4,40,10,5,33,0,0,0,54,2,0,3,9,0,0,0,0,38,9,0,5,0,0,7,0,0,36,0,16,0,0,0,18,0,0,0,0,0,4,0,8,0,1,0,0,0,0,0,0,0,13,3,1,0,9,1,0,0,14,10,0,0,0,0,0,0,5,2,0,0,1,0,0,0,0,23,16
,790,2117,1843,1667,1732,1623,160,292,266,175,148,105,98,92,133,101,60,53,99,4,2,12,3,1,4,0,0,0,8,12,0,13,6,0,0,0,0,0,10,0,6,15,0,7,0,0,31,0,1,0,0,0,7,0,0,0,2,0,5,2,52,0,0,2,0,0,0,0,0,0,17,4,0,0,0,0,1,0,5,13,0,0,0,0,4,0,2,2,0,0,6,0,0,3,0,29,0
,795,1834,1580,1439,1491,1414,125,222,203,138,113,79,83,50,115,65,50,34,74,19,35,17,9,3,0,0,0,0,61,8,3,0,8,0,0,0,0,0,11,2,2,4,0,8,0,0,1,0,0,0,0,0,19,0,0,9,7,0,0,5,13,0,11,8,0,0,0,0,0,0,1,3,0,0,2,0,0,27,5,0,0,16,0,0,8,0,6,3,0,0,42,0,0,5,15,26,14
,800,1529,1258,1181,1192,1134,91,152,136,100,78,45,69,21,77,52,41,25,58,26,0,21,0,5,0,0,0,0,13,5,0,2,6,7,0,0,0,0,20,0,0,0,0,11,0,0,4,0,9,0,0,0,4,0,0,12,0,0,0,7,11,0,0,0,0,0,0,0,0,0,0,0,0,10,0,0,0,7,0,0,0,0,0,0,0,0,4,1,0,0,2,0,0,4,0,0,25
,805,1149,902,846,870,842,61,94,78,55,44,34,46,18,49,45,18,10,43,22,5,15,6,0,0,0,0,0,18,7,0,2,13,13,0,0,0,0,4,0,0,10,0,4,0,0,13,0,7,0,0,85,15,0,0,0,3,0,0,11,19,0,13,2,0,0,0,0,0,0,0,0,0,11,0,3,0,0,0,0,0,0,0,0,7,8,6,4,19,0,0,0,0,0,0,25,0
,810,855,720,653,679,639,39,68,62,51,33,25,37,21,34,21,7,3,28,0,0,13,0,6,0,0,0,0,23,10,0,0,14,2,0,0,61,0,11,0,19,11,3,27,0,0,0,0,7,0,0,103,19,0,0,4,7,0,25,8,14,0,5,4,0,0,0,0,0,0,6,0,1,0,0,0,16,0,17,0,0,0,0,0,10,0,19,4,0,0,0,0,0,9,11,15,55
,815,684,536,486,533,497,45,35,44,31,20,11,28,16,22,17,7,0,31,39,0,13,29,0,0,0,0,0,1,0,0,1,0,0,0,0,95,0,0,0,6,0,0,11,0,0,0,0,1,0,0,18,47,0,0,0,9,0,7,7,0,107,0,73,0,0,54,0,0,43,0,6,0,0,0,7,6,0,4,1,0,0,0,0,0,0,4,3,0,46,6,0,0,0,4,30,13
,820,514,407,367,368,353,22,35,28,18,20,20,23,7,18,24,0,0,22,72,0,21,0,4,0,0,0,0,19,24,0,16,12,0,0,0,96,0,5,0,0,0,0,5,0,0,13,0,28,0,0,0,26,0,0,187,0,0,0,12,38,0,2,11,0,0,0,0,0,0,0,2,0,14,0,3,6,0,0,0,0,0,0,0,0,0,7,5,0,0,52,0,0,1,0,40,22
,825,367,286,267,271,262,71,31,21,28,6,7,90,8,10,9,0,0,30,0,0,18,0,0,0,0,0,0,95,14,0,0,12,14,0,0,6,0,13,0,0,64,0,0,0,0,0,0,0,0,0,0,44,0,0,0,15,0,4,1,15,0,2,2,0,0,0,0,0,0,0,8,0,0,0,0,1,0,17,0,0,0,0,0,22,48,10,4,0,0,0,239,0,4,28,0,0
,830,256,201,191,186,180,21,0,1,21,0,0,42,93,2,18,0,0,0,307,0,27,0,0,0,0,0,0,13,0,0,13,0,0,0,0,0,0,22,0,45,26,0,273,0,0,0,0,8,0,224,0,46,0,0,0,13,0,5,12,33,0,4,25,10,0,0,0,0,0,0,26,0,0,0,8,0,4,8,0,0,0,0,0,56,0,5,4,0,0,1,232,0,0,0,64,45
,835,217,157,164,147,132,13,0,0,2,5,0,43,5,0,24,0,0,27,711,0,20,0,20,0,0,0,0,192,0,0,0,18,0,0,0,0,0,23,0,14,29,0,26,0,0,11,0,18,0,0,0,69,0,17,0,28,0,17,73,13,0,2,0,0,0,0,0,0,0,0,0,0,0,0,40,0,0,0,0,0,48,0,0,0,0,6,11,0,0,14,0,190,14,28,0,0
,840,168,107,120,113,109,3,0,0,0,1,149,65,63,10,15,0,0,29,88,0,37,0,17,0,0,0,0,59,36,0,0,216,229,0,0,0,0,0,0,1,87,0,37,0,0,429,0,15,0,0,0,6,0,0,69,0,0,0,31,78,0,6,0,69,0,0,43,0,0,0,20,0,15,0,19,0,0,0,0,0,0,0,0,0,0,5,15,0,0,14,0,0,6,86,104,0
,845,183,54,84,44,56,30,0,0,0,0,0,88,0,0,18,0,0,14,321,0,33,0,0,0,0,0,0,60,348,0,51,33,0,0,0,0,0,54,0,0,0,0,0,0,0,46,0,0,0,0,0,132,0,0,69,0,0,138,27,13,0,8,0,0,0,0,0,0,0,0,26,0,0,0,22,32,0,25,28,0,0,0,0,0,0,54,7,49,0,0,0,0,0,68,19,34
,850,112,28,80,42,49,363,0,0,0,0,0,102,0,0,62,0,0,88,427,0,33,0,0,0,0,0,0,174,0,0,53,705,0,0,0,0,0,0,0,164,237,0,99,0,0,204,0,41,0,0,0,246,0,0,0,167,0,0,120,147,0,73,52,0,0,0,0,0,0,0,43,0,40,0,20,38,0,0,0,0,0,0,0,53,0,42,61,0,0,0,0,0,46,72,280,0
,,,,,,,,,,,,,,,,,,,,,,,,,,,,,,,,,,,,,,,,,,,,,,,,,,,,,,,,,,,,,,,,,,,,,,,,,,,,,,,,,,,,,,,,,,,,,,,,,
Read 17:EM Spectrum,,,,,,,,,,,,,,,,,,,,,,,,,,,,,,,,,,,,,,,,,,,,,,,,,,,,,,,,,,,,,,,,,,,,,,,,,,,,,,,,,,,,,,,,,,,,,,,,,
,,,,,,,,,,,,,,,,,,,,,,,,,,,,,,,,,,,,,,,,,,,,,,,,,,,,,,,,,,,,,,,,,,,,,,,,,,,,,,,,,,,,,,,,,,,,,,,,,
,Wavelength,A1,A2,A3,A4,A5,A6,A7,A8,A9,A10,A11,A12,B1,B2,B3,B4,B5,B6,B7,B8,B9,B10,B11,B12,C1,C2,C3,C4,C5,C6,C7,C8,C9,C10,C11,C12,D1,D2,D3,D4,D5,D6,D7,D8,D9,D10,D11,D12,E1,E2,E3,E4,E5,E6,E7,E8,E9,E10,E11,E12,F1,F2,F3,F4,F5,F6,F7,F8,F9,F10,F11,F12,G1,G2,G3,G4,G5,G6,G7,G8,G9,G10,G11,G12,H1,H2,H3,H4,H5,H6,H7,H8,H9,H10,H11,H12
,500,1,1,1,1,1,2,2,2,2,2,2,2,3,1,3,2,2,3,45,3,2,2,4,2,3,2,4,3,7,5,4,3,4,6,8,8,5,5,5,9,6,5,7,7,5,10,7,6,7,2,11,6,2,12,14,13,11,8,8,11,10,8,13,0,8,6,7,10,2,5,1,0,10,2,2,10,4,3,23,1,5,4,12,7,3,2,17,9,4,4,47,47,4,14,51,59
,505,1,1,0,1,1,2,2,3,2,2,3,3,4,3,3,2,2,2,75,3,2,3,3,3,2,4,2,3,5,4,4,5,7,5,9,7,4,5,8,6,6,5,11,10,8,6,10,10,5,3,11,11,3,8,10,8,8,13,8,13,8,5,10,0,7,9,6,9,1,11,1,0,15,2,3,11,3,3,17,2,8,4,19,7,5,2,9,14,4,2,110,113,7,16,120,119
,510,1,1,0,0,1,2,4,1,2,3,3,2,3,1,3,2,4,4,155,2,3,3,2,2,3,3,3,2,3,3,4,3,6,5,5,7,3,7,6,6,9,6,12,11,5,5,7,8,5,3,6,8,2,7,8,9,10,11,12,12,13,8,15,1,5,10,6,9,1,6,1,1,13,2,2,10,4,2,28,2,5,9,7,4,5,2,9,8,2,2,228,237,4,11,244,241
,515,1,1,0,1,1,3,2,2,2,2,3,3,2,1,2,3,2,2,404,2,2,3,2,2,2,2,3,4,3,3,5,4,6,3,8,4,3,8,4,8,9,5,10,6,5,9,8,6,9,1,6,5,2,8,10,12,5,10,6,10,10,4,13,1,7,6,6,6,1,5,1,0,15,2,3,7,3,3,15,1,5,6,11,3,3,2,8,8,3,4,593,630,3,12,601,634
,520,1,1,1,0,1,3,2,2,2,1,2,1,5,2,2,2,3,3,867,3,2,2,2,2,4,1,3,4,3,3,3,2,5,3,5,3,5,5,6,4,5,5,11,9,5,9,5,8,6,3,10,8,2,7,11,7,10,8,10,9,10,5,8,1,6,6,8,8,1,8,1,1,9,1,2,10,2,3,17,1,5,3,10,7,6,3,9,7,2,2,1213,1353,3,12,1389,1341
,525,0,1,1,1,1,2,2,1,2,1,3,1,2,1,3,3,3,1,1517,3,2,2,1,2,2,1,3,2,2,3,6,3,3,3,5,6,2,4,3,12,7,8,7,10,8,5,5,4,8,2,9,4,3,10,8,11,11,10,11,5,4,4,12,0,5,6,5,8,1,6,1,0,15,2,2,6,4,2,22,2,5,6,6,6,5,3,10,14,3,4,2144,2361,3,20,2423,2421
,530,1,1,0,1,1,3,2,2,2,2,1,2,3,1,1,3,3,3,2720,2,3,3,2,3,1,2,1,2,4,3,5,4,5,4,6,2,6,4,2,3,7,7,7,4,3,7,5,4,8,1,6,8,2,10,12,6,5,4,9,4,5,6,11,1,6,5,12,4,1,4,1,1,14,2,1,6,4,2,19,1,7,4,12,5,5,2,23,18,4,5,3823,4253,4,35,4397,4165
,535,0,0,0,1,1,2,1,1,1,1,1,2,2,1,1,2,3,3,3926,4,1,3,1,1,1,2,1,3,3,4,2,1,3,4,5,6,6,6,1,6,3,6,4,5,3,8,4,7,7,2,3,4,1,5,12,12,8,16,8,10,4,3,12,0,6,5,8,7,1,4,2,0,13,1,1,7,4,3,14,2,10,10,13,10,7,3,19,16,5,4,5518,6133,9,57,6130,6041
,540,1,0,0,0,1,1,1,2,1,2,1,1,3,1,2,1,1,1,4501,2,2,1,1,1,1,2,3,3,1,4,4,1,3,2,6,2,4,6,1,5,3,4,4,4,6,3,5,3,2,2,8,2,1,4,5,9,2,4,3,3,3,7,9,1,6,7,4,4,1,3,1,0,26,2,2,8,2,3,17,1,14,12,26,14,7,4,33,21,6,8,6341,6979,9,76,7103,7038
,545,1,0,1,1,1,1,1,1,2,1,2,0,1,0,1,1,1,1,4804,1,2,1,2,2,0,1,2,1,4,2,3,3,4,1,3,5,5,6,2,7,2,3,8,7,2,7,2,7,2,2,4,3,2,9,5,8,3,8,8,8,4,7,10,0,6,4,4,7,1,4,1,1,15,2,1,12,5,3,18,2,15,14,30,18,12,7,37,36,8,8,6447,7217,12,98,7054,6986
,550,0,0,0,0,0,1,2,1,1,4,2,2,3,1,0,1,2,1,4284,3,2,2,0,1,0,2,2,1,4,3,3,4,4,1,3,2,2,2,5,7,2,3,7,6,2,2,7,2,2,2,5,0,0,4,6,9,2,8,2,3,4,7,10,1,6,4,4,5,1,5,1,0,28,4,2,15,4,4,23,1,19,19,44,19,14,7,58,42,10,11,5681,6335,17,94,6257,6288
,555,1,0,0,0,0,1,1,1,1,1,1,1,1,1,1,2,1,1,3134,2,2,2,3,3,2,3,2,1,1,1,2,2,3,2,5,3,1,3,3,4,5,5,6,4,3,3,7,6,12,1,5,2,1,3,5,6,4,6,6,7,5,4,6,0,6,9,8,9,2,11,2,1,31,4,3,17,5,4,33,2,25,21,46,23,15,10,55,45,12,13,4511,4813,18,95,4653,4579
,560,0,0,0,0,0,1,2,0,1,1,1,1,1,2,1,1,1,2,2131,1,1,1,1,1,1,1,1,1,1,2,2,1,2,2,4,2,1,2,1,4,2,4,6,4,1,3,4,5,4,1,4,4,1,6,7,6,7,8,9,6,13,8,12,1,8,11,11,12,3,14,3,1,33,4,4,20,5,5,27,2,25,21,45,26,14,9,55,48,11,13,2797,3177,16,77,3106,3063
,565,0,0,0,0,0,2,1,1,1,1,1,1,1,1,2,1,2,1,1416,1,3,1,0,1,2,0,0,1,2,2,2,1,2,2,2,1,2,4,2,3,3,8,4,3,4,4,4,3,5,1,10,3,1,6,10,8,11,10,11,10,11,11,19,1,13,17,20,17,3,18,3,1,35,4,5,18,5,4,27,2,22,19,42,20,14,8,51,38,10,11,1940,2175,16,66,2105,2146
,570,0,0,1,0,1,1,1,1,2,1,1,0,1,1,1,1,1,1,900,1,1,1,1,1,1,1,1,1,1,1,1,1,2,2,3,2,2,3,2,4,3,3,4,4,3,5,5,4,8,2,7,4,2,10,9,20,15,15,18,16,18,17,27,2,18,22,23,24,5,21,3,2,32,4,6,22,4,4,33,1,21,16,37,17,14,8,39,43,9,12,1239,1445,15,49,1374,1348
,575,0,0,0,0,0,1,1,2,1,1,1,0,1,1,1,1,1,1,506,1,1,1,2,1,0,1,0,1,1,4,2,1,2,1,3,2,2,3,2,4,4,4,5,4,4,5,4,6,14,2,11,8,3,15,18,22,35,25,29,28,29,25,44,3,24,32,29,29,6,22,4,2,27,3,7,13,5,3,20,1,16,11,27,13,9,6,33,26,7,7,729,835,10,32,828,801
,580,0,0,0,0,0,1,1,0,1,1,0,0,1,0,0,1,1,1,306,1,1,1,1,3,1,0,0,0,1,4,1,3,2,1,8,3,3,3,3,5,7,4,6,7,8,8,7,8,23,4,16,15,5,26,30,37,46,54,51,47,47,34,61,3,31,38,32,32,6,23,3,2,22,3,6,13,3,3,17,1,13,9,20,10,6,5,24,16,5,8,412,457,8,20,452,459
,585,0,0,0,0,0,0,0,0,1,1,0,0,1,0,0,0,1,3,178,1,1,1,0,1,0,0,0,1,1,1,1,3,3,1,4,3,8,4,4,6,12,7,11,10,14,15,11,15,45,9,34,28,9,48,53,67,74,74,76,77,74,41,77,4,33,41,33,31,6,20,3,1,15,2,5,9,2,2,12,1,8,6,13,7,5,3,24,23,4,4,221,261,6,15,251,249
,590,0,0,0,0,0,1,0,1,1,0,0,0,1,0,1,1,1,1,110,1,1,1,0,1,0,0,0,1,1,2,1,1,2,1,5,4,6,7,12,8,18,12,17,19,21,23,19,26,71,11,56,49,16,74,82,99,98,101,101,106,92,46,77,4,32,40,32,27,5,19,2,1,12,2,4,7,2,2,11,1,7,4,8,6,5,3,23,9,3,3,148,163,4,11,162,170
,595,0,0,0,0,0,1,0,0,1,1,0,0,1,0,0,1,0,1,72,1,1,0,0,0,0,1,0,0,4,1,1,0,2,5,9,6,7,10,10,12,31,21,27,26,38,37,33,43,108,19,87,82,27,108,120,129,123,126,117,130,109,44,79,4,31,34,27,22,4,15,2,1,12,1,4,6,2,2,9,1,5,4,6,5,3,2,10,9,2,2,106,112,4,9,104,112
,600,0,0,0,0,0,1,0,0,1,1,1,0,1,0,0,0,1,1,44,1,1,1,0,1,1,0,0,0,2,1,2,1,4,1,15,11,13,19,21,22,63,41,46,54,73,71,59,84,146,32,135,129,35,155,161,162,138,153,124,147,115,39,72,4,26,28,22,17,3,9,1,1,6,1,3,4,1,3,6,1,4,3,3,4,4,2,9,8,1,1,58,63,3,9,59,64
,605,0,0,0,0,0,1,0,0,0,1,0,0,1,0,0,0,0,1,27,3,1,1,0,1,0,1,0,1,2,2,2,1,5,3,28,20,25,35,41,43,115,75,101,98,142,139,111,149,195,49,198,179,49,201,193,190,144,151,122,151,116,32,55,3,19,21,16,17,2,7,1,0,9,1,2,3,1,1,6,0,3,1,3,3,2,3,6,3,1,2,35,38,5,6,37,43
,610,0,0,0,0,0,0,0,0,0,0,0,2,1,2,0,1,0,3,20,1,1,1,0,1,1,0,0,1,3,2,2,1,8,7,44,34,46,59,72,72,181,128,161,161,211,202,188,225,206,63,246,218,53,229,201,191,134,148,123,139,101,25,49,2,16,17,12,9,1,5,1,0,5,1,1,3,1,1,6,0,4,2,2,3,3,1,2,1,1,0,36,25,2,4,27,31
,615,0,0,0,0,0,1,0,0,0,0,0,0,1,0,0,2,0,1,15,1,1,1,1,1,0,0,0,2,3,2,3,6,14,5,77,57,75,101,126,120,271,201,229,257,296,302,270,315,211,75,266,245,57,228,200,177,115,134,97,132,81,20,36,2,11,12,9,7,1,5,1,0,3,1,3,2,0,1,2,1,3,1,1,1,2,1,3,3,0,1,19,19,1,7,19,25
,620,0,0,0,0,0,1,0,0,0,0,0,0,0,0,0,1,0,1,14,1,4,1,1,1,1,1,4,2,5,5,6,5,26,10,134,102,127,179,204,208,383,310,341,358,391,392,360,412,196,82,269,256,56,208,176,161,94,114,82,106,63,14,28,1,9,10,7,5,0,3,1,0,2,2,1,3,0,1,5,0,1,0,0,3,1,1,2,1,1,1,14,15,1,2,14,20
,625,0,0,0,0,0,0,0,0,0,1,1,0,1,0,0,0,1,1,13,1,2,2,1,3,3,2,3,5,11,9,9,8,43,14,236,179,222,290,329,328,486,449,478,482,472,478,457,488,166,83,256,234,49,183,147,123,71,78,58,80,56,10,19,1,8,7,5,4,0,5,1,0,0,2,1,2,0,2,2,0,2,0,0,1,1,1,1,3,4,1,12,7,0,0,6,14
,630,0,0,0,0,0,1,1,0,1,1,0,0,1,0,2,1,1,1,10,3,3,4,3,4,5,4,7,8,21,19,20,15,79,30,377,299,370,439,481,471,561,562,549,542,497,518,509,510,131,76,220,196,42,151,120,92,49,59,43,62,37,8,12,1,5,6,4,4,0,2,0,0,2,1,1,2,0,0,1,0,2,5,0,2,1,2,1,0,1,3,9,6,1,1,4,15
,635,0,0,0,0,0,1,1,2,3,1,1,0,2,0,1,1,1,1,7,3,4,5,5,7,10,5,11,12,32,26,25,23,127,42,503,418,498,588,587,584,589,616,603,576,504,513,523,516,118,68,192,175,34,120,96,78,39,48,33,46,31,6,11,0,4,5,4,10,0,10,1,0,0,1,1,2,1,0,1,0,3,0,0,2,1,1,0,14,0,1,8,3,0,2,9,11
,640,0,0,0,0,0,1,0,0,2,1,1,1,3,1,1,2,2,2,8,5,7,8,9,12,16,8,20,21,53,41,42,41,202,70,644,566,623,677,685,662,584,640,610,575,477,461,483,465,82,57,161,138,27,94,71,56,30,34,26,34,22,6,10,0,9,3,4,2,0,2,0,0,0,0,0,2,0,0,0,0,2,0,0,1,1,1,1,0,1,1,8,3,6,2,8,14
,645,0,0,0,1,0,2,1,1,2,2,2,2,3,1,2,3,6,3,8,9,11,13,15,19,26,15,37,35,90,70,69,71,321,123,764,693,745,755,716,719,556,607,560,523,417,420,439,401,61,44,116,112,18,67,51,45,20,21,17,25,28,5,5,0,4,2,1,2,0,1,0,0,2,0,3,1,0,1,0,0,3,0,0,2,2,3,2,0,0,0,9,3,0,0,3,11
,650,0,0,0,0,0,4,2,1,4,3,5,4,7,2,4,5,5,5,5,16,18,28,29,34,49,28,57,64,160,131,128,123,507,201,829,781,788,779,716,700,481,552,489,447,341,334,368,327,45,32,79,72,15,48,37,33,29,19,14,19,10,3,3,1,5,2,2,1,0,2,0,0,0,0,1,1,0,0,0,0,1,0,0,0,1,1,0,0,0,0,3,5,0,0,2,11
,655,1,0,0,0,0,5,3,3,4,8,7,7,11,4,7,9,8,11,6,25,29,37,45,58,75,44,91,105,254,196,196,193,630,309,789,806,790,741,657,658,420,485,430,385,283,267,317,262,28,25,62,51,9,37,32,23,13,13,10,11,12,4,4,0,3,1,0,2,0,0,1,0,1,0,1,1,0,0,2,0,1,0,0,0,2,1,1,0,0,0,5,1,0,0,1,7
,660,0,1,0,0,1,7,5,4,7,8,10,10,17,6,11,12,13,13,8,39,44,55,69,83,118,70,138,160,351,280,281,280,747,422,737,783,733,664,604,574,366,417,343,300,233,211,253,222,22,18,46,38,8,27,25,19,5,12,4,6,8,1,4,0,1,0,0,0,0,2,0,0,0,0,4,2,0,0,2,0,0,0,0,2,1,0,0,0,1,0,10,0,1,1,4,13
,665,1,1,0,0,1,14,6,7,12,13,16,18,25,11,19,21,21,20,5,62,71,91,116,129,178,109,210,240,482,406,412,404,847,555,659,714,670,591,519,489,293,327,293,235,180,165,188,165,19,14,35,29,6,22,27,14,5,9,3,16,19,1,2,0,2,0,2,0,0,3,1,0,0,0,1,12,0,0,0,0,0,0,0,1,1,1,0,14,0,0,1,0,0,0,10,15
,670,1,1,1,1,1,21,12,13,21,22,27,32,48,20,33,35,34,33,6,107,121,151,188,215,277,181,320,369,632,551,559,551,852,689,545,618,559,459,385,382,231,252,208,168,129,114,141,120,12,9,25,20,4,18,15,13,6,7,3,4,1,3,2,0,3,1,2,0,0,3,1,1,0,0,0,0,0,1,2,0,1,0,0,1,2,1,0,0,0,0,0,0,0,0,0,11
,675,2,3,2,1,3,36,19,23,33,35,43,50,67,33,53,55,56,54,31,167,178,229,263,298,364,253,405,492,725,667,669,663,782,746,456,537,446,378,301,287,159,196,160,135,97,86,106,88,5,6,19,18,4,10,12,11,5,6,16,3,1,3,1,0,1,0,2,1,0,3,0,0,0,1,1,14,0,0,1,0,2,0,0,0,1,5,0,0,1,5,8,0,0,0,5,13
,680,3,3,3,3,3,55,31,33,50,54,67,82,104,52,84,88,86,83,11,250,263,328,358,378,451,348,489,597,755,734,758,707,701,758,359,440,342,300,224,232,125,145,126,110,67,67,84,58,7,5,14,23,2,9,24,7,0,2,0,0,0,4,0,0,2,0,0,2,0,0,0,0,0,0,0,0,0,0,12,0,1,0,0,0,3,2,0,0,1,0,34,0,0,0,0,10
,685,5,5,4,3,5,86,45,55,84,86,103,127,167,79,141,137,135,126,6,339,363,423,448,465,543,459,551,676,747,746,759,738,600,737,287,352,277,240,170,168,88,105,84,72,52,46,60,50,3,3,9,7,6,9,6,5,0,2,0,0,18,3,0,0,4,1,1,0,0,2,1,0,0,0,1,1,0,0,0,0,2,0,0,1,0,1,2,0,0,0,3,0,0,0,0,6
,690,11,8,7,7,9,133,72,82,129,133,162,195,252,132,203,219,211,203,7,453,469,527,528,524,562,538,565,716,713,729,732,692,486,654,209,277,203,166,136,131,66,77,68,58,39,37,49,33,0,2,12,9,1,28,8,3,0,0,0,1,0,0,0,0,15,0,0,0,0,1,0,0,0,1,0,1,0,0,0,0,0,0,0,1,1,2,3,0,0,0,4,0,0,0,0,45
,695,15,13,12,13,14,216,116,139,207,225,264,318,416,210,340,347,343,323,6,583,576,618,573,563,558,605,533,704,607,634,639,623,370,559,152,199,145,122,85,96,47,54,50,37,27,27,32,46,4,1,4,22,0,6,5,6,0,0,0,0,4,3,0,0,2,0,4,0,0,1,1,0,0,1,1,5,0,0,0,0,2,0,0,0,0,1,33,0,0,1,9,0,0,0,3,10
,700,23,20,20,19,22,339,185,224,323,344,414,466,599,337,502,501,522,485,7,675,630,662,588,551,515,620,484,639,517,548,570,529,269,441,112,144,115,92,66,70,41,37,40,31,24,18,22,23,2,3,3,0,0,12,2,20,0,4,0,1,0,4,0,0,3,0,1,0,0,0,0,0,0,1,1,0,0,0,28,0,0,0,0,2,2,2,0,0,0,0,0,0,0,0,0,9
,705,35,32,28,30,32,501,282,335,489,499,597,679,790,473,730,729,701,703,8,703,659,635,546,511,447,591,420,568,420,448,479,431,212,349,81,115,96,71,53,56,26,28,33,25,15,13,24,13,1,0,4,0,0,5,8,0,0,0,0,0,0,2,0,0,5,25,0,1,0,4,1,1,0,1,1,0,1,0,4,0,1,0,0,0,4,1,0,0,0,0,6,5,0,2,4,16
,710,53,47,45,45,49,677,408,470,684,706,798,886,991,681,954,929,897,927,4,661,604,596,483,416,369,511,324,455,305,338,362,323,151,259,62,81,61,44,38,37,24,18,22,19,10,10,19,11,0,2,4,0,0,0,8,24,0,0,3,0,0,1,0,0,3,0,3,1,0,2,1,0,0,0,0,0,0,5,0,0,1,0,0,1,1,1,0,0,1,0,47,0,0,0,0,8
,715,78,74,73,71,75,952,611,708,961,965,1051,1126,1170,945,1203,1161,1121,1178,11,579,492,461,364,307,258,400,224,315,200,235,250,208,94,171,39,45,40,35,18,31,11,15,16,15,10,5,11,2,0,1,2,0,0,0,2,0,0,0,0,0,0,2,0,0,15,0,1,0,0,2,1,0,0,2,1,1,0,0,33,0,1,0,0,0,0,2,0,0,1,0,0,0,0,0,1,59
,720,119,108,102,106,108,1173,796,941,1216,1216,1258,1288,1242,1143,1377,1280,1255,1343,17,481,412,372,269,233,196,302,165,245,145,170,177,158,69,122,36,39,24,22,14,26,9,8,13,11,5,9,13,3,0,0,3,0,1,2,2,28,4,1,0,0,2,1,0,0,0,1,1,0,0,4,0,0,0,2,0,1,0,0,2,3,3,0,0,1,4,1,0,0,1,0,10,0,0,0,3,19
,725,171,150,146,153,160,1395,1057,1186,1461,1438,1403,1408,1310,1372,1513,1387,1320,1479,16,424,350,309,224,179,147,249,134,182,111,134,131,127,54,96,30,28,19,16,7,22,8,21,9,30,7,5,3,7,0,0,7,0,0,0,9,3,0,2,2,0,0,3,0,0,18,0,1,0,0,1,3,0,0,0,1,0,0,0,3,0,0,0,0,2,2,2,0,0,0,7,5,32,0,0,0,17
,730,246,227,219,224,225,1654,1339,1473,1683,1658,1533,1514,1316,1542,1595,1502,1393,1628,0,353,281,246,176,147,115,198,94,145,89,98,104,92,56,73,21,21,13,14,9,19,6,9,9,10,2,6,14,1,0,0,2,24,0,0,8,2,0,0,0,0,1,2,0,0,1,1,2,0,0,3,1,0,0,1,1,0,0,1,0,0,0,0,0,0,2,2,0,0,0,0,38,2,10,45,2,20
,735,373,329,324,338,340,1867,1684,1784,1876,1834,1626,1512,1269,1735,1614,1488,1390,1646,7,299,222,201,133,115,102,151,72,113,67,76,82,69,28,53,17,33,15,10,5,17,0,7,10,9,3,5,9,5,0,0,0,0,0,6,9,0,0,0,0,0,0,21,0,0,3,1,2,2,0,5,0,0,0,1,1,0,0,0,1,0,3,0,0,2,0,3,0,1,1,0,8,4,0,0,3,19
,740,589,517,498,514,530,1812,1978,1997,1912,1842,1566,1414,1123,1749,1471,1310,1210,1490,14,205,159,135,88,76,61,101,51,79,44,54,58,54,27,38,18,15,9,4,0,19,0,1,11,10,0,1,6,0,0,0,0,0,1,0,6,1,0,6,0,0,0,3,0,0,5,15,1,0,0,2,2,0,39,7,8,0,0,0,0,0,24,0,0,1,3,2,0,0,0,0,13,0,0,0,0,9
,745,822,726,702,726,744,1720,2056,2033,1855,1777,1436,1256,928,1629,1393,1159,1095,1371,14,158,126,108,67,62,44,79,32,56,33,42,42,35,22,30,17,10,10,8,0,14,0,25,12,2,0,0,10,0,0,0,2,0,1,2,9,3,0,0,0,0,0,0,0,0,3,3,1,4,0,4,1,0,0,1,2,0,2,0,0,1,4,0,0,0,2,3,0,0,0,0,7,0,0,0,6,24
,750,1119,967,947,979,988,1567,2073,1996,1706,1611,1229,1059,770,1495,1146,999,924,1181,16,125,90,82,51,47,37,58,27,44,24,37,32,25,18,22,15,11,1,1,1,17,3,0,6,4,0,2,6,7,0,0,0,0,0,0,2,7,0,0,0,0,0,1,5,0,2,2,1,1,0,1,0,0,0,1,1,39,0,0,0,0,3,0,0,1,3,4,0,0,2,0,4,1,0,0,61,18
,755,1477,1291,1254,1277,1294,1305,1853,1763,1434,1331,965,823,584,1211,885,743,662,920,11,78,65,59,37,42,21,39,16,24,15,26,18,16,10,16,12,6,0,1,0,12,34,0,8,42,2,0,4,0,0,0,0,0,0,0,16,1,0,3,0,0,0,4,0,0,6,0,1,0,0,7,0,0,0,1,11,2,0,0,0,0,0,0,0,0,7,1,0,0,17,0,0,0,0,0,0,28
,760,1929,1654,1574,1650,1679,1040,1603,1501,1172,1077,754,651,437,960,671,577,508,713,35,80,53,38,29,19,15,29,11,21,17,17,23,12,18,14,8,6,0,4,0,15,0,0,9,0,0,2,15,41,0,0,7,0,0,0,9,6,0,0,0,0,0,7,0,0,8,5,0,0,0,1,2,0,0,3,1,0,0,0,0,1,0,0,0,2,2,3,2,0,2,0,38,6,25,0,6,41
,765,2309,1984,1900,1995,2019,813,1306,1185,857,795,563,454,300,734,465,415,367,499,26,43,56,29,8,19,5,36,7,12,12,16,5,8,13,12,23,2,0,8,0,17,0,0,7,4,0,9,0,0,0,0,0,0,0,0,12,3,0,0,0,0,0,2,0,0,4,6,1,0,0,0,0,1,0,1,3,6,2,0,0,0,2,34,57,0,0,2,0,0,2,0,18,0,0,0,1,31
,770,2577,2226,2137,2179,2213,592,1059,946,659,629,419,336,224,561,354,320,273,368,47,50,25,36,6,15,6,9,0,11,12,10,5,6,9,9,10,5,4,0,0,16,0,4,8,53,5,1,0,0,0,0,0,40,0,19,9,12,0,0,73,0,0,0,0,0,8,3,0,56,0,0,2,0,3,3,0,3,0,2,0,8,1,0,0,0,3,5,0,0,27,0,0,0,0,0,1,22
,775,2741,2347,2227,2335,2332,470,837,748,517,475,327,268,169,424,279,231,199,286,25,25,29,21,12,39,4,7,0,8,7,11,12,7,15,6,16,0,0,1,0,24,0,11,7,0,0,3,5,49,73,0,0,0,1,1,5,0,0,0,14,0,7,3,0,0,12,19,3,1,0,3,2,0,0,3,2,0,0,0,0,5,0,0,0,0,6,5,0,0,2,0,24,0,0,0,8,31
,780,2712,2271,2181,2285,2284,331,625,535,389,333,217,178,125,286,190,153,136,191,5,16,19,19,0,0,35,0,0,8,3,6,4,0,0,0,8,0,0,4,0,21,0,0,0,6,0,4,13,0,0,0,0,0,0,0,1,0,0,0,0,0,0,8,0,0,11,2,0,0,0,4,2,0,0,3,6,4,0,0,0,0,0,0,0,10,7,1,0,0,2,0,19,0,0,0,24,38
,785,2534,2132,1996,2053,2061,222,437,379,256,229,156,115,89,207,136,111,93,137,6,14,13,12,0,3,0,1,0,2,3,7,0,0,9,12,18,2,0,4,4,23,0,0,19,20,0,0,0,0,0,0,0,0,0,0,20,10,37,0,0,0,0,10,0,0,14,0,16,0,0,6,2,0,0,5,8,0,26,0,0,0,7,0,0,0,5,4,0,0,2,0,38,0,45,0,13,25
,790,2289,1843,1770,1826,1820,168,337,261,182,170,109,84,62,159,104,71,76,95,19,8,16,7,0,0,2,0,0,0,5,0,2,45,1,0,12,1,0,0,0,27,8,0,14,7,0,0,0,3,0,24,0,0,0,4,15,119,0,0,0,0,97,22,0,1,13,0,2,0,0,16,2,0,0,5,5,0,0,0,0,2,8,0,0,13,14,7,0,0,33,1,49,0,0,0,14,45
,795,1995,1595,1508,1584,1597,126,244,236,135,129,91,60,51,110,67,72,47,69,35,4,42,2,0,0,0,0,0,7,5,5,12,0,7,9,17,4,0,0,0,28,6,0,0,85,0,14,24,0,0,0,0,81,0,5,14,2,0,0,0,0,0,0,0,7,0,3,11,4,0,10,7,0,0,4,4,17,0,0,0,0,14,0,0,12,6,7,0,0,5,0,39,2,0,0,35,48
,800,1650,1297,1236,1256,1295,102,171,142,113,83,67,42,80,63,49,45,31,55,22,2,2,3,0,0,0,0,0,2,0,8,0,0,6,5,16,5,2,0,0,18,89,0,119,0,0,0,16,0,0,0,5,94,1,12,21,23,0,0,99,0,0,0,0,0,10,3,0,0,0,0,2,0,0,2,4,3,0,0,0,0,0,0,0,13,7,8,0,0,0,0,37,263,0,0,17,68
,805,1223,934,902,912,926,51,105,88,69,53,42,24,23,43,22,28,21,27,24,5,6,7,0,0,0,1,0,0,1,0,0,0,8,1,50,7,0,0,0,19,0,0,15,8,0,2,11,0,0,0,0,0,0,2,20,135,0,0,0,0,0,14,0,0,10,0,13,0,0,7,2,0,1,5,2,0,0,0,0,0,0,52,0,0,1,5,0,0,41,0,28,0,0,0,0,87
,810,943,735,677,689,720,72,106,66,37,41,21,15,28,30,17,19,14,29,57,7,9,47,0,0,0,0,0,0,0,5,6,0,1,6,16,0,0,0,0,34,0,0,10,0,0,15,0,0,0,0,0,0,0,0,17,0,0,0,0,0,0,7,0,0,16,0,0,7,0,0,2,0,0,5,5,0,0,0,5,4,46,0,0,0,6,8,0,0,5,0,0,0,13,0,7,49
,815,725,553,523,545,551,43,63,57,36,32,28,11,17,22,15,23,10,17,9,5,12,0,1,4,0,0,30,0,0,2,6,0,25,16,12,0,0,1,0,46,0,0,17,0,0,16,0,126,0,0,0,0,0,0,14,0,0,0,0,0,0,0,0,0,5,1,0,0,0,5,3,0,0,3,7,0,0,0,0,0,0,0,0,0,0,10,0,0,0,0,21,0,0,0,0,67
,820,547,404,397,395,396,25,43,19,29,18,15,0,0,2,22,23,7,13,53,0,9,0,0,0,0,0,0,0,0,6,5,53,4,1,10,0,0,0,0,26,0,0,8,0,0,3,11,0,0,0,0,0,0,12,12,8,0,0,0,0,0,12,0,0,13,0,0,0,0,6,2,0,0,5,4,0,2,0,0,0,31,0,0,6,9,9,0,0,11,0,0,0,0,0,32,114
,825,390,298,270,283,290,21,27,21,15,19,6,0,25,0,18,7,0,18,73,49,13,2,0,0,0,0,0,0,0,0,16,0,25,0,5,0,0,6,0,47,0,0,0,22,190,0,4,0,0,0,0,0,0,3,42,22,0,0,0,0,0,0,24,0,27,1,5,0,0,11,3,1,0,3,0,0,0,0,0,0,0,0,0,2,0,5,0,0,0,0,54,0,0,0,0,489
,830,270,204,192,197,205,27,9,2,4,0,0,58,107,0,7,7,7,9,83,21,35,14,0,3,0,0,0,1,0,0,11,0,17,0,21,0,0,151,0,55,0,0,7,18,0,0,0,0,0,0,0,0,0,18,40,0,0,0,0,0,0,23,0,0,30,1,11,0,0,5,2,0,0,0,15,7,0,0,0,34,0,0,0,10,18,17,0,0,0,0,59,0,0,0,445,70
,835,214,170,164,132,147,22,7,0,8,0,3,0,0,0,0,29,0,6,99,21,21,0,56,0,0,0,0,0,0,28,11,0,13,36,55,0,0,0,160,34,0,0,291,16,0,0,0,0,0,0,0,0,0,0,24,0,0,7,0,0,0,0,0,0,5,0,0,19,0,0,4,0,0,2,14,2,0,12,0,0,0,0,0,8,20,31,0,0,0,0,49,0,0,0,50,186
,840,161,139,102,91,134,24,13,0,23,151,1,0,63,0,5,13,0,0,431,15,14,0,0,1,0,0,0,0,0,0,10,240,3,3,0,0,0,0,0,148,0,0,14,57,0,81,0,2,0,0,0,0,0,0,51,0,0,26,0,0,0,84,0,0,50,0,0,0,0,36,15,2,0,8,21,0,0,0,0,0,0,0,0,67,54,41,0,0,5,53,117,0,0,0,462,349
,845,94,86,64,32,89,0,7,0,13,12,0,0,49,0,249,0,0,286,198,24,23,6,0,0,0,0,0,0,26,29,37,0,0,46,130,0,0,40,0,178,0,0,40,0,0,0,19,0,0,0,0,0,0,83,82,0,0,0,0,0,103,0,0,0,26,57,0,0,49,0,49,0,0,34,44,5,3,29,0,5,0,0,0,6,28,62,0,0,48,0,0,0,0,0,349,37
,850,88,88,182,176,17,0,0,0,42,0,0,0,10,0,0,0,58,0,330,7,0,0,0,0,0,0,0,4,0,0,0,0,296,179,140,34,0,0,0,241,0,49,157,34,0,0,93,0,0,293,0,0,228,0,0,0,0,0,0,0,0,74,0,75,68,65,60,0,0,47,21,48,0,36,0,9,6,0,0,0,54,0,0,0,15,41,0,0,0,0,73,0,0,0,0,949
,,,,,,,,,,,,,,,,,,,,,,,,,,,,,,,,,,,,,,,,,,,,,,,,,,,,,,,,,,,,,,,,,,,,,,,,,,,,,,,,,,,,,,,,,,,,,,,,,
Read 18:EM Spectrum,,,,,,,,,,,,,,,,,,,,,,,,,,,,,,,,,,,,,,,,,,,,,,,,,,,,,,,,,,,,,,,,,,,,,,,,,,,,,,,,,,,,,,,,,,,,,,,,,
,,,,,,,,,,,,,,,,,,,,,,,,,,,,,,,,,,,,,,,,,,,,,,,,,,,,,,,,,,,,,,,,,,,,,,,,,,,,,,,,,,,,,,,,,,,,,,,,,
,Wavelength,A1,A2,A3,A4,A5,A6,A7,A8,A9,A10,A11,A12,B1,B2,B3,B4,B5,B6,B7,B8,B9,B10,B11,B12,C1,C2,C3,C4,C5,C6,C7,C8,C9,C10,C11,C12,D1,D2,D3,D4,D5,D6,D7,D8,D9,D10,D11,D12,E1,E2,E3,E4,E5,E6,E7,E8,E9,E10,E11,E12,F1,F2,F3,F4,F5,F6,F7,F8,F9,F10,F11,F12,G1,G2,G3,G4,G5,G6,G7,G8,G9,G10,G11,G12,H1,H2,H3,H4,H5,H6,H7,H8,H9,H10,H11,H12
,500,1,1,1,1,1,3,3,3,2,3,3,3,3,3,2,2,4,2,41,2,4,2,2,3,3,2,4,2,5,5,3,5,5,5,5,8,6,9,9,6,10,4,4,6,8,5,9,7,7,10,10,3,7,12,10,12,6,12,9,1,4,7,2,6,14,15,4,2,2,3,21,7,2,3,2,3,1,3,4,3,1,10,3,8,4,1,0,1,9,7,53,58,8,3,53,55
,505,1,1,1,1,1,2,2,2,2,2,3,2,3,2,3,2,3,3,83,4,4,4,3,3,4,3,3,4,5,4,5,4,6,4,4,8,6,8,7,9,7,3,6,6,6,9,8,8,7,10,10,6,11,11,9,11,6,6,12,1,5,7,4,5,9,8,5,2,2,6,9,12,1,3,2,4,1,4,4,3,1,15,2,13,5,1,0,1,4,5,109,128,7,6,120,136
,510,1,1,1,1,1,2,2,2,2,3,2,2,2,1,2,2,4,2,168,2,3,4,3,2,4,2,4,2,6,3,3,3,6,3,7,5,8,9,5,6,10,3,5,6,10,4,7,4,8,6,10,4,5,7,8,11,7,6,11,1,14,5,1,6,12,14,4,2,2,3,8,6,1,4,1,4,1,4,4,4,1,11,2,7,5,1,0,1,6,8,231,253,8,3,264,254
,515,1,1,1,1,1,3,1,2,2,1,2,3,3,1,3,2,3,2,426,2,3,3,2,2,3,3,3,4,4,5,4,5,5,2,4,7,5,5,7,9,6,5,6,6,10,8,4,4,9,9,6,3,6,11,8,7,9,11,12,1,9,6,1,7,9,9,4,1,2,4,13,9,1,2,1,4,1,3,4,4,1,16,2,5,6,1,0,1,4,4,605,644,8,4,673,669
,520,1,1,1,1,1,3,2,1,2,2,2,3,1,2,1,3,2,2,898,2,2,3,3,2,3,3,2,3,4,5,4,4,5,5,4,7,7,4,7,8,9,3,7,8,10,8,7,7,5,5,10,5,10,6,12,10,9,10,11,1,9,6,3,4,12,7,6,2,1,4,8,8,1,3,2,2,1,3,3,4,1,17,3,13,4,1,0,1,7,7,1308,1402,5,4,1463,1415
,525,1,1,1,1,1,3,1,2,2,2,1,2,1,1,1,3,3,1,1580,2,2,1,3,2,2,3,4,3,5,4,3,2,5,4,3,8,4,8,7,5,6,4,4,5,9,4,4,7,7,8,6,2,4,10,11,6,4,6,12,1,3,6,1,6,11,13,4,1,1,3,11,5,1,2,2,4,1,3,4,3,1,15,2,12,5,1,0,1,5,6,2295,2521,9,7,2475,2511
,530,1,1,0,0,1,1,1,2,1,1,2,1,3,1,2,2,4,3,2816,3,1,4,3,3,4,1,1,3,3,3,4,2,4,2,5,5,4,7,7,8,5,2,5,6,10,7,2,3,11,8,5,5,15,6,7,4,4,12,5,0,2,4,1,4,5,12,3,1,1,2,11,3,2,3,1,2,1,2,3,2,1,19,2,9,4,1,0,1,6,8,4096,4580,10,11,4498,4492
,535,1,0,0,1,1,1,2,1,2,1,1,1,2,1,2,3,2,2,4067,3,1,2,3,3,1,1,3,3,4,2,3,2,2,4,5,3,3,3,4,7,4,2,2,7,5,6,2,5,7,4,14,4,4,4,6,4,7,9,5,1,1,3,2,3,5,13,5,1,1,3,7,5,2,2,1,4,1,4,4,4,2,28,3,25,6,2,1,2,9,10,5868,6428,9,14,6411,6434
,540,0,0,0,0,1,1,2,1,1,2,2,2,2,1,2,2,1,1,4821,1,1,2,2,1,3,4,1,5,4,2,3,1,4,4,2,3,6,4,3,6,4,2,2,6,5,5,2,6,7,7,3,2,3,9,9,8,3,4,10,0,1,3,1,3,5,7,4,1,2,2,6,8,1,4,1,3,1,4,4,3,2,32,5,25,9,3,1,2,13,16,6724,7639,13,20,7431,7427
,545,0,0,0,1,0,1,1,2,1,1,1,2,0,2,0,2,3,2,5001,1,3,0,2,1,1,2,3,1,2,4,1,3,4,3,1,2,9,6,2,6,8,4,4,6,9,1,5,5,3,3,3,1,3,9,4,3,6,10,4,1,1,4,1,3,10,12,4,1,2,2,8,6,2,5,2,5,1,3,3,5,3,42,8,46,10,3,1,3,17,16,6822,7692,20,27,7491,7427
,550,1,1,0,1,1,0,1,0,2,1,0,1,2,2,1,0,1,2,4404,1,1,1,2,3,3,2,1,2,2,2,1,1,0,3,4,1,2,3,6,2,13,3,4,5,5,5,4,4,2,6,7,4,7,3,8,7,0,2,8,1,7,6,2,3,10,13,4,1,2,5,20,11,3,5,2,7,1,5,6,5,3,61,9,58,16,4,1,4,24,20,6101,6939,25,29,6709,6664
,555,0,1,0,0,0,1,1,1,1,1,1,2,1,1,0,1,2,2,3263,1,1,1,1,1,2,1,2,1,3,1,2,1,2,2,3,3,3,3,3,4,6,3,3,2,6,3,4,3,4,3,11,2,5,4,6,4,13,6,8,1,4,5,2,10,10,11,6,2,2,6,24,13,4,6,3,7,1,5,6,5,4,61,11,62,17,4,1,5,25,25,4543,5096,32,27,4992,4852
,560,0,0,0,1,0,3,1,1,1,1,1,1,0,1,1,2,1,1,2142,3,2,1,1,4,1,1,1,0,2,3,1,1,1,2,6,2,3,3,3,4,10,4,2,4,5,1,3,3,5,3,4,2,4,7,8,8,13,8,10,1,4,8,3,8,17,20,9,4,5,8,36,19,5,8,3,8,2,8,6,6,4,61,10,65,16,4,1,4,24,24,3155,3381,26,23,3192,3251
,565,0,0,0,0,0,1,0,1,1,1,1,3,0,1,0,2,1,1,1435,1,2,0,1,1,2,2,2,0,2,2,1,3,2,2,2,2,3,3,3,3,5,2,2,4,4,1,9,4,6,5,6,3,5,6,9,9,9,11,13,2,9,12,4,12,23,28,10,4,7,9,43,25,4,6,4,7,2,7,5,5,4,61,11,56,15,4,1,4,25,21,2113,2326,24,18,2171,2248
,570,0,0,0,0,0,1,0,1,1,1,1,2,1,1,0,1,1,1,902,1,1,0,1,1,2,0,1,1,2,2,1,1,1,2,2,2,3,3,3,4,6,2,2,4,7,3,3,3,8,12,9,4,8,10,12,15,14,17,23,2,16,15,6,20,36,38,16,5,8,13,51,28,4,6,5,7,1,5,5,4,4,45,8,45,13,3,1,3,19,19,1334,1491,21,14,1501,1413
,575,0,0,0,0,0,1,1,1,1,0,1,1,2,1,0,1,2,1,546,0,1,0,2,1,2,0,1,0,2,1,1,1,1,1,2,3,2,4,4,3,6,5,3,7,9,6,6,6,12,8,12,6,16,17,21,23,28,29,34,3,29,26,9,30,50,52,20,7,8,14,53,28,4,6,5,6,1,4,4,3,3,35,6,34,10,3,1,3,15,15,775,876,15,10,810,836
,580,0,0,0,0,0,1,1,0,1,1,0,1,1,0,0,1,1,1,326,1,1,0,2,1,1,1,1,2,4,2,0,1,2,2,2,2,4,9,6,5,9,4,4,7,13,10,8,8,23,16,21,11,25,31,34,41,50,49,58,5,51,34,13,42,63,65,23,7,9,14,47,26,3,4,6,5,1,3,3,3,2,27,5,25,8,2,1,2,11,10,441,506,13,6,474,480
,585,0,0,0,0,0,0,0,1,1,0,1,1,0,1,0,1,1,1,179,1,1,0,0,1,2,0,1,1,2,1,1,0,1,1,4,4,5,6,7,8,17,5,6,14,20,16,16,17,39,27,40,21,41,55,61,73,90,85,88,9,78,43,15,50,71,68,22,6,9,12,41,22,2,3,4,4,1,2,2,2,1,19,3,16,5,1,0,1,8,12,248,269,9,4,266,277
,590,0,0,1,0,0,1,0,0,1,1,0,1,0,0,0,1,1,1,111,0,1,0,1,2,1,1,1,0,2,1,1,0,2,1,6,10,8,10,9,10,30,9,11,20,36,28,25,27,61,47,62,35,72,86,98,100,108,111,109,13,99,43,17,52,77,68,20,6,8,10,29,18,2,3,4,3,1,2,2,2,1,15,3,10,4,1,0,1,11,6,159,178,7,3,166,178
,595,0,0,0,0,0,1,0,0,1,1,0,1,0,1,0,1,1,0,72,0,1,0,0,1,1,0,3,1,2,1,1,0,5,1,11,10,12,15,17,17,49,14,18,33,63,49,45,45,91,81,98,55,107,127,126,136,130,138,133,15,127,42,17,51,69,66,18,5,7,8,34,14,2,2,3,2,1,2,2,2,1,14,3,10,4,1,0,1,5,5,100,111,5,3,107,112
,600,0,1,1,0,0,1,2,0,1,0,0,1,0,0,0,0,1,0,42,1,1,0,0,1,2,0,0,0,2,2,1,0,7,2,20,17,21,27,30,26,93,26,38,68,109,96,87,82,125,130,154,83,156,175,171,181,145,156,145,17,131,38,14,43,57,47,14,4,4,6,19,11,1,1,2,2,0,3,1,1,1,10,2,6,2,1,0,1,4,4,63,63,5,2,64,69
,605,0,0,0,0,0,1,0,0,1,2,0,1,0,0,0,2,3,0,36,0,1,0,0,1,1,0,1,0,3,2,1,1,6,3,39,33,41,51,60,58,155,49,65,122,180,174,151,139,147,190,221,118,205,219,201,196,155,162,138,17,123,31,12,35,40,35,10,3,3,4,11,8,1,2,2,2,0,1,1,1,0,8,1,2,3,1,0,0,10,3,40,39,3,2,43,41
,610,0,0,0,0,0,1,0,0,0,2,0,1,0,0,0,1,1,0,20,3,1,0,0,1,1,1,1,1,3,2,1,2,8,4,70,60,66,91,101,97,237,78,104,199,263,261,235,200,163,253,248,139,231,236,213,199,132,150,124,16,106,25,9,29,36,27,8,2,3,3,11,6,1,1,1,2,0,1,1,3,0,6,1,1,2,1,0,1,2,3,25,27,2,2,27,28
,615,0,0,0,0,0,1,0,0,1,1,0,0,0,0,0,0,1,0,14,1,1,0,0,1,2,0,2,1,5,4,2,3,14,5,116,95,114,144,158,151,333,118,158,299,349,357,318,256,167,295,282,152,245,238,206,181,123,135,108,15,85,19,7,23,20,23,7,2,2,3,9,5,1,1,1,1,1,0,1,1,0,5,1,1,2,1,0,1,4,2,33,22,10,1,22,20
,620,0,0,0,0,0,1,0,0,1,1,0,1,2,0,0,0,1,1,11,1,2,1,1,2,3,1,3,4,10,6,3,8,25,9,192,166,197,241,263,255,437,170,222,409,439,443,423,310,145,312,278,155,234,222,185,154,97,117,82,12,67,14,7,17,17,15,5,1,1,2,4,2,1,1,1,1,0,2,1,1,0,5,1,0,1,1,0,1,2,2,11,10,1,3,15,17
,625,0,0,0,1,0,1,0,0,0,0,0,1,0,0,2,1,1,1,7,1,2,1,1,3,4,2,7,4,13,10,9,9,48,15,318,270,322,375,410,383,536,224,287,518,499,520,502,358,124,310,267,141,207,185,145,128,71,84,61,9,50,11,4,11,10,9,4,1,1,2,1,3,1,0,1,1,0,1,0,0,0,2,1,0,1,1,0,1,2,1,9,4,2,1,12,10
,630,0,0,0,0,0,1,0,0,1,1,0,1,1,1,0,1,2,1,8,2,4,3,4,5,8,3,7,7,22,17,16,16,89,27,468,401,477,533,564,527,565,267,336,569,511,518,521,360,97,284,216,126,164,152,115,92,50,64,48,7,33,7,3,7,6,8,3,1,1,2,1,3,1,1,0,2,0,2,0,1,0,3,1,0,2,1,0,0,3,4,8,5,2,1,6,9
,635,0,0,0,0,0,1,0,0,1,1,1,2,1,1,0,1,2,1,5,3,5,4,6,8,11,5,11,13,34,27,24,25,140,45,596,527,593,642,659,640,588,273,353,594,498,522,521,345,80,256,185,105,141,119,94,82,40,48,35,5,26,8,2,6,6,7,3,2,1,2,2,2,1,1,0,1,0,1,0,1,0,3,1,0,2,1,0,0,2,1,6,8,2,1,5,12
,640,0,0,0,0,0,1,0,1,4,2,2,2,2,1,1,3,3,1,5,5,7,10,11,14,18,9,21,26,59,43,42,46,230,77,701,659,733,709,730,694,564,278,348,554,447,465,483,306,62,223,143,79,103,92,68,54,28,36,26,4,17,5,2,4,5,4,3,1,1,2,1,2,1,1,1,1,0,0,0,0,0,4,1,0,1,0,0,0,7,1,22,0,0,0,4,7
,645,0,0,0,0,0,2,1,1,2,3,2,4,3,2,2,3,3,3,1,9,12,15,16,23,27,15,35,37,95,75,71,75,349,123,782,749,790,753,732,718,514,261,312,507,395,408,423,269,49,167,112,63,79,68,49,43,17,22,19,3,10,4,1,3,1,3,3,0,1,1,0,2,1,1,0,1,0,0,1,1,0,0,0,0,1,0,0,0,1,1,2,1,3,3,6,7
,650,0,0,0,0,0,4,1,2,4,3,5,5,6,5,5,6,6,5,2,17,19,23,31,38,47,29,64,65,163,134,126,133,536,208,758,785,793,721,701,665,448,227,261,423,326,322,341,211,34,115,84,43,53,44,37,28,9,25,16,2,4,3,1,3,3,3,3,1,1,2,0,1,0,1,1,1,0,0,0,0,0,0,1,0,1,0,0,0,2,1,6,0,0,0,21,5
,655,2,0,0,0,0,6,2,3,5,7,7,9,9,5,6,9,9,8,2,29,30,38,48,61,79,45,94,113,251,204,193,205,664,322,753,776,781,700,649,623,402,201,229,351,272,261,296,178,27,95,58,31,38,32,29,18,7,15,9,1,3,3,1,3,0,4,2,0,0,1,0,2,0,0,0,4,0,0,0,1,0,5,1,14,1,0,0,0,0,0,24,0,0,1,5,1
,660,2,1,1,0,0,9,4,4,9,9,10,12,15,7,11,14,13,12,0,42,46,60,76,92,118,70,148,168,364,300,291,308,786,443,685,728,710,611,587,538,336,166,200,304,224,198,243,139,20,67,46,24,35,30,28,15,8,12,8,1,0,3,0,2,0,3,1,0,0,1,0,1,0,1,0,2,0,0,0,0,0,1,1,0,1,1,0,0,1,1,5,0,3,0,3,0
,665,2,1,1,1,1,15,6,8,13,13,17,20,26,13,19,21,22,21,0,66,74,92,120,151,183,113,219,255,489,436,409,437,876,583,581,654,610,550,477,449,284,140,158,225,176,152,183,110,16,46,29,19,23,23,17,13,2,4,5,1,0,3,0,2,0,4,1,0,0,1,0,1,1,0,0,1,0,0,0,0,0,0,1,0,1,1,0,0,0,1,1,0,0,0,6,3
,670,2,2,1,1,1,23,11,15,23,22,30,36,44,22,33,39,39,35,0,110,134,160,201,240,277,183,323,404,642,587,565,584,873,719,495,554,522,423,383,355,216,102,115,164,121,105,131,74,10,34,21,20,17,16,11,8,0,5,5,0,0,2,0,1,0,0,8,0,0,2,2,2,1,1,0,1,0,0,0,0,0,0,1,0,1,0,0,0,1,3,0,20,4,0,1,2
,675,3,2,2,2,2,40,19,22,34,35,48,57,69,35,57,61,63,55,0,166,194,234,286,337,360,264,435,528,741,712,690,696,807,786,398,486,414,342,296,282,162,83,86,124,96,76,99,58,9,28,18,9,16,13,9,1,0,17,4,0,13,3,0,2,0,1,1,0,2,2,0,2,1,0,0,1,0,0,0,0,0,0,2,0,1,0,0,0,1,0,2,19,1,0,1,0
,680,3,3,3,4,3,56,30,34,55,62,75,87,110,57,86,93,92,87,0,246,288,331,376,428,445,364,513,641,776,759,757,754,700,800,317,397,338,269,222,211,127,61,62,91,74,55,63,41,8,19,14,6,6,8,0,5,0,2,2,0,0,2,0,11,0,0,0,0,0,1,14,11,1,0,0,1,2,0,0,0,0,1,1,20,3,1,0,0,0,0,1,0,1,0,40,3
,685,6,6,5,6,5,88,48,57,86,85,115,136,167,88,131,145,149,139,0,354,380,446,480,520,515,470,563,733,757,776,774,757,615,754,236,314,274,205,161,155,91,46,49,61,58,59,49,32,7,12,15,6,4,8,7,2,0,3,3,0,0,2,1,4,0,0,5,0,3,2,0,0,1,0,0,1,0,0,0,0,0,1,1,0,0,1,0,1,0,1,8,0,0,0,4,0
,690,10,9,8,8,8,142,74,88,134,139,183,214,264,143,201,231,224,211,0,472,499,568,552,612,539,542,586,765,694,772,739,729,499,670,182,240,197,158,125,121,62,37,33,50,50,26,34,26,8,7,7,4,5,13,1,0,0,0,4,0,0,3,0,3,0,0,3,1,1,1,0,0,1,2,0,0,0,0,0,2,0,0,1,26,2,1,0,1,2,1,7,0,3,0,1,3
,695,15,14,13,14,14,245,122,154,220,230,294,347,419,238,340,363,373,353,0,597,605,664,596,622,545,616,556,760,586,661,658,659,359,551,125,173,146,115,92,87,49,24,23,32,33,20,23,18,4,8,7,2,2,1,6,0,0,0,3,0,0,4,1,0,0,0,9,1,0,2,0,5,0,1,1,1,1,0,0,1,0,2,1,0,4,1,0,3,0,2,0,0,0,1,3,0
,700,25,22,21,22,21,366,193,239,341,354,448,523,627,358,512,563,549,523,0,695,669,716,615,614,503,628,499,684,503,574,547,561,277,455,82,127,107,84,64,67,39,20,18,31,32,13,17,12,4,7,4,2,0,0,3,0,0,0,0,0,0,3,0,2,0,0,2,0,0,1,0,0,4,1,0,1,0,6,0,0,0,6,0,0,3,1,0,3,0,0,4,0,0,0,4,0
,705,36,35,33,34,32,534,290,347,519,515,648,727,840,525,711,762,770,742,0,734,688,679,581,554,446,580,431,600,414,476,467,459,212,356,67,104,80,69,54,50,33,15,13,16,27,3,11,9,7,1,0,0,2,2,2,0,0,6,3,0,0,11,0,0,0,1,2,1,1,1,0,1,0,2,0,1,0,0,0,0,0,0,1,0,2,1,0,1,4,0,3,0,2,0,39,2
,710,53,50,46,49,46,728,433,504,724,718,850,956,1026,723,954,992,963,998,0,705,640,620,487,461,348,534,349,470,293,354,344,339,148,265,51,70,57,42,39,38,29,14,10,14,20,1,30,6,0,2,17,0,0,4,0,0,0,0,3,0,0,3,1,4,0,0,1,0,0,3,0,1,1,0,0,1,0,0,0,8,0,0,2,0,2,1,0,1,0,0,6,0,3,0,1,2
,715,84,81,72,78,72,1036,640,739,1019,993,1156,1228,1213,999,1207,1254,1194,1251,0,605,522,484,374,341,254,398,228,344,209,245,245,226,94,179,26,48,40,34,27,25,14,10,6,8,36,0,1,5,3,0,5,0,0,0,0,0,0,0,4,0,0,4,0,0,0,0,11,0,1,1,0,16,1,1,0,1,0,0,0,0,0,0,2,0,1,0,0,1,0,0,12,0,4,0,0,1
,720,120,115,110,115,109,1283,859,991,1274,1253,1366,1423,1288,1243,1375,1409,1331,1441,0,516,431,398,288,268,187,311,178,252,155,176,176,171,71,134,20,31,30,26,18,21,9,7,6,6,14,0,1,5,8,4,1,0,0,0,2,0,0,0,3,0,0,3,1,0,0,2,1,0,0,1,2,0,1,0,0,0,0,0,0,0,0,5,1,0,2,1,0,0,3,1,1,0,0,0,12,0
,725,172,164,154,163,156,1550,1158,1253,1512,1478,1536,1541,1362,1456,1515,1523,1411,1589,0,445,360,319,224,207,149,247,132,198,107,133,131,129,51,92,15,28,24,15,18,17,16,7,4,11,11,0,11,2,2,0,6,0,0,0,0,0,0,0,1,0,0,17,0,0,0,2,2,0,0,1,0,2,3,1,0,1,1,0,0,0,3,10,0,0,1,0,0,0,3,2,0,0,0,0,3,8
,730,255,241,223,233,227,1756,1450,1555,1811,1712,1681,1631,1357,1679,1614,1565,1468,1719,0,365,309,267,180,166,113,211,103,160,85,96,99,92,44,81,12,22,14,18,16,10,9,6,0,2,14,0,0,0,3,0,1,0,1,1,8,0,0,5,1,0,0,6,0,0,0,0,3,1,0,3,6,1,1,2,0,0,0,0,0,1,0,6,1,0,14,1,0,0,2,1,0,0,2,0,4,5
,735,390,360,334,353,345,1937,1770,1875,1980,1867,1773,1643,1314,1870,1642,1594,1470,1730,0,294,238,209,147,129,89,157,81,116,65,79,76,73,28,51,5,13,37,13,16,18,4,9,0,2,42,0,0,3,2,0,1,0,7,1,5,0,0,0,3,0,0,4,3,1,0,0,5,4,0,2,0,2,0,0,1,0,0,0,0,0,0,1,1,0,4,4,0,4,1,0,7,0,0,0,3,6
,740,599,561,538,553,534,1946,2086,2124,2076,1931,1666,1541,1141,1840,1497,1428,1353,1643,0,217,177,145,100,90,61,107,54,76,50,55,51,48,20,36,2,13,9,15,7,8,7,7,0,4,12,0,0,0,4,0,0,0,0,0,4,0,0,0,10,0,0,4,0,0,31,9,1,0,1,2,0,0,1,1,1,2,4,0,0,0,0,4,1,0,2,5,0,1,0,0,0,0,0,0,5,70
,745,849,782,730,766,734,1864,2153,2139,1943,1833,1524,1396,975,1764,1347,1269,1192,1505,3,165,135,107,74,67,53,87,42,59,34,43,39,31,14,32,31,10,7,11,4,6,14,9,0,0,16,0,0,1,3,0,7,1,0,42,39,0,0,0,0,0,0,7,2,0,0,3,8,1,0,0,0,4,6,2,0,0,1,0,0,1,0,0,2,0,3,5,0,1,3,1,0,0,5,0,6,6
,750,1137,1041,994,1047,960,1679,2156,2083,1829,1639,1333,1143,800,1594,1124,1039,976,1244,0,124,98,78,56,51,40,61,33,44,28,36,26,26,14,25,0,35,19,11,2,11,11,6,0,0,16,0,0,1,6,0,11,0,0,0,0,0,0,0,4,0,0,0,0,0,0,0,1,1,0,3,0,0,1,1,1,3,1,0,0,0,0,0,3,0,14,1,0,6,0,0,4,0,5,0,3,9
,755,1516,1388,1279,1360,1291,1400,1978,1855,1507,1349,1052,896,580,1304,888,836,732,945,0,85,76,59,39,34,26,39,23,28,23,25,15,14,0,17,0,6,19,10,2,12,13,10,0,3,17,1,0,0,43,0,4,0,0,4,0,0,0,0,0,0,0,5,2,0,0,8,2,0,0,3,0,2,0,0,1,0,0,0,0,1,0,0,1,0,5,1,0,1,0,0,20,0,0,21,23,0
,760,1984,1780,1654,1735,1686,1122,1712,1628,1211,1108,843,694,480,1075,681,631,571,747,0,65,58,34,23,28,25,30,22,18,19,20,11,8,6,13,0,2,8,6,1,11,8,9,2,0,23,0,0,0,21,0,0,1,0,0,0,0,0,1,8,0,0,0,0,0,0,0,4,0,0,21,0,1,2,2,0,11,0,0,0,1,1,2,3,0,2,3,0,1,2,2,123,0,4,2,13,6
,765,2407,2143,1985,2090,1998,826,1411,1237,939,817,602,499,320,786,475,428,391,531,0,38,39,26,16,14,18,16,9,10,20,12,5,1,1,9,0,0,9,3,13,16,71,4,0,0,22,0,0,0,9,0,5,0,0,7,56,0,0,0,0,0,0,3,0,0,43,0,3,12,0,1,0,5,3,2,0,1,1,0,0,1,0,5,4,0,0,2,0,2,2,44,0,0,4,0,12,1
,770,2726,2388,2231,2346,2203,636,1115,1006,700,643,463,369,227,595,359,331,308,409,9,46,32,8,10,22,17,9,9,9,14,11,0,0,0,12,0,3,6,6,0,16,0,10,0,0,19,0,0,0,13,0,7,0,0,0,0,0,0,0,6,0,0,22,0,0,0,0,3,0,1,0,0,0,2,0,1,5,0,1,0,0,4,0,4,0,11,3,0,1,0,4,0,0,0,0,0,0
,775,2845,2506,2329,2490,2351,497,878,808,556,520,348,299,181,465,276,251,231,303,0,22,32,11,3,10,16,13,38,13,19,12,7,0,2,16,0,0,8,4,5,14,2,34,0,7,26,0,0,9,0,76,12,0,0,0,2,0,0,0,9,0,0,6,1,0,70,8,1,2,1,18,0,11,5,1,1,3,2,0,0,0,0,9,4,0,6,3,0,3,16,57,8,0,8,0,22,5
,780,2875,2485,2296,2449,2282,352,641,553,384,328,241,202,120,307,183,167,160,207,10,8,20,3,0,16,14,5,15,0,12,13,0,0,0,47,0,0,2,11,0,20,18,11,0,0,7,0,0,0,6,0,0,3,0,0,0,0,0,4,0,0,0,0,0,0,0,0,2,0,0,3,0,0,2,2,1,4,8,0,0,0,0,7,4,0,2,4,0,3,2,5,0,0,0,37,13,0
,785,2665,2319,2121,2236,2094,246,466,413,284,238,174,141,76,215,123,120,104,152,0,31,16,6,0,8,10,0,0,0,12,7,0,0,0,6,0,11,6,6,0,15,19,8,0,0,38,0,0,0,8,0,2,0,0,0,2,0,0,0,16,0,0,4,0,0,0,0,11,1,0,5,0,6,3,0,1,8,0,0,0,2,0,0,6,0,4,2,0,3,0,2,0,0,6,7,5,15
,790,2371,2026,1842,1952,1847,173,327,300,205,170,116,102,57,158,79,79,82,101,0,5,16,0,0,12,6,0,11,0,16,9,0,0,0,12,0,0,10,10,4,21,5,16,0,0,15,0,0,0,16,0,2,0,0,0,0,0,0,0,0,0,0,11,0,0,0,3,2,0,0,0,0,0,4,8,0,3,1,0,31,0,0,0,6,0,0,3,1,2,1,4,1,0,11,6,10,29
,795,2102,1732,1603,1711,1583,139,267,208,158,135,98,68,39,151,65,72,61,82,37,0,48,0,0,11,13,1,3,0,13,11,0,0,0,14,0,0,0,24,7,18,102,14,0,0,39,0,0,5,5,0,0,0,0,0,2,0,0,0,12,1,0,7,2,7,0,0,6,2,2,8,0,2,5,2,0,7,1,0,0,6,0,0,7,0,2,14,1,2,0,0,16,0,0,2,6,7
,800,1725,1427,1303,1355,1289,93,172,149,118,90,54,54,21,78,43,44,52,66,0,1,13,0,0,7,3,0,7,0,16,4,0,0,0,3,0,0,2,8,0,8,30,22,2,0,35,0,0,0,17,0,6,0,0,0,0,0,0,0,0,0,0,13,2,0,0,0,0,1,0,7,0,0,6,2,1,9,2,0,0,7,0,33,5,0,60,2,0,4,6,9,2,0,0,0,22,43
,805,1287,1037,930,993,936,59,128,99,73,57,41,69,16,45,19,40,35,34,0,0,16,0,0,0,14,0,9,36,16,60,0,0,0,6,0,0,12,23,5,16,21,17,0,0,13,0,0,0,16,0,0,0,0,0,0,0,0,0,22,0,0,12,6,0,0,0,6,1,0,24,0,0,16,1,0,10,1,0,1,1,0,10,7,0,7,4,0,6,0,30,7,0,0,0,19,0
,810,997,792,719,746,706,45,78,73,56,40,39,25,10,40,46,17,37,26,167,1,48,0,0,0,7,0,11,0,19,66,0,0,0,3,0,0,0,20,9,0,20,16,0,100,37,0,0,0,23,0,21,0,0,64,0,0,0,0,8,0,0,11,0,86,0,14,0,2,5,4,0,6,6,8,0,8,1,0,0,0,0,16,13,0,6,4,1,1,6,13,0,0,6,0,2,0
,815,792,622,548,573,543,32,60,52,48,46,17,23,0,19,2,11,28,21,0,40,22,0,0,63,19,0,2,0,26,0,0,0,0,9,0,0,12,19,0,7,151,20,0,3,64,0,0,0,34,0,0,0,18,0,0,0,0,0,0,0,0,16,0,0,0,20,2,0,0,9,0,6,6,10,5,10,2,7,0,0,0,17,9,0,7,3,0,0,0,6,15,0,0,43,22,30
,820,572,437,399,432,400,23,41,25,24,25,6,14,41,17,0,15,18,12,0,5,21,0,0,73,3,0,0,0,23,7,0,0,0,10,0,7,13,34,0,177,43,10,0,119,48,0,0,0,8,1,98,0,0,0,0,0,0,0,20,0,0,19,1,0,0,0,8,3,0,7,0,3,4,0,5,1,3,39,0,0,0,34,8,0,8,6,0,6,0,18,0,0,7,0,17,0
,825,423,325,291,307,289,27,31,15,20,11,7,9,1,9,0,20,16,11,0,0,33,0,0,2,20,0,4,0,16,0,0,0,41,2,0,8,0,10,13,29,38,33,0,0,64,0,0,132,99,0,10,0,0,5,107,0,0,0,24,0,22,39,0,0,0,0,27,2,7,14,0,0,14,3,2,13,0,0,0,4,0,7,13,0,14,7,0,8,0,25,0,0,5,71,110,40
,830,311,213,204,211,206,25,6,0,28,17,0,6,0,3,43,22,92,0,0,0,22,0,0,13,23,0,21,0,145,14,0,0,0,9,0,0,31,33,17,37,43,23,0,167,64,0,0,0,42,0,0,5,0,0,13,0,0,26,53,0,0,0,2,21,0,0,22,6,57,15,0,5,10,0,41,9,4,0,0,0,3,0,16,0,12,8,1,4,28,28,37,0,6,0,27,0
,835,253,166,167,185,165,16,3,0,30,9,89,11,0,0,0,3,27,0,0,63,21,0,0,31,43,0,7,0,61,11,0,0,0,125,0,0,28,43,1,52,58,51,0,0,3,0,0,18,9,0,8,0,0,18,0,0,0,4,0,0,0,5,3,0,0,0,39,2,0,24,0,0,28,19,0,23,2,0,0,0,0,0,13,0,8,11,0,3,51,39,0,0,31,0,20,70
,840,189,138,122,122,109,23,4,0,177,17,3,16,0,6,0,21,48,39,0,0,50,0,0,20,47,0,0,0,53,0,0,0,0,18,0,11,42,0,475,93,51,90,0,0,115,0,0,0,24,81,12,271,0,0,26,0,0,0,0,0,0,48,0,43,0,0,69,0,0,35,0,0,19,42,6,18,2,0,0,0,56,0,22,0,5,27,0,4,14,0,0,0,0,0,146,0
,845,122,85,49,105,79,32,0,0,77,22,0,20,0,4,0,35,44,4,0,5,98,0,0,41,102,0,0,0,88,17,0,0,0,8,0,0,83,0,615,56,194,99,5,0,264,0,0,514,155,0,0,0,0,0,19,0,0,0,148,0,0,92,0,0,0,0,33,0,0,57,0,52,5,0,14,42,6,0,15,0,0,0,5,0,56,38,5,14,0,0,0,0,0,0,233,0
,850,90,64,27,68,46,33,0,0,88,16,0,0,0,75,0,36,38,18,0,0,49,0,303,69,41,0,29,0,141,731,0,394,0,0,0,0,0,143,0,306,201,662,604,0,342,0,0,0,230,0,0,0,0,0,110,0,0,17,122,168,0,0,89,0,0,0,38,61,0,20,0,0,47,3,47,28,28,0,0,27,0,0,70,0,46,70,61,62,38,0,0,0,62,114,0,0
,,,,,,,,,,,,,,,,,,,,,,,,,,,,,,,,,,,,,,,,,,,,,,,,,,,,,,,,,,,,,,,,,,,,,,,,,,,,,,,,,,,,,,,,,,,,,,,,,
Read 19:EM Spectrum,,,,,,,,,,,,,,,,,,,,,,,,,,,,,,,,,,,,,,,,,,,,,,,,,,,,,,,,,,,,,,,,,,,,,,,,,,,,,,,,,,,,,,,,,,,,,,,,,
,,,,,,,,,,,,,,,,,,,,,,,,,,,,,,,,,,,,,,,,,,,,,,,,,,,,,,,,,,,,,,,,,,,,,,,,,,,,,,,,,,,,,,,,,,,,,,,,,
,Wavelength,A1,A2,A3,A4,A5,A6,A7,A8,A9,A10,A11,A12,B1,B2,B3,B4,B5,B6,B7,B8,B9,B10,B11,B12,C1,C2,C3,C4,C5,C6,C7,C8,C9,C10,C11,C12,D1,D2,D3,D4,D5,D6,D7,D8,D9,D10,D11,D12,E1,E2,E3,E4,E5,E6,E7,E8,E9,E10,E11,E12,F1,F2,F3,F4,F5,F6,F7,F8,F9,F10,F11,F12,G1,G2,G3,G4,G5,G6,G7,G8,G9,G10,G11,G12,H1,H2,H3,H4,H5,H6,H7,H8,H9,H10,H11,H12
,500,1,1,1,1,1,4,2,3,2,3,2,2,2,2,3,2,2,2,39,3,2,4,2,2,4,2,2,3,4,5,5,4,4,4,9,6,6,10,10,9,8,7,11,10,7,6,10,8,13,7,6,11,13,7,15,10,12,9,7,8,7,9,10,14,6,7,5,8,3,5,2,5,2,16,5,2,1,2,1,5,15,7,7,4,1,7,3,3,10,2,51,62,2,7,57,52
,505,1,1,0,1,1,2,3,2,3,3,2,2,4,2,2,3,3,3,83,2,3,3,4,4,4,2,3,3,3,3,5,3,5,3,5,6,5,6,6,8,9,5,10,11,8,7,6,10,12,6,5,6,7,7,10,10,13,8,7,8,7,10,9,13,6,4,7,7,3,7,4,3,2,17,4,3,1,2,1,6,8,9,7,6,1,8,5,3,12,4,123,128,2,7,125,127
,510,1,1,0,1,1,3,3,2,3,2,2,2,2,4,3,3,3,2,168,3,3,3,4,2,2,2,2,4,5,3,5,2,3,3,5,6,6,7,5,6,11,7,11,9,8,10,6,11,10,10,6,6,12,8,13,13,12,8,6,9,7,6,13,12,6,6,7,7,4,8,3,4,3,17,4,4,1,2,1,5,15,8,8,4,1,4,2,2,10,2,260,264,2,12,277,289
,515,1,0,1,1,1,3,3,2,1,1,2,3,4,2,3,3,2,2,430,4,2,4,3,2,2,2,4,4,3,5,2,4,4,4,9,8,8,6,8,5,9,8,10,10,9,6,8,6,6,6,6,5,7,8,8,12,13,5,18,8,9,5,12,10,4,4,4,6,2,5,2,3,2,17,3,2,1,2,1,5,13,6,7,3,1,4,3,3,9,2,673,727,3,8,704,702
,520,1,1,0,1,1,3,2,3,2,3,2,3,3,2,3,3,3,3,913,3,3,2,2,2,2,3,3,2,4,5,2,2,2,4,7,5,4,5,5,7,5,9,10,6,8,5,9,9,7,7,10,4,7,7,9,6,8,7,10,5,5,8,8,12,3,6,3,9,2,5,2,4,2,11,6,2,1,2,1,3,9,9,7,6,1,7,4,3,12,2,1407,1510,1,10,1512,1447
,525,1,1,0,1,1,3,2,2,3,2,2,3,3,2,1,1,3,3,1576,3,3,3,2,3,2,3,2,4,3,3,4,2,3,2,4,6,8,5,8,4,4,4,7,5,8,8,8,6,9,8,7,5,9,4,11,12,8,8,9,5,9,4,10,6,3,4,5,6,2,4,3,3,1,16,3,2,1,2,1,3,15,6,5,6,1,8,3,2,11,3,2531,2674,2,13,2702,2642
,530,1,1,1,0,1,2,2,2,1,2,1,2,1,1,3,2,1,3,3002,2,3,2,3,2,3,3,1,2,2,4,3,3,2,3,8,4,2,7,7,8,2,7,6,6,4,8,4,9,7,9,5,8,8,7,10,6,11,7,9,8,4,7,13,6,3,7,5,8,3,6,2,3,1,9,5,2,1,2,1,5,12,7,9,6,1,10,5,3,18,4,4553,4876,3,24,4704,4787
,535,0,0,1,1,1,2,1,1,2,1,2,2,2,2,2,1,3,1,4257,2,2,2,3,2,1,1,2,3,2,2,1,3,3,3,4,3,6,4,5,7,7,6,5,8,8,7,8,9,4,7,3,8,7,4,11,8,11,6,10,7,8,8,5,5,2,6,5,8,2,2,3,4,2,15,3,1,1,2,1,4,19,13,13,9,2,10,7,5,18,4,6378,6897,3,43,6802,6704
,540,1,1,1,0,0,3,2,2,2,2,2,2,1,1,2,2,2,1,4824,1,2,3,1,2,3,3,3,1,2,4,3,1,2,3,3,6,5,9,6,7,7,6,8,7,6,7,8,8,9,12,6,1,9,6,7,10,4,3,7,3,8,7,8,5,3,3,8,10,3,6,2,2,2,12,6,3,1,2,1,5,28,24,16,13,2,16,10,7,24,6,7532,8250,3,53,7871,7779
,545,1,0,0,0,1,2,1,2,2,0,2,2,1,2,1,1,1,2,5031,3,1,1,2,1,2,2,2,3,1,2,3,2,4,1,7,2,1,6,1,6,5,4,8,5,7,2,6,7,10,6,1,7,8,2,10,4,4,3,7,7,2,8,5,5,2,6,3,10,2,8,2,3,3,25,3,4,2,2,1,7,48,32,25,17,3,26,16,8,42,9,7561,8158,6,72,7754,7783
,550,0,0,0,0,1,2,1,2,1,1,1,1,3,2,1,2,1,1,4461,1,2,2,1,0,0,2,2,3,4,2,3,0,1,0,6,4,6,3,5,6,6,0,3,6,7,7,7,3,7,7,3,5,3,1,4,10,12,3,3,3,6,2,12,5,3,6,6,9,4,6,5,4,5,23,5,3,2,4,1,5,58,34,29,24,4,34,18,11,44,11,6807,7295,6,70,6938,6908
,555,0,0,0,0,0,1,2,2,3,3,1,1,1,1,1,2,1,1,3301,1,2,2,1,3,1,3,1,2,3,1,1,1,2,3,3,2,3,2,4,4,4,1,4,5,3,8,4,5,6,5,5,4,11,3,9,8,7,5,7,6,6,6,11,8,5,7,6,13,6,12,4,7,5,30,9,5,2,4,1,7,64,40,39,26,4,36,20,12,51,11,5015,5348,7,73,5233,5191
,560,1,0,0,0,0,2,1,1,1,1,1,1,2,1,1,1,2,2,2221,1,1,2,1,1,1,1,0,3,1,2,1,1,2,2,3,6,4,4,3,5,2,2,5,2,3,5,4,9,7,11,4,2,7,5,8,8,9,7,7,8,7,13,15,15,8,10,10,21,7,19,8,11,6,34,13,5,2,4,1,8,66,41,34,26,4,37,23,11,48,12,3315,3632,7,58,3363,3400
,565,0,0,0,0,0,2,1,1,1,1,1,1,1,1,1,1,1,1,1515,1,1,2,1,1,1,3,1,1,1,2,1,1,2,1,2,3,2,4,2,7,2,2,4,10,4,3,3,6,7,5,4,5,8,5,9,13,13,8,12,9,14,19,24,23,11,14,13,28,10,25,8,13,6,36,20,6,2,4,1,6,64,39,30,24,4,33,21,10,49,11,2300,2417,7,48,2327,2390
,570,1,0,0,0,1,2,1,1,1,0,1,1,1,1,1,1,1,1,960,1,1,1,1,1,1,1,1,1,1,2,1,0,2,1,3,8,2,3,4,4,5,3,6,6,6,5,6,6,12,9,7,8,10,7,13,18,24,14,22,14,22,30,39,37,15,23,20,37,12,30,10,15,6,32,19,4,2,3,1,5,62,30,25,19,4,29,17,8,39,10,1477,1567,5,38,1547,1506
,575,0,0,0,0,0,1,1,1,2,0,2,0,1,1,1,1,1,1,561,2,1,1,0,0,1,1,0,2,2,2,1,0,1,0,4,4,3,4,4,4,7,4,7,5,9,7,9,12,20,9,14,12,16,13,24,25,40,25,37,24,37,51,50,55,21,28,25,47,14,36,10,15,5,24,20,4,1,3,1,5,40,23,19,15,3,20,13,7,29,7,846,906,4,25,836,914
,580,0,0,0,0,0,1,1,1,1,0,1,2,3,2,1,1,1,1,316,1,2,2,1,0,0,1,0,1,1,1,0,3,3,1,5,6,4,7,5,5,13,8,10,11,17,12,12,19,36,17,24,22,29,24,43,50,65,39,65,41,58,65,76,73,25,37,29,48,14,32,10,14,4,21,20,3,1,2,1,4,31,16,13,11,2,15,9,5,23,5,486,533,3,17,512,500
,585,0,0,0,0,0,1,1,1,1,0,1,1,1,1,0,2,1,0,178,1,2,2,1,0,1,0,0,3,2,4,1,0,1,0,8,10,7,11,16,10,26,17,18,17,31,27,23,39,63,35,44,41,59,47,75,87,101,66,101,63,91,82,90,89,32,34,29,53,15,29,9,12,3,14,16,2,1,2,1,3,20,12,10,8,1,9,6,4,21,4,272,285,3,12,278,276
,590,0,0,0,0,0,3,1,1,1,0,1,1,1,1,1,0,2,1,117,1,1,2,1,0,1,1,1,1,1,1,0,0,1,1,13,12,12,18,15,13,42,29,29,30,51,43,41,64,105,56,75,71,91,67,111,118,129,84,128,83,117,89,92,93,30,36,27,44,13,22,7,10,3,10,13,2,1,2,1,2,13,8,9,6,1,8,5,3,15,3,174,191,2,10,173,182
,595,0,0,0,0,0,1,1,0,1,0,1,1,1,1,0,0,0,0,77,1,0,2,1,0,0,1,0,1,1,2,0,0,2,0,24,20,19,28,24,22,73,47,49,48,86,73,74,100,147,90,115,114,128,98,144,162,156,103,142,96,133,84,95,93,29,31,22,33,11,18,5,8,2,9,10,1,1,1,1,1,13,6,11,5,1,7,4,2,10,2,114,121,2,7,119,110
,600,0,0,0,0,0,1,1,1,0,0,1,0,1,0,1,0,0,1,44,0,0,1,0,1,1,0,1,1,1,1,0,0,4,1,44,41,37,50,46,48,131,88,88,93,148,131,123,170,193,149,168,167,188,133,198,201,173,115,157,105,146,76,81,82,24,25,18,30,8,14,4,5,1,7,7,3,0,1,1,1,10,4,5,3,1,3,3,2,11,2,66,67,1,6,71,66
,605,0,0,0,1,0,1,1,0,0,0,0,1,1,0,1,0,2,1,28,0,0,1,0,0,0,1,0,1,1,2,0,0,6,1,82,75,74,99,86,84,215,160,156,173,240,218,205,267,235,221,233,231,240,164,236,220,172,117,148,105,133,58,68,64,17,19,12,20,6,9,3,4,1,4,5,1,1,1,0,2,6,5,2,3,0,3,2,2,6,2,38,46,1,5,38,42
,610,0,0,0,0,0,1,1,1,1,0,0,0,1,0,1,0,0,0,19,1,0,2,1,0,1,0,1,2,2,2,3,0,9,2,131,120,118,154,148,143,300,258,242,260,325,312,283,342,255,275,269,273,265,177,231,219,158,107,136,102,115,47,51,51,14,16,9,14,5,7,2,6,1,3,5,1,0,2,0,1,8,4,2,1,0,2,1,2,6,1,24,34,1,4,29,28
,615,0,0,0,0,0,1,1,0,2,0,0,1,1,0,0,0,0,0,14,0,0,2,1,0,2,1,2,2,4,5,2,2,17,4,197,184,191,239,229,222,406,340,338,354,406,397,370,417,250,316,292,289,265,171,224,202,135,95,113,91,97,34,42,40,11,13,8,11,3,5,2,3,1,0,4,1,0,0,0,0,5,2,2,2,0,1,2,1,7,1,18,21,1,4,21,18
,620,0,0,0,0,0,1,1,1,1,2,3,3,1,0,1,0,0,0,13,1,1,2,2,4,2,2,2,3,8,6,5,4,31,7,304,288,302,358,351,336,489,455,448,470,467,462,452,478,220,339,298,291,254,154,203,176,111,84,93,75,77,26,28,28,8,8,6,9,3,3,1,1,0,2,1,1,0,0,0,0,2,4,2,2,1,0,0,1,5,1,11,18,1,3,18,17
,625,0,0,0,0,0,1,0,2,1,0,1,1,1,0,1,1,3,1,8,2,2,3,3,2,4,2,8,6,13,10,6,8,55,16,442,421,440,499,488,482,538,560,545,543,494,506,493,503,182,325,260,261,224,130,159,131,83,60,70,58,53,15,19,20,6,8,3,15,2,4,1,1,0,2,2,0,0,0,1,0,5,1,1,3,0,0,1,1,0,1,6,8,0,3,12,9
,630,0,0,0,0,0,2,1,1,1,0,1,1,2,0,1,1,0,1,11,2,2,5,5,5,6,4,7,8,21,17,18,17,104,30,566,562,590,629,626,619,563,604,594,580,486,491,505,480,149,300,229,225,185,106,121,104,61,44,47,42,39,10,15,14,5,6,3,5,2,1,1,1,0,0,5,1,0,0,0,1,2,1,1,2,0,1,1,1,3,1,20,5,1,2,4,6
,635,0,0,1,0,0,2,1,2,1,0,3,1,2,1,2,1,1,1,6,3,4,6,7,8,10,7,12,14,36,28,25,26,158,45,671,669,684,715,701,687,554,618,597,575,448,465,486,436,122,267,186,190,150,80,103,86,50,36,46,33,29,5,12,14,3,5,2,2,2,0,1,1,0,0,2,2,0,0,0,0,3,0,0,1,0,1,1,1,2,1,2,4,1,1,7,7
,640,0,0,0,0,1,3,2,1,1,0,1,2,3,1,5,3,2,1,8,5,7,9,10,13,16,10,19,24,58,46,43,43,262,78,723,757,771,756,718,699,506,591,565,546,428,423,435,395,98,221,149,149,121,64,79,65,49,28,38,25,20,5,8,7,4,3,0,1,2,1,1,1,0,0,0,1,0,0,0,0,2,0,0,3,0,0,0,1,4,1,5,4,1,1,4,7
,645,0,0,0,0,1,3,1,1,2,2,3,4,8,2,3,4,3,3,2,11,10,16,17,20,28,16,34,39,100,78,75,73,399,134,755,815,773,751,700,688,471,525,518,487,358,356,380,340,69,176,109,108,89,46,57,51,26,20,17,20,15,2,8,10,3,5,0,0,2,0,0,1,1,16,1,0,0,0,0,0,2,0,1,3,0,0,0,1,1,1,5,18,0,3,19,0
,650,0,0,0,0,1,5,3,3,3,3,5,6,7,3,6,9,5,5,5,19,18,27,31,36,49,31,64,69,178,141,132,134,574,234,711,800,755,693,645,636,415,446,449,392,311,284,321,274,41,127,75,81,63,32,41,31,21,17,13,12,8,4,5,5,2,3,0,0,2,0,0,1,0,0,1,1,0,0,0,0,0,0,0,1,0,0,1,1,6,1,1,18,0,0,4,4
,655,0,0,0,1,1,7,4,4,6,5,8,8,11,5,8,8,8,8,3,26,30,40,50,59,80,50,97,110,270,219,205,214,717,334,653,740,713,643,585,581,368,409,376,341,244,230,259,223,38,92,63,59,43,23,32,26,28,12,8,13,5,0,5,3,2,2,0,0,1,0,0,0,0,0,1,0,0,0,0,0,3,0,1,1,0,0,7,1,0,1,2,0,0,1,5,0
,660,1,0,0,2,1,11,7,5,9,9,11,14,18,9,14,13,15,13,5,47,48,62,81,94,119,75,146,170,384,308,304,306,808,467,576,678,626,571,520,509,330,356,320,272,204,179,214,184,34,73,45,45,33,19,24,22,14,12,5,10,6,0,5,2,1,2,1,0,2,0,0,1,0,0,0,1,0,0,0,0,0,0,0,1,0,0,0,1,3,1,0,0,1,1,0,0
,665,1,1,0,0,1,14,9,9,14,16,18,21,27,13,22,24,24,21,2,69,77,103,127,143,177,123,221,260,514,445,435,437,856,602,528,626,552,516,426,431,267,278,250,211,155,141,164,136,31,48,33,33,27,14,18,17,10,6,0,8,0,0,0,15,1,2,0,0,1,0,0,0,0,0,0,1,0,3,0,0,0,0,9,2,0,0,0,0,0,1,1,24,1,2,1,2
,670,2,1,1,2,2,27,14,16,24,25,33,38,46,24,37,42,38,36,3,119,132,168,212,238,273,201,327,394,652,612,585,596,856,732,430,550,453,418,338,327,202,208,184,151,109,101,116,102,14,34,22,28,34,12,18,29,9,8,2,8,2,0,0,0,1,2,0,0,2,0,0,0,0,0,0,0,0,0,0,0,1,0,0,3,1,0,0,0,0,1,0,0,1,15,2,0
,675,3,2,2,2,2,39,23,25,38,37,50,56,74,37,59,63,61,59,0,184,198,249,295,318,361,287,428,528,735,732,718,698,785,813,350,477,362,347,270,255,149,168,138,113,83,67,90,71,13,29,18,15,16,9,12,9,6,6,0,6,0,0,5,2,1,3,0,0,2,0,0,1,1,0,0,0,0,3,0,0,0,0,1,3,0,0,0,1,1,0,0,0,0,7,0,0
,680,5,3,3,4,3,62,34,40,61,61,80,94,119,58,87,97,103,94,0,279,282,358,404,430,457,382,518,645,776,797,764,760,706,825,270,388,280,251,204,197,126,123,104,79,58,51,66,57,5,24,5,10,12,5,10,9,32,7,0,8,0,0,2,3,2,3,0,0,2,0,0,2,1,0,0,1,0,0,0,0,0,0,0,2,0,0,0,0,1,1,0,0,0,0,0,2
,685,7,5,5,6,6,99,57,63,94,94,121,150,181,90,137,156,152,150,3,389,395,474,509,512,522,502,565,721,733,802,785,782,583,778,210,313,234,200,153,154,82,94,92,61,45,42,51,37,5,14,5,11,28,7,8,7,8,8,0,8,0,0,3,0,1,2,0,0,1,0,5,0,1,0,0,0,0,0,0,0,0,0,0,2,1,0,0,2,2,2,0,3,1,2,5,3
,690,10,8,8,8,9,155,86,97,146,149,191,226,283,147,212,244,243,227,4,504,515,575,596,588,575,619,599,779,684,780,762,738,466,674,147,248,181,142,115,105,59,64,64,47,37,24,39,50,6,10,2,5,8,2,6,9,2,8,0,5,0,0,4,0,1,3,0,0,2,11,2,0,1,0,0,0,0,0,0,0,1,0,0,2,0,0,0,1,1,0,0,0,1,6,0,0
,695,17,15,12,14,17,241,136,164,242,251,313,364,448,241,355,401,387,381,0,647,626,676,631,633,557,659,559,751,573,696,665,652,338,561,113,173,122,109,75,82,37,44,65,32,17,24,27,25,6,9,0,3,5,1,5,3,5,8,0,7,0,0,11,0,1,3,0,0,1,0,0,0,0,0,0,0,0,0,1,0,9,0,0,10,0,0,2,2,4,1,0,0,1,1,6,1
,700,27,23,22,23,24,381,213,243,386,389,472,564,680,375,534,602,569,582,0,734,700,722,649,610,521,673,499,668,471,579,580,542,262,450,77,132,85,82,59,55,26,36,46,19,14,18,19,15,2,5,0,2,0,0,2,4,0,7,0,6,0,0,0,0,1,0,0,0,1,0,0,0,0,0,0,0,0,0,0,0,17,0,0,3,0,0,0,1,1,2,0,0,1,2,0,0
,705,38,33,35,35,35,569,329,373,548,576,703,780,897,554,756,833,801,809,1,769,715,712,608,531,449,643,437,609,384,489,473,440,201,376,66,93,66,60,48,43,20,26,22,18,13,7,15,14,4,32,2,0,0,2,5,10,8,8,0,3,0,0,0,0,2,4,0,0,2,0,1,0,0,0,0,1,1,0,1,0,0,0,14,15,0,18,0,2,1,2,0,2,5,2,9,9
,710,56,51,48,51,50,792,467,544,756,787,939,1061,1105,777,997,1106,1032,1077,2,735,655,646,505,458,355,547,339,468,295,362,373,337,139,263,39,70,44,42,33,32,9,14,19,17,12,6,10,7,0,0,0,0,5,0,10,1,3,25,0,6,0,20,0,3,4,17,0,0,0,0,7,0,0,0,0,0,0,0,0,0,0,0,0,1,0,0,0,6,0,1,0,3,0,0,0,2
,715,88,78,75,81,79,1075,687,805,1098,1106,1217,1309,1287,1087,1237,1360,1233,1336,3,636,552,509,391,334,251,421,242,332,192,251,239,221,97,164,33,49,47,32,21,23,4,4,15,9,5,6,8,9,3,5,0,0,2,0,6,4,32,4,10,6,0,0,0,0,1,3,6,0,1,0,0,0,1,0,0,0,0,3,0,8,0,0,1,2,0,0,0,1,6,1,1,0,1,3,4,30
,720,125,119,111,118,115,1366,983,1086,1379,1394,1462,1486,1392,1330,1418,1503,1383,1557,8,545,446,419,295,250,183,334,175,250,141,176,170,159,63,115,21,32,24,25,22,15,27,8,30,7,3,4,4,6,0,5,0,0,1,0,5,10,3,0,0,4,0,0,2,0,2,3,0,0,1,0,0,0,0,0,0,4,0,0,0,2,0,0,0,1,0,0,1,2,6,0,0,0,1,0,4,1
,725,188,167,159,173,165,1635,1240,1352,1647,1650,1677,1670,1441,1558,1571,1652,1490,1743,1,450,373,339,237,199,147,266,139,194,108,137,130,124,49,91,29,29,17,36,12,16,0,2,9,1,2,3,4,0,0,3,0,2,0,0,3,1,2,3,0,6,0,0,0,3,1,3,0,0,9,0,0,0,0,0,0,6,0,0,0,0,0,0,0,14,0,0,0,2,1,2,0,0,1,7,4,3
,730,273,243,227,244,240,1861,1569,1703,1939,1913,1817,1750,1475,1800,1664,1708,1582,1842,19,385,312,278,196,162,116,218,101,153,77,105,103,92,39,69,10,23,13,20,7,11,3,0,5,0,4,0,2,2,10,26,0,0,0,1,2,4,5,7,0,2,0,0,1,7,1,4,0,0,2,0,0,0,0,0,0,1,0,0,0,0,0,0,0,3,0,0,0,2,6,2,0,0,1,0,0,0
,735,403,365,352,371,362,2065,1965,2039,2159,2093,1911,1795,1441,2008,1719,1700,1538,1864,4,310,263,232,152,125,90,171,78,119,62,80,77,68,36,51,17,19,14,16,7,8,0,0,8,7,4,3,0,6,0,0,0,0,0,0,0,2,1,1,0,12,0,0,0,33,1,3,0,0,2,0,0,0,0,0,0,1,0,0,0,0,0,0,0,3,0,0,0,2,0,1,0,0,0,0,11,45
,740,635,574,550,587,559,2045,2277,2295,2174,2093,1790,1602,1214,1996,1576,1576,1384,1747,0,226,178,161,101,87,57,118,55,84,39,73,46,43,20,37,5,8,10,13,12,7,1,0,2,4,0,0,0,0,0,0,0,29,3,0,7,0,0,4,0,7,0,0,0,1,2,0,0,0,3,17,0,0,0,0,0,1,0,0,1,0,0,0,0,13,0,0,0,2,11,1,0,12,1,3,0,0
,745,895,801,762,802,774,2005,2378,2314,2111,1988,1664,1441,1051,1865,1401,1400,1193,1587,19,180,138,121,81,58,46,89,43,63,33,47,32,33,13,26,6,15,5,14,5,0,0,0,6,0,0,28,3,6,14,8,0,0,40,0,6,5,3,12,0,10,0,0,0,0,2,3,0,0,2,0,0,1,0,0,0,1,0,0,1,0,5,0,0,4,1,0,0,1,7,4,0,0,3,4,0,0
,750,1223,1072,1019,1078,1049,1770,2344,2238,1920,1785,1455,1247,845,1706,1196,1122,1023,1372,6,128,101,86,59,48,39,63,30,50,25,32,28,21,10,20,10,9,6,11,49,9,0,0,4,0,1,0,0,0,0,0,0,0,0,0,5,45,2,11,0,7,31,0,0,0,3,5,0,0,4,0,0,4,10,0,0,1,0,0,1,0,0,0,0,5,0,0,7,2,6,1,0,0,0,11,0,0
,755,1656,1422,1346,1405,1392,1466,2152,2029,1613,1492,1141,986,654,1389,904,885,768,1039,15,90,69,66,40,29,23,44,19,35,42,27,14,14,12,10,2,0,0,1,1,1,0,42,2,0,0,0,0,0,0,0,0,0,0,0,3,10,6,16,0,2,0,0,0,0,3,4,0,0,4,0,0,3,8,0,0,1,1,0,1,0,0,0,0,30,0,0,0,1,0,0,0,0,3,3,5,0
,760,2122,1818,1738,1839,1793,1210,1914,1716,1328,1216,899,746,483,1132,720,669,579,792,5,65,68,57,31,44,13,38,9,30,12,19,17,4,10,11,3,4,1,6,46,0,0,0,0,0,0,0,0,1,0,49,0,0,4,5,5,0,8,5,0,13,0,0,5,0,3,5,2,0,3,0,0,1,0,0,0,1,1,0,1,0,0,2,0,4,0,0,2,23,18,2,0,0,1,16,0,15
,765,2584,2213,2095,2223,2126,883,1530,1352,1015,901,653,527,348,874,511,457,395,564,0,66,32,36,18,13,15,23,7,23,12,6,6,0,40,5,3,0,0,8,0,4,0,0,0,0,0,0,0,7,1,0,0,0,36,0,0,0,6,24,0,10,0,0,0,0,2,8,0,0,1,0,1,2,1,0,0,0,1,1,1,0,0,0,0,0,0,0,0,0,21,2,0,0,3,0,102,0
,770,2908,2473,2313,2461,2379,682,1235,1117,772,708,512,389,267,648,370,333,315,431,6,26,26,30,16,7,6,17,6,22,1,9,0,0,6,0,7,0,0,19,0,0,0,0,0,0,0,0,0,0,0,43,0,0,0,2,12,0,10,13,0,13,0,0,0,0,3,6,0,0,3,0,0,6,0,0,0,2,1,1,2,29,0,0,0,15,0,0,0,5,7,2,0,0,2,0,0,0
,775,3090,2635,2472,2594,2482,536,959,878,580,540,386,312,193,502,297,262,236,330,142,26,22,24,34,3,10,13,1,10,9,10,0,0,0,0,0,8,5,4,0,11,0,0,44,0,0,0,0,0,12,0,0,0,0,0,16,16,4,3,0,14,0,57,10,0,7,7,0,0,5,0,1,0,0,0,0,2,2,1,3,0,0,0,0,10,0,53,0,3,8,0,0,0,4,11,15,0
,780,3044,2583,2420,2533,2455,367,699,620,430,356,253,223,129,340,197,174,154,218,151,17,13,25,6,2,0,6,0,7,12,7,0,0,0,0,0,0,33,3,1,0,0,0,0,70,0,0,0,0,3,0,0,0,0,0,0,0,15,29,0,18,0,0,0,0,43,6,0,0,7,45,0,2,0,0,0,0,0,0,0,0,0,0,55,8,2,0,2,4,3,8,0,0,3,1,170,0
,785,2855,2355,2194,2376,2249,277,527,447,288,242,181,150,96,238,135,115,135,144,0,12,6,21,0,6,0,12,0,11,4,8,0,0,8,0,0,0,0,9,0,2,0,0,0,0,0,0,0,0,3,0,0,0,2,0,22,0,14,12,0,16,0,0,5,3,5,54,0,0,10,0,21,0,0,0,0,0,1,0,2,0,0,63,0,11,1,0,0,2,0,1,0,0,2,3,0,0
,790,2589,2088,1951,2089,2015,203,393,326,207,174,129,104,76,164,106,89,81,110,0,9,4,22,36,0,5,8,0,8,2,7,0,1,11,0,0,0,0,14,0,8,0,0,18,0,0,0,0,0,13,0,0,1,0,0,11,40,15,19,0,5,0,0,0,0,6,16,0,0,24,0,0,2,3,0,0,4,1,0,2,0,0,0,0,9,1,67,0,5,0,0,0,0,2,0,0,18
,795,2282,1776,1674,1795,1740,155,284,245,156,158,123,89,90,128,80,57,56,86,10,11,5,19,0,0,5,7,5,7,5,8,0,0,4,0,0,0,0,2,0,0,78,66,0,0,0,0,0,0,1,6,0,0,0,0,9,7,0,27,0,94,0,0,0,0,4,5,0,66,12,0,0,3,7,0,0,4,2,0,3,0,0,12,0,10,3,0,0,7,15,0,173,0,3,33,31,0
,800,1891,1492,1344,1449,1385,125,196,171,115,87,74,50,38,91,61,57,40,58,194,11,0,9,4,0,0,1,0,0,2,10,0,0,0,0,27,0,0,19,0,7,0,0,3,0,0,51,0,2,0,0,0,0,0,5,0,11,21,13,105,29,0,0,0,0,5,5,0,0,11,0,0,0,1,0,52,5,0,0,4,0,0,0,0,16,0,0,0,4,21,5,0,0,2,7,0,0
,805,1407,1072,1008,1055,997,78,136,119,72,61,46,33,40,58,47,25,24,41,6,32,1,19,20,0,0,0,0,6,0,5,0,0,3,0,0,0,0,0,0,0,0,0,17,0,0,27,0,0,0,0,0,0,0,0,0,50,0,19,130,27,0,82,0,0,6,11,0,0,8,0,0,0,0,0,0,0,3,0,3,0,20,0,0,15,0,0,0,8,0,0,0,0,4,12,0,0
,810,1083,806,760,820,767,73,94,90,56,43,41,33,21,38,30,16,13,14,19,9,0,23,5,0,0,1,0,6,1,73,0,0,0,0,105,0,0,13,0,3,0,0,0,0,0,0,23,23,5,7,0,0,6,0,36,29,68,0,0,14,0,0,0,0,0,33,0,0,12,0,0,3,0,0,0,4,2,0,12,0,0,0,85,4,4,0,0,7,0,3,0,0,5,23,0,0
,815,838,639,579,633,585,43,92,63,47,26,19,20,6,39,20,11,4,14,0,13,0,19,0,43,50,1,0,11,0,18,0,0,0,0,0,0,0,8,0,0,0,0,21,0,0,0,0,0,1,0,0,0,3,0,0,27,13,32,0,7,0,0,0,0,9,15,0,0,15,62,0,0,0,0,0,3,1,0,2,0,0,0,0,0,0,0,68,4,0,39,0,0,5,2,0,7
,820,634,460,414,451,455,46,61,43,34,11,8,16,28,29,66,10,3,5,0,6,0,36,9,0,0,1,16,6,0,13,0,0,7,0,0,69,0,0,0,0,0,0,0,0,0,45,0,0,0,5,0,0,3,0,19,10,0,29,0,30,0,99,0,0,16,25,0,0,59,0,1,0,2,0,0,4,5,33,3,0,7,0,0,8,2,0,0,13,0,0,0,28,12,20,0,8
,825,470,319,314,322,319,54,46,32,26,22,7,10,15,21,11,17,2,9,0,8,5,16,13,0,0,0,0,1,16,0,0,0,0,0,11,0,0,11,12,12,0,0,5,0,29,0,0,0,36,21,0,0,0,137,0,0,0,26,0,59,0,0,0,0,24,27,72,0,12,0,0,4,2,0,0,2,0,0,2,0,0,0,0,7,2,0,0,23,29,5,0,0,5,7,0,0
,830,335,236,210,222,215,47,40,25,16,4,5,6,21,6,4,0,0,18,13,5,0,25,5,0,0,59,0,1,0,4,0,0,0,0,0,0,0,4,0,11,0,0,0,0,0,0,0,0,0,0,0,0,0,0,0,15,31,85,0,32,0,0,0,0,21,11,0,0,17,0,58,0,45,0,0,48,0,0,2,0,0,0,0,16,5,0,0,15,55,23,0,0,9,0,0,0
,835,267,177,153,176,174,43,140,30,29,1,1,0,37,8,13,0,0,0,2,0,0,55,0,0,0,8,0,5,11,0,0,0,30,0,12,0,0,20,96,0,0,0,0,0,0,0,0,0,0,0,0,272,0,0,41,0,31,59,0,69,0,0,0,0,0,57,10,0,39,0,0,59,0,0,0,0,0,0,33,0,0,0,34,0,0,0,0,8,0,49,0,0,9,4,54,0
,840,211,129,107,138,142,82,42,151,25,0,9,0,34,0,15,0,2,0,2,0,0,41,0,0,206,16,0,18,17,8,0,0,12,0,0,0,0,103,0,21,0,0,0,387,85,454,0,0,0,0,0,0,0,255,29,0,13,27,0,44,0,0,0,0,90,22,0,0,65,0,0,15,0,0,0,13,0,0,8,0,0,0,0,60,61,0,0,31,0,18,0,0,8,47,57,0
,845,145,82,49,66,92,103,57,50,23,0,0,13,82,0,18,64,184,0,41,2,0,101,0,0,32,10,0,29,0,23,0,0,0,0,0,0,514,152,0,0,0,0,0,15,0,0,0,0,0,0,0,0,0,52,0,155,124,177,0,25,0,0,0,0,19,86,0,0,23,0,0,0,1,0,0,21,10,0,13,0,0,0,0,76,0,0,0,63,0,29,0,27,26,120,0,4
,850,129,56,156,21,56,154,22,32,39,12,0,34,92,0,0,0,0,0,0,0,0,277,0,0,0,80,0,48,0,0,0,0,0,0,0,0,0,135,0,0,0,0,0,0,0,0,3,0,0,0,0,0,101,0,0,207,77,177,0,173,0,0,0,0,66,0,0,0,0,0,0,0,2,0,11,47,32,0,31,0,0,0,0,0,8,0,0,31,0,60,0,0,59,88,25,6
,,,,,,,,,,,,,,,,,,,,,,,,,,,,,,,,,,,,,,,,,,,,,,,,,,,,,,,,,,,,,,,,,,,,,,,,,,,,,,,,,,,,,,,,,,,,,,,,,
Read 20:EM Spectrum,,,,,,,,,,,,,,,,,,,,,,,,,,,,,,,,,,,,,,,,,,,,,,,,,,,,,,,,,,,,,,,,,,,,,,,,,,,,,,,,,,,,,,,,,,,,,,,,,
,,,,,,,,,,,,,,,,,,,,,,,,,,,,,,,,,,,,,,,,,,,,,,,,,,,,,,,,,,,,,,,,,,,,,,,,,,,,,,,,,,,,,,,,,,,,,,,,,
,Wavelength,A1,A2,A3,A4,A5,A6,A7,A8,A9,A10,A11,A12,B1,B2,B3,B4,B5,B6,B7,B8,B9,B10,B11,B12,C1,C2,C3,C4,C5,C6,C7,C8,C9,C10,C11,C12,D1,D2,D3,D4,D5,D6,D7,D8,D9,D10,D11,D12,E1,E2,E3,E4,E5,E6,E7,E8,E9,E10,E11,E12,F1,F2,F3,F4,F5,F6,F7,F8,F9,F10,F11,F12,G1,G2,G3,G4,G5,G6,G7,G8,G9,G10,G11,G12,H1,H2,H3,H4,H5,H6,H7,H8,H9,H10,H11,H12
,500,1,1,1,1,1,3,1,2,3,2,4,3,3,3,3,2,2,2,47,3,3,3,3,2,3,5,2,3,4,5,5,4,8,4,8,6,6,10,5,6,7,12,12,12,8,7,7,7,7,2,6,8,13,8,8,13,12,8,5,7,7,7,7,3,14,14,7,17,1,2,1,3,12,4,8,10,5,1,2,8,2,16,6,2,4,1,3,14,2,3,55,51,0,1,63,57
,505,1,1,1,1,1,3,2,3,3,3,3,1,2,2,2,2,2,2,84,3,2,2,2,3,4,4,4,3,3,3,3,4,4,4,10,9,6,6,9,9,11,8,8,9,7,12,6,12,10,3,10,12,11,6,9,10,11,5,5,7,6,7,6,2,9,9,7,14,2,1,2,2,12,6,6,19,5,1,2,4,2,15,9,4,4,1,3,7,2,4,126,129,0,2,140,133
,510,1,0,1,0,1,3,1,1,1,3,2,3,3,2,3,2,2,2,169,2,4,4,2,4,2,2,4,4,4,4,5,5,6,3,10,10,6,6,9,8,10,11,7,10,7,12,10,15,6,3,12,11,7,5,16,13,11,7,5,9,5,13,5,3,13,9,6,15,2,2,1,2,19,4,5,10,4,1,2,8,2,14,10,3,3,1,3,7,3,3,265,275,0,3,283,285
,515,1,0,0,1,1,2,1,2,2,2,2,2,3,1,2,3,2,3,446,2,2,2,3,2,2,2,2,3,5,4,4,4,3,5,10,10,5,9,4,8,7,7,8,7,6,10,8,7,4,4,6,5,7,9,7,7,7,7,3,7,6,11,6,3,14,9,6,9,1,1,1,3,18,5,9,10,4,1,2,9,1,11,15,4,3,1,4,22,2,6,703,761,0,2,766,728
,520,1,0,0,1,1,2,2,1,2,2,2,2,1,2,2,3,3,2,923,2,4,2,3,3,3,2,2,4,5,3,2,4,5,5,10,5,7,5,8,4,6,11,7,11,9,6,8,6,5,2,7,11,11,5,7,5,10,4,3,6,6,5,4,1,11,13,4,9,1,1,2,5,19,4,8,14,4,1,3,7,1,17,12,3,3,1,3,8,1,3,1436,1570,0,4,1633,1501
,525,1,0,1,0,1,1,1,2,3,2,3,2,3,2,3,4,3,3,1719,3,2,2,3,2,2,3,2,2,5,3,4,3,3,3,8,7,4,5,5,3,6,10,7,10,15,10,5,14,8,1,5,9,11,5,7,6,9,6,5,8,3,10,3,1,8,8,5,13,1,1,1,2,10,4,7,12,5,1,3,8,1,17,8,4,4,1,6,14,3,5,2650,2824,0,3,2882,2754
,530,1,0,1,0,1,2,2,2,2,1,1,2,2,1,2,3,3,3,2986,2,3,2,3,3,2,3,2,4,4,3,4,4,5,2,6,6,6,8,3,4,5,9,5,9,10,9,7,8,4,1,5,9,5,4,10,9,10,5,2,10,3,4,5,1,6,6,4,6,2,1,2,2,15,5,8,7,3,1,2,6,2,29,14,3,5,2,4,26,2,4,4704,4905,0,6,5059,4985
,535,1,1,0,0,0,1,2,1,1,1,1,1,2,2,3,1,2,1,4329,3,2,3,1,1,3,1,3,4,3,2,4,2,4,2,8,3,10,3,7,4,8,10,5,7,9,10,2,6,7,3,9,8,5,7,6,8,9,6,3,5,3,9,3,1,13,6,3,4,2,1,2,4,13,3,7,8,5,1,3,6,2,30,17,6,10,2,8,24,3,6,6716,7130,1,10,7427,6888
,540,1,0,1,0,0,2,1,1,1,2,2,2,1,1,1,3,2,2,5126,2,1,2,1,2,1,2,1,3,2,1,3,4,2,4,5,7,2,3,6,3,4,3,4,10,2,2,7,9,3,1,4,4,6,7,9,8,7,5,2,4,2,4,3,2,5,5,3,12,2,1,2,3,18,9,6,17,6,1,3,8,3,39,25,9,8,3,11,40,4,9,7589,8275,1,13,8811,7931
,545,1,0,0,0,0,1,0,1,2,2,2,0,1,0,1,3,2,2,5171,1,1,2,3,1,1,1,1,3,2,3,4,4,0,2,6,4,2,8,5,5,7,9,8,6,7,3,2,3,14,1,9,8,7,3,5,7,3,5,2,8,2,8,5,2,6,18,3,7,2,1,3,3,28,7,8,20,5,1,2,8,4,53,35,13,12,4,15,40,6,12,7780,8380,1,16,8457,8098
,550,0,0,0,1,0,2,0,1,1,1,1,1,2,2,2,3,2,1,4625,2,2,1,1,3,3,1,0,4,4,3,2,4,1,1,8,10,1,2,5,1,3,3,7,3,7,4,5,3,2,2,4,4,5,3,6,4,7,6,2,5,4,3,3,1,7,13,4,9,2,2,3,4,30,11,11,25,10,2,3,13,6,68,51,17,14,5,23,65,8,15,6914,7546,2,18,7434,7103
,555,0,0,0,0,0,1,1,1,1,1,1,0,2,1,2,2,2,1,3500,1,2,3,2,1,1,2,2,2,2,1,2,4,2,3,5,3,3,4,4,5,5,6,6,6,2,10,4,5,5,1,2,5,7,4,9,7,3,5,3,6,4,10,5,2,11,12,8,18,3,2,4,9,42,11,13,26,7,2,4,11,7,80,55,16,19,6,23,59,9,20,5190,5600,2,18,5682,5409
,560,0,0,0,0,0,1,1,1,1,2,1,1,2,1,2,3,1,1,2285,1,2,1,1,1,0,1,1,2,3,2,1,3,2,1,4,4,3,4,6,2,5,11,5,6,5,5,2,5,5,3,13,7,7,5,6,8,9,5,5,11,5,14,9,5,18,21,12,27,5,3,6,11,50,11,20,31,7,2,4,10,7,70,56,17,16,6,23,65,9,18,3483,3705,2,14,3716,3515
,565,0,0,0,0,0,3,0,1,1,1,1,0,2,0,1,1,1,1,1539,1,2,1,1,0,1,1,1,1,1,2,1,2,2,1,5,8,3,4,4,3,6,7,6,6,8,7,3,9,10,2,7,6,13,10,12,17,15,9,5,12,9,20,13,7,26,30,19,40,7,4,8,15,50,11,23,36,9,2,4,10,7,68,49,16,15,5,22,67,8,17,2347,2496,1,13,2470,2415
,570,0,0,0,0,0,1,2,1,2,1,1,0,1,0,1,1,1,1,981,1,1,1,1,1,1,1,1,1,2,1,1,2,1,2,5,5,4,5,4,3,9,8,8,9,11,11,8,11,19,3,10,11,12,13,15,14,25,13,10,19,12,39,18,8,39,47,21,51,9,5,9,16,45,10,29,27,7,2,4,7,6,53,44,13,13,5,17,47,7,16,1519,1618,1,9,1675,1536
,575,0,0,0,0,0,0,1,0,1,1,1,0,3,0,1,1,1,1,572,1,1,1,1,1,1,1,1,2,2,1,1,2,1,4,8,8,7,8,5,4,15,12,10,10,20,13,12,19,21,4,18,19,20,14,24,30,40,23,16,35,21,59,31,11,57,61,28,66,11,6,9,17,42,8,30,22,5,1,3,5,4,40,33,10,10,4,13,38,6,11,883,942,1,6,912,912
,580,0,0,0,0,0,1,0,0,1,1,1,0,1,1,1,1,1,1,322,1,1,1,1,1,1,1,1,1,2,1,1,2,2,1,11,11,9,12,8,9,30,19,16,16,32,25,23,38,42,7,30,30,37,26,48,56,73,38,26,57,33,79,43,15,76,76,32,72,11,6,8,16,33,6,31,17,4,1,2,4,3,27,21,7,8,3,9,26,4,8,501,535,1,4,537,534
,585,0,1,0,0,0,1,0,0,0,1,1,0,1,0,1,1,1,2,175,1,1,1,1,0,1,0,1,1,1,1,0,2,2,1,22,22,15,23,17,16,51,35,31,29,59,46,43,67,74,13,57,55,67,45,85,91,106,58,38,89,50,97,49,19,82,77,33,69,11,5,7,13,21,5,23,12,3,1,2,4,2,21,14,5,5,2,7,19,3,5,275,289,0,3,298,288
,590,0,0,0,0,0,0,0,0,1,1,0,0,2,0,1,1,0,1,116,2,1,2,1,3,1,0,0,1,1,1,4,2,2,2,34,34,29,36,25,25,78,56,44,52,93,76,74,108,112,22,95,85,101,68,120,131,138,78,49,117,60,101,51,19,80,77,32,64,10,4,5,11,17,4,22,10,3,1,2,2,2,16,11,4,4,2,5,14,3,4,178,196,0,2,185,184
,595,0,0,0,0,0,1,0,0,1,1,1,0,1,0,0,1,1,1,69,0,1,1,1,0,1,0,0,1,4,1,1,2,3,2,57,58,45,59,43,42,124,92,74,80,141,118,116,156,159,40,139,127,145,92,162,172,162,87,52,134,73,99,52,19,76,69,27,55,8,3,6,8,12,4,14,7,5,0,3,1,2,13,9,3,3,1,5,10,2,3,115,123,0,1,113,120
,600,0,0,0,0,0,0,0,0,1,1,1,0,1,0,1,1,0,0,48,0,1,1,1,1,1,1,1,1,2,4,1,2,4,2,100,94,81,104,83,82,201,157,133,144,213,187,194,238,213,59,207,197,205,126,206,210,177,100,56,145,70,91,47,16,61,53,24,41,7,3,3,6,9,3,13,6,2,0,1,1,1,8,6,1,3,1,4,10,1,2,68,72,0,2,71,72
,605,0,0,0,0,0,0,0,0,0,1,1,0,1,0,3,1,1,0,28,0,1,1,1,1,0,0,1,2,2,2,0,3,7,3,165,151,141,177,150,145,291,252,215,236,317,287,278,335,235,86,272,260,245,148,233,226,171,96,53,141,68,72,36,14,48,39,14,26,4,2,2,4,9,4,9,3,2,0,1,0,1,6,5,1,5,1,2,4,1,2,42,40,0,1,38,47
,610,0,0,0,0,0,2,0,0,0,2,0,0,1,0,0,1,1,1,22,1,1,1,1,3,1,0,1,3,4,2,2,3,15,4,242,220,210,252,222,221,381,333,316,325,394,366,376,405,250,105,298,310,279,154,235,221,153,90,47,131,57,51,29,11,34,28,11,20,3,2,2,3,8,2,7,5,1,0,1,0,1,5,2,1,2,0,2,3,1,1,31,27,0,1,22,27
,615,0,0,0,0,0,0,0,0,1,1,2,0,1,0,1,1,0,0,15,0,1,1,2,1,1,1,1,2,5,3,2,5,24,6,340,310,298,354,315,317,457,443,407,427,468,439,439,461,248,120,316,315,276,154,218,204,137,81,41,113,49,51,23,9,30,25,9,15,2,1,2,2,5,2,4,3,1,0,1,0,1,4,2,1,2,0,2,1,1,1,23,18,0,0,15,23
,620,0,0,0,0,0,0,0,0,0,1,0,0,1,0,1,2,0,1,13,0,1,2,2,2,2,1,3,4,9,5,4,7,42,12,466,424,416,481,448,455,519,531,493,509,502,470,506,495,211,124,305,308,262,137,204,166,107,65,33,94,39,31,16,6,22,17,8,9,1,1,2,2,5,2,4,0,1,0,1,0,1,5,1,1,2,1,2,2,1,1,16,13,0,0,11,18
,625,0,0,0,0,0,0,0,0,0,1,1,0,1,0,1,1,0,3,8,1,2,3,2,3,4,1,5,5,16,11,9,12,82,19,593,537,566,599,566,571,558,596,558,560,482,493,513,483,180,120,274,273,225,113,163,132,78,49,24,71,30,22,11,5,17,16,4,10,1,1,1,4,4,1,3,3,1,0,0,0,1,1,1,0,1,0,1,2,1,1,13,6,0,0,8,16
,630,0,0,0,0,0,0,0,0,1,3,1,0,1,0,1,2,1,1,4,2,4,4,5,5,6,4,7,10,28,18,18,19,138,35,706,677,660,705,665,661,542,612,566,558,474,449,492,445,138,111,229,236,176,89,117,97,57,35,17,53,20,23,8,3,10,12,4,5,2,1,2,1,4,1,5,2,1,0,0,0,1,2,0,0,1,0,1,0,0,1,11,2,0,0,3,10
,635,0,0,1,0,0,1,0,1,1,1,2,0,2,1,2,2,2,1,3,5,4,5,7,7,11,5,13,15,43,29,27,30,215,54,777,776,736,745,695,689,530,589,560,546,442,431,468,418,113,97,189,198,149,71,100,80,43,28,15,43,18,10,6,3,9,9,4,3,0,1,1,1,2,1,2,1,1,0,0,0,1,0,0,0,1,0,1,0,1,1,22,0,0,0,0,7
,640,0,0,0,0,0,4,0,1,1,2,2,0,3,1,2,3,2,2,6,7,8,9,14,13,17,10,20,24,72,47,47,51,323,91,792,833,766,746,678,684,489,561,517,484,403,374,422,358,84,79,153,150,113,53,72,56,34,22,10,32,14,8,8,2,8,7,4,2,0,1,1,0,4,0,2,4,0,0,1,0,1,0,0,0,2,0,1,0,1,0,8,0,0,0,0,6
,645,0,1,0,1,1,2,1,1,2,3,3,1,4,5,3,5,4,3,4,10,12,15,20,21,29,18,35,42,114,79,80,86,471,154,747,829,744,723,650,649,448,505,472,439,350,315,360,322,64,61,115,119,84,41,50,43,22,18,9,25,10,7,4,2,8,5,2,2,0,1,1,4,5,1,1,0,4,0,0,0,1,0,0,0,4,0,1,0,1,0,5,2,0,0,0,5
,650,0,0,0,1,0,3,2,2,4,3,5,5,9,4,5,7,6,7,3,18,22,27,34,40,52,31,64,73,209,145,142,152,625,268,695,769,678,638,587,571,410,440,383,369,300,256,309,255,44,44,87,80,69,29,33,27,28,14,7,20,8,0,3,1,5,2,2,0,0,1,0,0,23,1,0,0,1,0,1,0,1,0,0,0,0,0,2,17,0,0,6,0,0,0,0,7
,655,1,0,0,0,0,6,2,3,6,7,8,7,13,6,13,11,8,9,4,27,31,42,55,63,86,51,107,115,299,216,221,223,747,380,643,724,642,598,527,530,365,391,345,316,254,210,257,217,33,33,58,60,46,23,23,17,13,11,6,16,8,0,2,1,4,4,3,1,0,1,1,0,1,1,1,0,2,0,1,0,1,1,0,0,1,0,0,0,1,0,2,0,0,0,0,2
,660,1,0,0,0,0,10,4,6,10,11,12,15,20,9,15,16,16,14,3,42,53,67,86,98,126,78,161,178,407,324,327,342,814,515,572,671,574,549,465,450,320,344,285,242,192,167,212,171,28,26,40,47,38,19,18,30,10,10,5,12,3,0,2,1,3,2,2,0,0,1,1,0,4,1,10,1,1,0,0,0,1,0,0,0,5,0,0,0,1,0,5,0,0,0,0,23
,665,1,0,1,1,1,13,7,9,13,17,19,20,30,16,23,25,24,23,2,70,83,102,137,151,189,122,239,266,540,451,459,471,833,664,504,612,502,487,401,384,267,281,223,197,149,124,158,135,21,17,39,36,26,16,18,10,6,7,5,11,4,0,3,4,14,2,7,12,0,1,1,0,6,1,0,0,1,0,0,0,1,0,0,0,1,0,0,0,0,0,5,0,0,0,18,7
,670,2,1,1,1,1,24,13,16,24,26,33,37,51,27,38,43,42,39,0,121,135,176,220,244,301,202,354,409,676,610,628,633,759,795,442,551,429,402,320,294,206,224,164,148,112,90,119,92,9,12,30,27,22,16,10,5,0,8,4,9,3,0,1,1,2,1,1,0,0,1,1,0,2,0,2,0,2,1,1,0,1,0,0,0,1,0,1,0,1,1,7,0,0,1,0,0
,675,3,2,2,2,2,44,20,26,38,40,55,59,78,42,63,72,67,61,0,189,216,265,313,336,391,301,451,549,731,721,756,744,693,815,352,459,357,314,242,234,155,166,126,110,82,73,82,69,11,10,20,19,12,11,7,4,4,16,5,6,4,0,0,1,2,6,1,0,0,1,1,0,0,1,0,0,0,0,1,0,1,1,0,3,1,0,0,0,1,0,3,0,0,0,0,3
,680,4,3,3,3,3,61,33,41,64,64,87,95,126,66,100,103,106,97,2,285,315,373,422,437,496,399,543,667,750,792,809,796,591,808,271,416,267,253,189,177,110,124,97,80,62,54,63,52,13,14,18,21,12,9,3,0,0,5,2,6,1,0,0,2,2,1,2,0,0,1,1,0,0,0,1,0,0,0,0,0,1,0,0,0,2,0,0,0,1,0,17,0,0,0,0,0
,685,6,6,5,5,6,98,52,63,93,102,134,150,199,101,156,167,159,154,0,397,432,488,522,533,545,508,595,727,717,795,791,793,495,760,215,299,220,187,144,138,84,90,87,62,43,40,45,35,3,5,14,14,9,9,17,0,0,8,3,4,0,0,1,1,2,4,1,0,4,1,1,0,0,3,2,1,1,1,0,0,1,0,0,1,0,0,2,0,5,0,4,0,0,0,0,11
,690,12,9,8,9,8,152,86,101,152,159,207,239,312,163,241,247,249,230,2,530,565,610,613,606,585,606,618,788,642,764,767,745,397,675,165,242,158,148,123,90,77,70,60,48,34,27,28,26,4,3,12,10,32,9,25,0,1,10,4,5,2,0,0,1,9,21,2,0,0,1,0,0,6,2,0,0,1,0,0,0,1,0,0,0,1,0,0,0,2,1,4,0,0,0,0,6
,695,16,14,13,15,14,252,137,165,252,261,338,384,496,271,396,411,408,398,2,674,669,718,659,637,578,671,591,755,549,655,678,656,302,547,129,167,107,103,72,67,40,52,40,38,26,23,15,12,2,10,8,12,5,9,0,0,0,6,2,23,1,0,3,2,4,0,3,0,0,1,6,0,5,1,2,0,2,0,1,0,1,0,0,0,2,0,12,0,1,4,5,0,0,0,0,0
,700,27,23,22,22,22,404,213,260,388,417,525,589,721,411,600,621,600,592,1,775,760,761,664,623,529,673,539,701,436,574,581,544,232,437,82,127,79,80,52,42,33,34,31,26,17,26,8,18,0,2,5,10,0,9,0,0,0,5,5,3,0,0,3,1,0,0,1,0,0,1,1,0,1,1,0,0,1,0,0,9,1,0,0,0,1,0,2,0,1,0,0,5,0,0,0,5
,705,38,37,34,36,35,575,331,398,590,604,753,826,964,607,842,866,852,856,0,807,767,737,627,571,477,657,457,621,345,464,476,460,164,351,71,94,81,61,42,41,30,28,21,22,9,21,8,16,2,1,31,5,7,5,9,0,0,4,3,3,5,0,1,0,5,5,2,0,0,1,1,0,0,4,1,2,1,0,0,7,1,0,0,0,4,0,0,0,0,0,0,0,0,0,0,9
,710,59,54,51,53,53,820,475,571,811,845,1010,1066,1194,844,1096,1130,1098,1120,0,780,688,673,529,465,390,557,369,486,262,363,359,355,120,252,51,68,44,47,28,46,25,25,16,20,10,14,6,14,0,0,8,1,10,8,0,0,0,7,3,4,4,0,0,1,2,0,2,0,0,1,2,0,0,2,0,0,0,2,0,0,1,38,0,0,0,0,1,0,2,0,6,0,1,3,0,6
,715,89,89,78,86,80,1124,717,849,1134,1174,1319,1384,1398,1168,1413,1409,1330,1396,3,659,591,536,402,342,264,423,253,342,175,230,238,225,72,168,30,46,26,27,15,20,17,18,11,15,9,7,0,6,0,0,29,3,9,6,0,0,0,6,4,6,3,0,0,2,6,0,2,0,0,1,2,0,0,2,0,0,0,0,0,0,1,0,0,0,2,3,12,0,1,0,2,0,0,0,0,4
,720,133,122,117,123,117,1407,977,1122,1436,1471,1596,1603,1491,1446,1590,1540,1508,1672,34,567,488,435,311,263,196,330,185,255,126,177,173,174,54,129,24,38,19,18,13,14,15,14,9,19,6,9,0,1,0,0,6,3,5,4,0,0,0,7,4,3,3,0,0,1,1,1,3,0,0,1,1,0,3,1,0,0,1,0,0,0,1,0,25,8,1,0,0,0,0,0,43,0,0,0,0,11
,725,192,175,171,175,171,1689,1277,1445,1739,1715,1785,1726,1569,1741,1779,1667,1610,1787,1,487,392,355,253,217,157,273,142,198,110,135,134,127,37,90,17,30,17,14,11,9,12,11,9,12,4,9,0,6,0,0,3,5,7,6,0,0,0,5,5,6,0,0,1,1,4,0,2,0,0,1,2,0,4,1,0,0,2,0,0,0,1,0,0,0,1,3,1,0,0,0,11,0,0,0,0,4
,730,284,258,246,262,247,1899,1615,1790,2021,1995,2000,1818,1566,1983,1854,1740,1694,1901,0,402,324,283,205,165,130,215,108,156,74,106,97,105,45,71,16,17,14,16,10,6,6,9,7,14,2,14,0,5,0,0,3,2,7,11,0,22,0,7,5,8,1,0,3,1,5,32,2,0,0,2,1,0,0,1,0,0,11,0,1,0,2,0,0,0,1,0,0,9,1,0,9,0,0,0,0,8
,735,421,387,363,386,368,2119,2014,2133,2252,2202,2057,1880,1513,2169,1904,1762,1639,1927,7,332,268,226,160,128,85,173,84,123,58,78,78,79,23,52,12,15,34,13,4,7,2,17,14,16,6,9,0,0,0,0,5,3,0,5,0,0,0,7,5,5,4,0,1,1,2,0,4,0,0,1,0,0,3,2,3,0,0,0,0,0,2,0,0,0,0,0,2,0,1,1,14,0,1,0,0,1
,740,659,608,580,601,575,2137,2354,2372,2281,2214,1951,1720,1312,2161,1797,1567,1470,1784,0,237,203,156,112,91,61,120,59,90,39,50,52,59,35,37,14,13,6,5,2,3,10,12,3,14,3,5,0,6,0,0,0,10,7,8,0,0,0,6,4,10,0,0,0,2,2,3,4,1,0,1,2,9,1,1,2,0,0,0,0,0,1,2,0,0,2,0,0,0,1,0,6,0,0,0,0,6
,745,952,853,798,843,797,2035,2442,2456,2218,2075,1801,1546,1109,2092,1580,1413,1258,1607,0,184,147,127,81,63,44,94,50,71,33,40,47,46,15,29,12,5,1,14,0,0,8,21,4,3,2,5,0,0,0,0,3,0,0,12,1,0,0,10,7,10,4,0,5,10,4,44,2,0,0,6,3,0,9,4,2,0,1,0,0,0,2,0,0,13,0,1,0,0,1,2,3,0,0,0,0,14
,750,1271,1123,1072,1142,1088,1813,2444,2372,2004,1889,1561,1292,919,1857,1306,1140,1063,1390,0,130,114,93,63,48,38,67,33,49,26,30,30,32,8,23,5,9,8,0,0,0,2,15,13,2,0,8,0,5,0,0,0,4,4,9,0,0,0,38,5,3,26,0,0,2,0,1,7,42,0,1,3,0,5,5,0,0,1,0,0,12,2,58,1,0,5,0,0,0,2,0,10,0,0,0,0,4
,755,1716,1496,1424,1522,1432,1503,2219,2139,1701,1598,1228,993,694,1547,1025,880,815,1067,0,103,78,72,43,38,24,44,22,41,41,21,21,23,6,12,7,44,0,0,0,0,3,16,0,54,0,3,21,0,34,4,18,3,0,11,0,0,0,14,8,7,2,0,0,2,3,0,11,0,0,3,4,0,0,23,0,0,0,0,0,0,2,0,0,0,3,0,0,0,0,0,15,0,0,0,0,0
,760,2233,1939,1855,1933,1830,1222,1919,1801,1361,1243,974,796,500,1251,799,674,638,833,1,70,63,48,30,17,17,38,21,33,20,22,12,26,0,14,13,0,9,2,2,0,6,19,24,11,0,8,0,1,0,0,0,5,0,13,0,0,0,10,9,9,10,0,8,0,9,14,35,0,0,3,3,0,0,5,0,5,0,4,1,0,2,0,0,1,4,2,2,0,6,0,8,0,1,0,79,0
,765,2710,2365,2196,2341,2193,899,1591,1434,1017,937,707,556,371,897,571,481,434,611,0,45,40,37,24,18,9,24,12,22,13,10,9,22,4,14,11,3,0,8,0,0,6,11,5,16,0,65,0,0,6,0,0,7,0,18,0,0,0,13,15,11,2,0,14,1,2,4,4,0,0,4,3,0,3,2,0,0,25,0,0,0,2,0,0,0,4,0,0,42,3,1,130,0,0,0,0,0
,770,3085,2626,2486,2559,2445,719,1286,1134,792,753,524,387,280,707,422,361,324,429,0,33,28,27,11,7,1,13,33,25,7,11,0,22,0,9,1,3,32,0,0,0,1,0,4,86,0,11,0,0,0,0,57,0,8,54,0,0,0,12,10,19,13,0,0,21,11,0,5,0,0,3,4,0,11,3,49,0,4,0,1,0,3,0,0,0,5,0,15,0,4,0,133,0,0,0,0,0
,775,3255,2768,2634,2717,2613,536,1024,908,647,569,388,303,209,580,332,281,244,349,6,21,52,49,17,14,12,11,12,22,8,5,3,19,0,8,11,0,0,0,0,0,1,21,54,7,1,14,0,3,0,1,9,0,3,18,0,0,0,26,18,3,13,0,1,4,7,0,4,0,0,2,6,0,9,3,0,0,5,0,0,0,4,0,0,0,3,1,3,0,5,0,17,0,1,0,0,11
,780,3231,2740,2568,2667,2593,381,728,653,423,417,278,196,138,375,228,193,177,259,2,16,17,20,7,35,0,7,0,10,14,8,0,14,22,13,5,9,0,0,0,0,0,27,0,20,0,14,0,0,0,0,7,17,0,21,66,0,0,17,8,5,6,0,0,0,0,0,6,0,0,4,5,0,0,12,0,0,2,0,0,0,5,0,0,0,0,0,0,0,0,0,0,0,1,0,0,0
,785,3008,2536,2349,2480,2316,262,529,473,304,261,206,138,110,274,158,140,111,157,2,8,18,14,5,3,0,1,0,36,0,0,0,10,0,2,3,6,0,0,0,0,0,21,0,22,3,15,0,1,0,0,0,3,0,27,0,0,0,20,14,12,1,0,2,4,12,0,56,0,0,4,15,0,11,5,0,8,0,0,1,0,5,0,0,0,1,1,11,0,0,0,16,0,1,13,0,13
,790,2745,2231,2080,2175,2065,187,392,338,221,203,140,102,81,191,110,95,80,110,0,11,13,13,11,3,0,0,0,15,5,0,0,9,2,0,8,0,0,6,0,0,0,15,10,98,0,18,0,0,0,0,11,0,31,17,0,0,0,9,25,15,16,0,0,9,10,6,2,0,0,7,4,0,0,0,0,0,3,7,1,0,3,0,0,0,0,2,0,0,0,0,22,0,0,0,0,22
,795,2409,1963,1797,1888,1780,141,282,252,165,147,118,63,65,175,82,73,69,82,0,3,22,12,7,0,0,9,11,15,6,0,0,17,0,0,1,0,0,4,0,0,10,18,16,15,9,33,0,0,0,0,0,112,120,31,0,0,0,30,18,29,14,0,0,3,4,0,10,0,0,4,6,0,21,9,0,6,7,0,3,0,5,0,0,8,4,2,3,0,6,0,5,140,0,0,0,19
,800,1974,1548,1436,1504,1441,101,197,161,114,144,86,45,44,99,60,56,46,59,44,2,6,15,1,0,0,7,1,10,4,0,0,18,0,45,122,8,0,0,0,3,0,23,3,16,0,24,0,0,0,3,7,0,17,36,0,0,0,30,20,15,66,0,0,5,22,18,7,0,0,8,5,1,9,7,0,48,6,0,0,0,2,0,79,0,2,0,8,0,13,0,0,0,0,0,0,1
,805,1505,1133,1066,1112,1007,59,118,107,77,72,55,24,30,61,46,43,29,39,0,0,14,4,4,0,2,0,1,20,12,3,0,14,1,0,15,0,0,3,0,1,0,10,0,33,4,55,0,0,0,0,0,0,0,33,0,0,0,118,20,25,13,0,0,26,38,12,8,0,0,6,6,0,0,2,0,0,0,0,1,0,8,0,0,0,10,0,0,0,4,0,34,0,1,0,0,23
,810,1175,878,815,871,809,42,88,80,71,55,33,9,25,45,33,34,18,26,0,1,14,9,12,0,0,0,0,7,0,0,0,27,0,14,0,0,1,18,0,0,9,27,0,39,0,18,0,0,0,0,0,0,0,37,0,0,0,43,12,124,13,0,0,5,5,0,0,0,0,3,7,0,42,11,1,0,8,0,3,32,8,0,0,0,0,2,13,0,9,0,18,0,1,0,0,55
,815,914,688,620,664,619,45,64,88,44,39,49,0,22,29,65,27,9,17,0,0,13,11,4,49,0,0,1,19,9,2,0,11,0,0,22,0,0,3,0,0,6,156,0,38,13,13,0,0,0,0,0,5,9,31,0,0,0,25,10,19,21,0,103,4,1,0,9,0,0,6,5,45,0,0,1,0,0,0,0,0,9,0,0,0,0,2,2,0,4,70,13,0,1,0,0,20
,820,662,487,464,487,440,20,38,43,29,38,21,3,78,20,20,24,9,20,0,0,17,10,0,0,0,56,0,8,10,0,0,24,7,10,13,0,0,0,0,0,0,5,13,35,0,6,0,0,12,0,5,0,0,33,0,0,0,42,22,189,16,0,0,0,1,5,0,0,0,7,40,62,0,0,0,0,5,12,31,0,10,0,0,0,6,2,71,0,7,70,0,0,0,0,171,0
,825,479,345,333,345,322,22,23,15,85,32,18,0,21,68,19,32,4,3,14,0,10,13,5,0,0,0,0,24,17,0,0,46,0,15,0,0,0,27,0,0,0,0,5,248,0,27,0,0,0,0,6,114,57,60,0,0,0,48,22,0,11,0,2,1,44,0,0,0,0,33,12,0,0,10,0,0,12,0,0,0,13,18,0,8,5,0,0,0,6,0,0,0,0,34,0,53
,830,352,252,220,243,223,23,6,67,12,15,7,0,18,91,34,21,0,16,7,0,2,18,0,0,0,0,0,25,0,0,0,120,0,0,0,0,168,0,36,0,0,56,19,67,0,80,0,0,0,0,29,0,0,41,227,0,0,40,36,9,22,0,24,15,63,0,16,0,1,12,11,0,0,21,0,0,28,0,7,0,15,0,0,0,14,6,0,0,9,0,0,0,1,0,0,482
,835,284,182,175,186,172,2,0,8,0,7,9,0,27,0,30,55,7,0,25,0,23,31,0,0,0,0,0,17,12,163,0,68,0,0,12,0,0,31,241,0,66,2,0,0,0,39,0,0,0,0,89,31,90,56,0,0,0,95,53,0,0,0,0,11,85,0,0,0,70,18,28,0,0,1,52,0,11,0,6,0,81,0,0,0,23,0,0,0,8,0,95,0,3,0,0,94
,840,202,126,139,143,116,7,0,0,17,22,170,0,22,0,18,209,0,11,791,0,12,36,14,1,0,0,0,71,36,0,0,57,0,39,51,0,0,0,0,366,9,100,0,148,0,119,0,0,0,0,0,102,32,116,0,0,5,88,35,77,0,0,0,39,95,47,39,0,0,16,48,0,20,42,0,0,0,31,0,0,34,0,0,0,53,40,0,0,12,0,854,0,0,0,0,203
,845,150,90,76,86,63,5,0,0,73,11,0,0,72,0,43,69,0,218,0,0,27,3,7,0,0,0,0,108,0,0,0,83,33,0,47,0,0,36,350,0,0,168,0,156,0,93,0,0,0,0,0,0,28,244,0,0,0,115,127,0,82,0,0,0,5,26,76,0,0,32,19,0,33,12,7,0,41,0,0,0,51,0,0,79,0,18,58,0,58,0,0,0,0,128,0,0
,850,120,35,37,73,28,0,0,0,0,0,0,0,121,0,71,125,0,0,2164,0,114,159,0,430,0,0,0,40,62,38,0,188,0,0,0,38,157,0,0,0,0,74,0,227,0,324,0,0,0,345,78,0,8,266,0,0,13,193,165,113,159,0,0,103,50,87,0,0,0,66,70,0,0,35,0,0,1,0,16,0,48,0,0,0,76,83,0,0,64,3,0,0,64,0,0,0
,,,,,,,,,,,,,,,,,,,,,,,,,,,,,,,,,,,,,,,,,,,,,,,,,,,,,,,,,,,,,,,,,,,,,,,,,,,,,,,,,,,,,,,,,,,,,,,,,
Read 21:EM Spectrum,,,,,,,,,,,,,,,,,,,,,,,,,,,,,,,,,,,,,,,,,,,,,,,,,,,,,,,,,,,,,,,,,,,,,,,,,,,,,,,,,,,,,,,,,,,,,,,,,
,,,,,,,,,,,,,,,,,,,,,,,,,,,,,,,,,,,,,,,,,,,,,,,,,,,,,,,,,,,,,,,,,,,,,,,,,,,,,,,,,,,,,,,,,,,,,,,,,
,Wavelength,A1,A2,A3,A4,A5,A6,A7,A8,A9,A10,A11,A12,B1,B2,B3,B4,B5,B6,B7,B8,B9,B10,B11,B12,C1,C2,C3,C4,C5,C6,C7,C8,C9,C10,C11,C12,D1,D2,D3,D4,D5,D6,D7,D8,D9,D10,D11,D12,E1,E2,E3,E4,E5,E6,E7,E8,E9,E10,E11,E12,F1,F2,F3,F4,F5,F6,F7,F8,F9,F10,F11,F12,G1,G2,G3,G4,G5,G6,G7,G8,G9,G10,G11,G12,H1,H2,H3,H4,H5,H6,H7,H8,H9,H10,H11,H12
,500,1,1,1,1,1,2,2,3,2,2,2,3,2,3,2,4,2,2,42,4,3,3,4,3,2,4,2,2,4,4,4,5,8,4,11,7,6,11,10,7,9,7,11,8,12,7,8,7,6,7,4,12,7,8,10,12,13,12,6,7,7,2,14,5,8,11,9,9,14,1,16,0,15,3,2,1,0,1,0,17,5,8,0,2,17,6,1,7,11,16,57,60,9,9,71,65
,505,1,1,1,1,1,2,2,2,1,2,2,4,3,2,2,2,2,3,93,2,2,3,3,4,3,3,3,4,6,5,4,4,5,5,11,6,6,6,11,8,13,10,8,8,7,7,7,8,7,12,4,7,8,9,10,8,8,7,4,5,12,2,13,4,19,11,11,9,9,1,16,1,12,2,3,1,0,1,0,12,6,8,0,4,18,7,1,9,7,9,141,142,15,16,139,144
,510,0,1,0,1,1,2,2,2,3,3,2,3,2,2,1,2,2,4,180,2,2,3,2,4,3,3,2,4,6,5,3,4,4,3,10,9,9,8,6,9,9,7,8,6,11,7,11,7,11,7,5,10,7,8,8,12,7,8,6,5,11,3,6,4,7,7,9,13,9,1,10,1,16,4,3,1,0,1,0,13,9,4,0,3,17,10,1,8,7,17,295,291,12,17,300,299
,515,1,1,0,1,1,2,2,1,3,3,2,2,3,1,1,3,2,2,472,2,2,3,4,2,4,3,3,4,6,4,3,4,4,3,6,8,9,9,5,12,9,10,10,11,7,9,7,8,10,11,6,7,6,10,10,12,11,7,5,3,10,2,5,3,11,9,8,8,13,1,17,1,16,4,2,1,0,1,0,14,8,9,1,2,17,5,1,8,9,8,761,740,6,15,746,771
,520,1,1,0,0,1,2,2,2,3,3,3,2,2,2,1,3,3,3,966,3,1,1,3,4,3,2,2,2,4,2,5,3,7,3,5,8,8,9,5,3,13,11,6,16,5,9,5,11,10,10,6,7,16,5,13,10,11,5,6,3,7,1,6,3,6,7,8,7,11,1,7,1,10,2,2,1,0,1,0,8,6,8,0,2,11,13,1,15,8,8,1621,1597,8,17,1553,1659
,525,0,1,1,0,1,1,2,2,2,1,3,3,1,1,1,2,3,3,1720,2,1,1,3,2,1,3,3,3,4,3,3,3,7,4,6,7,8,5,9,4,8,9,9,6,10,5,10,6,5,7,5,7,10,16,11,6,7,4,8,4,6,3,4,3,10,10,12,6,7,1,14,0,7,2,2,1,0,1,0,12,5,7,0,4,17,11,1,11,13,11,2841,2944,10,33,2925,2944
,530,1,1,1,1,1,2,3,3,1,2,3,2,3,1,1,3,1,3,3094,3,1,3,2,2,1,1,1,2,7,4,2,5,6,2,5,4,3,5,10,7,7,4,4,5,9,4,4,5,5,9,4,9,5,7,7,6,7,14,4,4,11,1,5,6,5,6,13,6,11,0,15,1,17,2,1,1,0,1,0,11,7,9,1,5,21,17,1,20,15,17,5363,5124,14,53,4994,5454
,535,0,1,0,0,1,1,1,2,1,2,2,2,1,2,1,2,3,2,4532,1,2,1,2,3,0,3,0,3,4,4,2,5,6,4,8,5,3,8,4,3,11,9,7,8,8,7,4,5,7,9,2,9,7,10,12,9,4,4,3,4,9,1,9,4,4,9,5,11,10,0,8,0,17,3,2,2,0,1,0,8,14,11,1,6,29,18,1,21,17,22,7352,7342,19,74,7273,7603
,540,0,0,0,0,0,1,1,1,2,1,2,1,2,2,2,3,1,1,5266,3,2,1,3,3,1,1,3,3,3,1,4,3,4,3,8,6,5,3,3,6,5,4,8,8,10,8,7,9,8,8,2,8,3,5,6,8,9,3,8,4,8,1,3,4,8,9,7,10,13,1,8,1,16,3,1,2,0,1,0,10,19,20,2,9,36,29,2,38,24,33,8497,8591,28,112,8096,8918
,545,1,0,1,1,0,2,2,2,2,1,1,1,2,0,0,1,1,1,5522,3,2,2,2,2,2,3,1,1,4,1,4,2,4,1,4,2,5,7,7,6,6,5,6,9,8,3,4,4,7,4,4,7,3,10,10,4,7,7,8,5,9,1,8,2,11,5,6,11,11,1,11,0,21,5,2,2,0,1,0,11,21,27,2,12,56,46,4,50,32,43,8478,8761,36,140,8320,8634
,550,0,0,1,0,1,2,2,2,0,2,2,1,0,1,1,2,1,2,4778,1,2,0,2,1,0,1,1,2,2,3,2,5,2,0,6,2,3,3,2,0,9,6,3,3,2,8,8,8,6,7,2,7,3,8,10,8,9,3,2,2,4,1,7,5,11,9,8,14,17,1,23,1,30,5,2,3,0,2,0,13,32,29,3,15,60,60,4,56,42,54,7585,7755,53,154,7472,7765
,555,0,0,0,0,1,0,1,1,1,1,1,1,1,1,1,1,1,2,3617,2,0,1,2,2,1,2,2,2,3,4,3,3,3,2,5,4,3,5,5,2,8,5,6,6,6,7,6,8,6,3,3,5,6,8,13,7,7,12,4,6,5,2,8,4,13,15,16,18,18,2,32,1,43,7,6,3,0,2,1,18,37,36,3,19,89,78,5,73,51,64,5661,5841,61,146,5466,5781
,560,0,0,1,0,1,1,1,3,1,1,1,0,1,1,0,1,1,1,2359,1,1,1,1,2,1,1,1,1,2,1,4,2,2,1,6,3,3,4,6,2,14,4,10,4,8,4,7,15,6,6,4,6,6,7,10,9,12,10,6,5,10,4,15,6,21,17,27,28,32,3,52,2,48,7,7,3,1,2,1,16,39,36,3,18,78,70,5,64,48,65,3666,3895,65,114,3562,3793
,565,0,0,0,1,0,1,1,2,1,0,1,1,1,1,0,1,0,1,1611,1,1,0,1,2,0,1,1,1,1,1,2,2,3,1,7,5,4,5,10,4,11,6,7,7,11,9,9,13,9,7,5,7,6,11,12,12,17,14,9,8,15,5,25,10,30,26,38,46,44,4,57,2,53,7,8,4,0,2,1,16,36,32,3,17,68,58,5,63,43,59,2545,2667,57,91,2481,2630
,570,0,0,1,0,0,1,1,1,1,1,1,1,1,2,0,1,1,1,1048,1,1,1,1,3,0,1,0,1,2,1,1,2,3,1,10,6,8,9,7,5,18,11,9,11,23,14,15,24,14,9,7,12,12,15,20,20,30,25,15,12,26,11,40,17,49,38,60,58,57,4,66,3,47,7,9,3,0,2,0,15,32,27,3,14,58,58,4,53,38,49,1637,1715,48,67,1636,1685
,575,0,1,0,0,0,0,1,1,1,1,1,0,1,1,0,1,1,1,594,1,0,0,1,2,1,1,0,1,1,3,1,2,2,1,16,16,10,13,16,8,28,22,14,16,29,24,25,40,25,15,10,20,22,28,34,35,52,47,23,19,47,16,63,24,68,49,72,68,73,5,75,3,38,6,10,2,1,1,0,10,23,20,2,11,44,40,3,39,28,36,940,980,41,45,915,976
,580,1,0,0,0,0,2,1,1,1,0,1,1,1,0,0,1,1,1,347,1,0,2,1,2,0,1,0,1,1,1,1,2,2,1,25,20,20,26,18,15,49,33,26,28,60,51,46,70,46,28,19,33,43,55,57,60,82,75,38,31,77,21,89,31,79,61,81,73,75,5,65,2,33,4,9,2,0,1,0,7,18,17,1,8,33,26,2,26,19,26,561,591,28,40,525,586
,585,0,0,0,0,0,0,1,1,0,1,0,0,0,1,0,1,0,1,189,1,0,0,1,1,0,1,0,0,1,1,1,2,3,1,45,39,40,47,33,31,89,64,52,56,100,78,79,119,82,47,36,62,82,97,104,98,128,118,57,47,112,25,105,38,93,63,83,77,72,4,58,2,21,3,8,2,0,1,0,6,10,10,1,5,21,16,1,16,14,17,309,319,17,25,289,315
,590,0,1,0,0,0,0,1,2,0,0,1,0,0,1,0,1,0,1,135,0,0,0,1,1,0,1,0,1,4,1,1,2,4,1,72,68,61,70,58,52,130,99,81,91,145,116,123,169,116,82,56,94,113,132,149,139,158,153,66,58,140,28,108,40,94,64,73,69,62,4,57,2,16,3,7,1,0,1,0,2,10,8,1,4,18,14,1,15,12,16,201,202,13,16,189,194
,595,0,0,0,0,0,0,1,1,2,1,1,2,1,0,0,1,1,1,80,1,0,0,1,2,0,1,0,1,1,1,0,2,9,1,108,93,99,115,88,81,187,148,132,142,204,177,179,227,161,125,82,140,167,178,193,171,171,183,73,67,158,27,106,38,82,56,68,56,50,3,38,1,12,2,5,1,0,0,0,3,8,7,1,3,12,8,1,11,9,9,127,133,10,11,118,124
,600,0,0,0,0,0,0,1,0,0,0,1,0,0,0,0,3,0,1,53,0,0,0,3,1,0,1,0,1,2,1,1,2,12,1,166,145,155,173,152,141,271,224,209,219,289,260,269,325,202,197,119,205,223,237,232,202,190,196,79,69,161,24,93,36,67,46,49,40,38,2,26,1,9,2,4,1,0,0,0,3,6,5,0,2,10,8,1,7,8,6,71,80,4,9,70,85
,605,0,0,0,0,0,0,0,0,0,1,2,1,0,0,0,0,0,0,33,1,2,0,1,1,0,1,0,1,3,2,1,3,17,3,249,208,240,256,232,224,369,318,297,329,386,343,349,411,225,267,141,260,270,272,251,216,180,184,72,68,144,19,82,26,55,36,34,29,24,1,18,1,6,1,3,0,0,0,0,2,4,4,0,3,9,5,1,2,5,5,48,51,6,4,50,46
,610,0,0,0,0,0,0,0,0,2,2,1,0,0,0,0,1,0,1,24,1,1,0,1,2,1,1,0,1,7,2,6,4,34,4,329,272,324,351,323,318,441,417,396,424,449,412,427,472,246,322,161,296,285,279,247,205,171,172,65,62,128,14,61,20,40,26,25,22,15,1,14,1,5,1,2,1,0,0,0,2,3,2,0,2,7,11,0,5,3,5,32,37,3,5,31,27
,615,0,0,0,0,0,0,0,0,0,1,1,0,1,0,0,1,0,1,20,1,0,0,1,2,1,1,1,2,9,3,4,5,51,8,421,356,417,439,430,410,511,485,482,502,495,460,492,518,224,373,167,303,284,258,242,185,143,153,55,55,106,11,45,15,30,21,17,14,12,1,10,0,5,1,2,1,0,0,0,1,4,2,1,1,3,1,0,0,4,6,22,28,1,14,22,35
,620,0,0,0,0,0,0,0,2,0,0,1,0,1,0,0,1,0,2,17,1,1,3,2,3,2,1,3,3,12,5,6,8,92,12,532,452,541,549,537,526,535,553,556,556,508,487,515,514,195,364,159,295,269,231,205,160,107,122,41,43,85,9,35,12,18,15,12,11,8,1,11,0,4,1,1,0,0,0,0,1,3,2,0,1,16,0,0,2,3,2,18,24,2,0,18,16
,625,1,0,1,1,0,0,0,2,1,1,1,0,1,0,0,1,3,1,11,2,1,2,3,5,3,3,3,6,21,11,12,14,151,24,631,539,647,656,642,618,545,583,571,563,485,468,509,479,164,360,137,263,221,186,157,121,86,91,33,34,63,6,25,8,22,18,8,9,6,0,6,0,13,1,1,0,0,0,0,10,1,1,0,1,3,0,0,0,2,1,9,16,0,1,11,12
,630,0,0,0,0,0,0,1,0,0,1,1,0,1,2,0,2,1,2,10,3,2,3,5,6,6,5,7,9,41,17,20,22,246,45,701,629,745,707,695,669,524,570,562,531,445,426,458,433,133,307,114,221,178,148,126,95,61,73,28,25,45,4,14,7,9,11,7,6,1,1,6,0,1,1,1,0,0,0,0,0,2,1,0,1,4,0,0,0,3,1,11,16,0,2,19,8
,635,0,0,0,0,0,0,0,1,1,1,2,1,2,1,0,2,1,2,11,4,4,4,7,10,10,8,13,17,67,31,35,36,347,71,733,691,770,725,704,678,499,543,532,519,417,386,435,409,102,271,99,186,151,112,98,70,47,61,20,20,37,3,13,5,2,8,7,4,2,0,7,0,1,0,1,1,0,0,0,1,1,1,0,0,2,11,0,0,3,1,6,14,0,1,7,9
,640,0,0,0,0,0,0,1,1,1,1,2,1,3,2,0,3,2,2,10,7,6,9,14,15,20,11,21,24,104,54,56,60,469,115,727,694,766,695,651,625,481,507,473,477,389,343,394,366,81,228,73,149,109,99,72,54,38,39,14,16,34,2,5,7,5,7,2,0,1,1,5,0,2,1,1,0,0,0,0,0,1,2,0,1,1,0,0,0,5,0,3,11,0,0,9,5
,645,1,0,0,0,0,2,1,1,2,3,4,4,4,2,2,7,4,5,7,10,12,15,18,25,28,19,37,44,170,89,95,98,602,183,660,665,739,639,614,577,455,462,428,416,356,288,356,320,57,171,56,111,80,68,52,39,27,26,12,12,18,2,2,4,3,5,1,2,0,0,4,0,3,1,1,0,0,0,0,3,0,0,0,1,1,0,0,0,4,0,6,11,0,0,9,5
,650,0,0,0,1,0,4,3,2,4,4,6,6,9,3,3,8,6,7,25,19,21,28,35,42,52,34,69,76,277,153,166,177,733,297,595,647,655,613,560,514,415,401,374,342,320,236,293,273,37,127,39,77,54,50,39,38,18,18,8,9,11,0,0,2,0,6,0,0,0,0,2,0,3,1,1,0,0,0,0,0,2,1,0,2,0,0,0,0,5,0,8,8,0,0,8,4
,655,0,0,0,1,0,5,4,4,8,6,9,12,12,6,7,11,11,9,9,29,33,43,55,66,81,58,113,123,374,239,254,263,786,418,571,625,602,559,512,468,380,380,323,296,254,195,253,222,34,97,31,60,47,36,32,21,13,25,6,7,12,0,0,1,0,12,0,3,0,0,3,0,0,0,0,0,0,0,0,0,2,0,0,1,3,0,0,0,2,0,3,13,0,0,9,2
,660,1,1,0,1,0,8,6,6,10,10,14,15,18,9,12,17,15,16,11,46,52,70,85,97,131,86,166,184,480,342,352,374,813,524,526,584,558,546,464,422,342,320,277,232,205,150,202,180,26,74,25,46,36,27,25,20,8,14,7,6,8,0,0,2,0,4,1,0,0,0,0,0,0,4,0,0,0,0,0,6,1,2,0,1,0,0,0,0,0,0,5,10,5,2,8,0
,665,1,1,1,1,1,17,8,9,13,20,20,24,30,15,24,27,25,25,9,76,84,113,137,161,196,131,261,290,594,478,489,514,754,637,465,553,507,464,391,361,272,281,214,187,150,114,156,130,20,53,20,33,30,23,19,8,5,1,4,5,6,1,0,5,0,1,2,0,0,0,0,0,0,0,1,0,0,0,0,0,1,0,0,0,1,0,0,0,1,1,4,15,10,0,7,2
,670,2,2,2,3,1,26,15,17,27,28,37,43,54,25,36,47,45,39,6,128,146,191,229,259,303,224,383,426,666,628,631,664,681,695,394,493,434,383,316,272,205,204,158,137,114,79,112,97,12,43,13,27,17,16,14,7,5,4,4,5,3,0,0,1,18,5,0,0,0,0,1,0,0,0,0,0,0,0,0,0,1,0,0,1,0,15,0,0,0,0,5,20,0,0,8,6
,675,3,3,2,2,2,41,22,27,42,44,59,66,85,43,61,72,73,67,6,202,221,286,325,361,405,321,489,571,701,721,699,757,594,727,332,433,342,318,244,211,173,160,122,98,85,58,88,70,11,30,11,21,11,13,12,7,3,1,12,4,5,0,0,0,0,2,0,0,0,0,0,0,0,1,0,0,0,0,0,0,0,1,1,0,2,0,0,0,1,0,4,13,22,0,1,0
,680,4,4,4,4,3,66,36,44,66,67,87,105,130,65,97,113,111,104,9,297,325,397,440,467,486,441,590,700,672,774,744,785,501,677,272,352,276,243,191,154,126,114,87,71,59,47,63,48,9,24,9,14,8,8,10,5,3,0,4,3,0,0,0,3,0,2,0,0,0,0,3,0,0,1,1,0,0,1,0,1,1,0,1,1,0,0,0,0,0,0,2,8,0,0,9,21
,685,7,7,5,7,5,104,58,70,101,107,142,169,209,106,155,187,169,160,6,421,448,528,545,569,557,562,656,765,620,762,721,777,417,606,213,275,217,182,141,120,89,85,62,57,47,30,44,37,20,20,7,15,27,9,6,7,2,1,2,2,3,0,0,2,0,3,0,0,0,0,4,1,0,1,0,0,0,1,0,0,0,0,0,2,5,0,0,17,4,0,1,11,0,0,10,0
,690,10,10,8,9,9,166,90,104,162,164,220,253,322,162,246,281,265,251,10,560,594,668,641,639,598,683,663,805,560,732,690,717,343,517,158,238,155,146,101,91,69,61,47,44,26,18,36,32,9,34,5,15,5,7,8,4,0,0,4,4,2,0,0,2,0,7,0,0,0,0,2,1,0,0,1,0,0,0,0,0,1,15,0,1,0,0,0,0,2,0,0,15,0,0,0,0
,695,16,16,15,16,16,275,148,178,258,272,367,426,508,274,398,454,444,406,13,711,719,788,679,677,600,721,649,766,447,614,585,618,248,421,108,141,108,103,79,57,53,45,41,27,21,17,40,16,8,14,5,15,0,8,8,7,0,0,3,4,0,0,0,2,0,5,0,0,0,0,7,0,0,1,1,0,0,0,0,0,0,0,0,0,0,0,0,0,0,0,0,15,0,0,0,0
,700,28,25,24,25,24,431,233,282,400,424,568,634,734,432,618,664,663,618,18,833,795,802,703,639,527,737,566,699,361,534,491,492,189,329,76,110,82,69,52,47,35,35,42,18,20,9,20,8,2,7,3,13,0,0,7,0,28,0,1,3,0,0,18,2,23,3,0,0,0,0,2,0,0,0,0,0,0,0,0,0,2,0,0,1,0,0,0,0,0,0,0,13,0,0,6,0
,705,39,39,36,37,37,634,352,425,598,644,795,914,1019,636,861,959,928,869,14,860,799,800,656,586,467,705,481,625,294,444,413,430,150,259,72,76,59,74,39,27,30,23,18,15,9,9,10,6,6,12,0,9,0,4,27,3,0,21,2,4,0,0,0,2,0,6,0,0,0,2,0,0,0,1,1,0,0,0,0,0,0,0,0,1,0,0,0,0,3,0,62,19,0,46,0,6
,710,59,56,52,55,56,882,513,610,835,880,1065,1190,1251,873,1138,1250,1170,1162,8,821,723,699,531,484,388,599,394,494,209,342,297,317,96,188,41,51,43,41,27,15,22,14,10,15,10,2,9,9,8,14,4,9,2,0,19,3,0,0,1,14,0,0,0,1,22,0,0,0,0,0,6,0,29,1,1,0,0,0,0,0,0,1,0,0,0,0,0,0,3,0,7,57,0,0,0,31
,715,94,88,80,87,82,1236,752,890,1186,1199,1419,1522,1490,1212,1434,1522,1458,1474,19,692,596,561,429,356,261,457,259,343,147,219,203,208,67,122,32,32,25,23,19,12,21,8,4,3,5,0,5,6,3,9,2,9,1,0,5,1,0,0,0,5,0,0,0,2,0,0,0,0,0,0,3,0,0,0,0,0,0,0,0,0,0,0,0,1,0,0,0,0,0,0,0,15,0,0,6,1
,720,136,131,124,126,127,1521,1033,1194,1547,1515,1703,1735,1592,1498,1652,1703,1632,1685,11,586,509,453,316,282,201,363,188,263,97,157,147,153,49,90,18,26,19,25,11,10,16,5,2,8,3,2,3,0,1,4,1,8,0,0,0,2,1,0,0,3,0,0,0,0,0,3,0,3,0,0,0,0,0,7,2,0,0,0,1,0,1,0,0,1,2,0,1,0,1,0,2,9,30,0,5,0
,725,199,181,178,179,180,1845,1357,1542,1797,1831,1888,1861,1623,1795,1811,1859,1712,1879,50,497,427,377,254,215,161,297,148,201,72,128,111,120,38,65,10,16,13,15,11,2,15,8,3,6,3,0,0,0,8,8,1,4,0,0,0,0,0,14,3,3,0,0,0,4,0,17,0,0,0,0,2,0,0,0,0,0,0,0,0,0,0,1,0,1,33,0,0,0,4,0,0,14,0,0,1,0
,730,287,264,247,260,261,2103,1726,1936,2114,2081,2095,2002,1654,2030,1956,1899,1774,1999,13,438,347,294,211,173,119,245,115,157,53,95,84,95,28,52,9,11,15,10,14,4,26,7,0,6,2,2,0,0,4,7,2,30,0,38,5,0,0,0,2,3,0,0,0,11,0,4,0,0,0,0,1,0,3,1,1,0,0,0,0,0,0,0,0,1,0,0,0,0,3,0,2,19,0,0,12,2
,735,437,405,380,394,394,2291,2115,2295,2358,2285,2191,2004,1602,2216,1972,1940,1763,2044,14,345,275,236,165,149,90,184,86,126,49,68,67,84,24,51,13,11,8,10,10,0,11,28,0,1,0,0,4,0,1,33,4,5,0,3,3,0,0,0,3,4,0,0,0,2,32,2,0,0,0,1,0,0,1,2,0,0,0,0,0,0,1,0,0,1,0,0,0,17,1,0,1,13,0,0,0,10
,740,685,633,600,618,628,2305,2451,2599,2418,2319,2073,1860,1389,2257,1805,1695,1561,1880,16,247,195,172,114,96,60,123,53,81,30,49,45,47,17,23,3,0,0,10,9,0,9,0,0,0,0,0,1,0,0,7,2,7,0,2,4,5,0,0,0,4,0,0,0,1,0,2,0,0,0,0,34,0,0,1,0,0,0,0,0,0,17,0,0,1,0,0,0,0,0,0,1,14,0,3,10,2
,745,963,892,819,867,844,2214,2589,2630,2355,2198,1883,1660,1171,2145,1610,1563,1395,1664,16,196,151,121,89,71,48,96,48,65,25,35,35,35,17,20,4,0,0,7,16,0,16,1,0,3,11,0,0,0,2,6,4,8,0,0,46,1,0,0,0,4,0,0,0,2,0,40,0,0,0,0,0,0,0,10,1,1,0,0,0,33,2,0,0,3,0,0,0,0,1,0,16,26,0,0,12,6
,750,1322,1177,1110,1164,1132,1966,2586,2562,2153,1953,1634,1392,973,1897,1335,1303,1192,1435,20,150,109,94,67,59,34,75,31,52,22,29,23,30,14,7,4,0,0,0,5,0,14,0,0,0,0,0,0,0,0,2,0,7,0,2,1,0,0,0,0,6,0,0,0,4,0,8,0,0,0,0,0,0,0,7,0,0,0,0,0,0,0,2,0,2,0,0,0,0,2,0,0,18,0,0,0,0
,755,1760,1566,1501,1555,1506,1635,2373,2271,1746,1633,1321,1093,740,1577,1027,972,861,1132,21,104,70,65,38,38,15,55,15,35,14,15,16,20,6,1,0,0,0,0,4,0,52,0,0,1,0,0,6,0,7,49,0,1,0,0,1,0,0,52,6,7,0,0,0,4,34,8,0,0,0,0,0,0,51,4,0,4,0,0,1,0,24,0,0,1,0,0,0,0,8,0,2,20,0,0,0,0
,760,2334,2045,1905,2016,1963,1364,2046,1928,1430,1306,1006,826,561,1269,801,730,675,853,21,75,54,51,38,32,34,39,18,26,13,17,12,24,14,0,0,0,0,0,2,0,15,2,0,0,0,0,0,0,9,7,3,62,0,0,6,14,0,0,4,7,5,0,0,3,0,5,0,0,0,0,15,0,0,3,0,0,0,4,0,0,15,2,0,1,0,0,0,0,0,0,0,33,0,0,0,0
,765,2819,2459,2318,2397,2351,1002,1679,1537,1095,972,738,608,375,949,571,544,461,619,2,50,54,26,21,25,8,22,6,14,12,10,6,19,14,1,0,0,0,20,2,0,6,0,0,0,0,0,0,0,0,6,4,0,0,0,3,0,25,0,3,7,0,0,0,0,0,10,0,0,0,0,0,0,0,0,0,0,0,0,0,0,0,3,4,3,0,0,0,0,0,0,5,51,0,0,5,19
,770,3189,2723,2583,2686,2624,767,1311,1236,820,758,559,452,273,730,426,394,350,456,53,59,25,23,16,19,0,20,4,11,7,4,4,14,1,0,1,0,0,0,0,0,81,0,0,62,0,0,0,0,10,10,0,16,2,0,0,76,0,0,6,31,0,0,0,0,0,0,0,0,0,0,5,0,0,0,2,0,0,0,1,0,46,0,0,4,0,0,0,0,1,0,0,49,0,0,9,0
,775,3403,2875,2752,2837,2764,594,1071,959,647,617,453,325,214,555,320,298,273,359,16,27,28,16,9,22,1,16,0,14,12,1,0,14,9,0,0,0,0,3,11,60,15,0,0,0,0,0,0,0,82,5,5,16,0,10,8,19,0,0,0,11,0,0,0,4,0,10,0,0,0,3,17,0,0,0,2,1,0,0,1,0,6,76,0,4,17,0,0,0,0,0,0,48,0,0,16,5
,780,3347,2918,2717,2815,2742,385,774,670,438,403,304,233,136,382,218,201,174,240,32,18,8,5,23,19,0,8,1,4,4,1,1,6,6,0,0,0,0,0,4,0,23,0,0,0,0,0,0,0,0,0,42,9,0,0,0,0,0,0,9,9,0,0,0,5,0,5,0,74,0,0,15,4,0,1,4,0,0,6,1,0,5,0,0,2,0,0,0,0,0,0,0,76,0,0,0,2
,785,3167,2679,2495,2590,2525,276,565,490,306,279,206,144,100,255,141,148,128,188,47,9,2,3,8,14,0,8,0,7,0,0,0,9,3,0,5,0,0,0,0,0,18,0,0,0,85,48,0,0,0,22,1,12,0,6,10,6,0,0,8,6,0,0,0,4,58,8,0,0,0,0,0,0,17,8,4,0,0,0,1,0,8,0,0,23,1,0,0,0,0,0,0,29,0,0,20,10
,790,2851,2363,2189,2294,2210,203,408,350,220,200,156,106,86,198,97,106,93,123,64,13,3,0,2,56,0,6,0,0,10,0,42,55,7,0,0,0,0,0,0,0,25,0,0,0,0,0,0,0,0,0,5,18,0,0,13,3,0,0,5,12,0,0,0,0,0,13,0,0,0,0,0,0,0,0,0,0,0,0,1,0,8,0,0,1,0,0,0,0,23,0,31,57,0,0,8,139
,795,2512,2042,1872,1992,1899,144,308,263,166,153,123,78,51,133,70,80,57,107,225,9,0,1,10,21,0,1,0,9,0,6,0,20,6,0,0,0,0,0,8,0,35,0,0,0,0,0,0,0,12,13,6,36,0,0,0,0,9,0,0,9,0,0,0,20,0,0,0,0,0,0,4,0,0,4,9,1,0,0,1,0,0,5,0,1,0,0,0,0,2,0,58,49,0,0,0,12
,800,2061,1683,1488,1616,1555,99,227,198,127,116,80,61,36,137,49,65,40,71,8,2,0,0,5,11,0,4,0,0,0,0,0,10,14,0,0,0,0,0,6,0,23,0,0,0,81,0,0,0,104,0,5,129,0,8,12,0,0,0,3,16,0,0,0,7,0,4,0,0,0,0,0,0,0,5,3,0,0,0,1,0,10,0,0,36,16,0,0,0,0,0,10,47,0,0,10,0
,805,1597,1216,1107,1172,1120,53,146,129,76,73,48,37,23,62,25,57,28,82,71,12,0,0,2,15,0,0,0,0,0,0,57,11,5,0,0,0,0,0,0,0,22,0,0,0,94,0,0,0,125,0,77,0,0,0,0,0,0,0,13,5,4,0,0,10,0,0,0,0,0,0,0,0,0,40,4,0,0,0,1,0,15,0,0,10,0,0,0,0,3,0,22,18,0,0,22,0
,810,1245,930,852,891,868,52,104,86,60,49,51,18,24,59,0,31,14,49,76,6,0,0,1,13,0,0,0,0,0,0,0,15,10,0,0,0,0,26,124,0,27,0,0,0,75,0,0,0,0,9,63,46,0,0,18,0,3,0,9,27,0,0,0,22,0,15,0,0,0,0,0,0,0,41,3,2,0,0,1,0,0,1,0,4,0,0,0,0,7,0,0,110,0,0,41,0
,815,954,722,660,684,666,32,71,67,45,43,29,9,14,34,5,66,7,34,108,0,0,0,9,19,0,3,0,5,0,0,0,5,0,0,0,0,0,0,0,0,3,0,0,0,0,0,0,0,6,14,16,23,0,163,0,125,7,0,10,9,0,0,0,0,0,34,0,0,0,0,11,1,0,2,2,0,0,0,1,0,0,0,0,8,0,0,0,0,16,0,0,47,0,0,31,10
,820,696,524,467,498,472,10,53,57,24,36,19,0,4,14,0,18,14,28,87,4,0,0,0,21,0,55,57,4,7,0,0,71,6,0,0,0,0,0,16,0,16,112,0,0,0,0,15,0,15,0,2,13,0,2,13,0,0,0,6,16,0,0,0,0,0,0,0,0,0,0,0,1,0,8,6,16,0,0,1,0,11,0,0,9,2,95,0,0,3,0,0,46,0,0,0,19
,825,512,369,335,362,345,0,36,30,13,18,10,2,0,3,0,22,6,26,105,0,0,0,4,22,0,4,0,0,19,0,0,22,0,0,0,0,9,0,0,0,19,0,0,0,0,0,0,0,13,30,2,15,0,14,15,7,0,0,16,26,0,0,0,0,0,22,0,0,0,0,59,0,0,7,5,0,0,0,1,0,17,21,0,5,0,0,0,0,0,0,17,91,0,0,0,4
,830,350,268,247,267,251,0,23,19,24,4,9,0,0,2,0,11,2,104,111,0,0,0,14,31,49,9,0,89,85,0,0,108,0,0,0,157,0,0,0,0,70,0,0,0,0,0,0,0,24,3,3,46,0,10,4,0,0,0,48,37,0,0,0,117,0,0,0,0,0,1,0,0,0,8,58,0,0,0,2,0,21,0,0,7,0,0,5,0,0,0,0,183,0,0,0,0
,835,283,255,191,194,201,0,20,24,0,19,14,0,0,0,0,1,0,40,792,1,0,0,0,0,0,6,0,11,0,6,0,42,30,0,0,0,0,0,2,0,51,0,0,0,0,0,0,0,60,51,28,119,0,14,0,2,0,0,176,26,0,42,0,13,0,0,0,0,0,0,0,0,0,20,6,44,1,0,3,0,22,0,0,33,0,0,8,0,0,0,0,82,0,0,0,0
,840,214,161,133,156,166,0,17,5,152,18,9,0,0,25,50,1,0,59,262,6,0,0,37,38,108,9,0,0,0,0,0,37,70,0,0,0,0,0,38,0,140,0,0,20,0,0,0,0,0,49,0,162,29,36,129,0,0,0,32,16,0,114,0,31,2,0,0,0,0,0,0,0,0,0,27,2,0,41,6,0,0,0,0,9,0,0,0,0,71,0,204,505,0,0,43,926
,845,145,119,85,121,176,0,0,8,8,0,61,0,0,23,0,16,0,64,1835,16,0,156,23,355,0,0,0,0,0,0,0,112,0,0,0,0,0,0,0,0,186,0,0,0,0,0,0,0,184,124,333,211,0,0,0,0,15,0,30,72,102,0,0,49,0,91,0,0,0,73,31,0,0,12,3,0,0,1,8,0,85,0,0,92,0,0,79,0,0,0,30,538,0,0,323,0
,850,114,86,40,48,52,0,30,105,0,29,68,0,0,0,0,85,33,105,765,0,0,0,38,116,0,0,0,0,40,0,0,66,0,0,0,0,0,0,6,0,60,0,0,0,60,0,0,0,270,0,132,323,0,0,104,235,0,0,130,196,0,0,0,20,0,0,0,0,0,0,0,70,0,39,23,5,31,0,37,0,0,0,85,13,0,0,0,0,0,0,114,880,0,0,300,0
,,,,,,,,,,,,,,,,,,,,,,,,,,,,,,,,,,,,,,,,,,,,,,,,,,,,,,,,,,,,,,,,,,,,,,,,,,,,,,,,,,,,,,,,,,,,,,,,,
Read 22:EM Spectrum,,,,,,,,,,,,,,,,,,,,,,,,,,,,,,,,,,,,,,,,,,,,,,,,,,,,,,,,,,,,,,,,,,,,,,,,,,,,,,,,,,,,,,,,,,,,,,,,,
,,,,,,,,,,,,,,,,,,,,,,,,,,,,,,,,,,,,,,,,,,,,,,,,,,,,,,,,,,,,,,,,,,,,,,,,,,,,,,,,,,,,,,,,,,,,,,,,,
,Wavelength,A1,A2,A3,A4,A5,A6,A7,A8,A9,A10,A11,A12,B1,B2,B3,B4,B5,B6,B7,B8,B9,B10,B11,B12,C1,C2,C3,C4,C5,C6,C7,C8,C9,C10,C11,C12,D1,D2,D3,D4,D5,D6,D7,D8,D9,D10,D11,D12,E1,E2,E3,E4,E5,E6,E7,E8,E9,E10,E11,E12,F1,F2,F3,F4,F5,F6,F7,F8,F9,F10,F11,F12,G1,G2,G3,G4,G5,G6,G7,G8,G9,G10,G11,G12,H1,H2,H3,H4,H5,H6,H7,H8,H9,H10,H11,H12
,500,1,1,1,1,1,2,2,2,2,3,3,2,3,3,5,3,3,3,49,2,2,2,3,4,2,3,4,3,6,4,8,5,4,6,8,9,7,5,7,7,16,9,12,10,9,12,13,12,12,13,12,12,9,13,12,13,7,8,12,5,11,3,6,9,8,8,3,1,14,8,5,4,19,2,4,4,1,5,1,12,7,5,10,8,3,4,14,1,10,5,56,67,15,3,57,62
,505,1,1,1,1,1,2,2,1,2,2,2,2,3,3,3,3,4,2,91,3,3,3,2,4,2,3,3,3,5,7,7,4,5,5,6,9,12,5,7,11,11,9,13,14,12,12,12,12,11,11,11,6,13,18,8,15,5,7,9,5,12,3,6,13,9,10,3,1,16,8,4,5,20,1,5,5,0,7,1,21,5,6,10,16,4,4,16,1,9,3,140,144,6,4,143,147
,510,1,1,1,1,1,3,3,2,2,3,1,4,2,3,3,1,2,2,184,2,2,3,4,4,3,4,4,3,7,5,5,6,6,5,10,6,10,3,7,7,12,8,12,9,8,11,9,10,10,7,7,11,8,11,12,13,4,5,8,4,6,3,7,8,12,7,3,1,15,7,3,5,18,1,3,4,1,5,1,20,4,5,9,15,5,5,18,1,15,2,279,303,9,5,315,307
,515,1,0,0,1,1,2,3,2,2,2,2,2,3,1,3,1,3,1,457,2,2,1,4,4,2,3,2,4,7,5,7,4,7,6,10,6,6,5,10,6,12,7,8,8,10,7,7,12,5,6,7,6,10,8,7,7,6,4,6,3,12,4,4,12,13,6,4,1,8,10,4,3,11,1,3,4,0,7,1,13,5,6,9,14,3,6,12,2,14,3,747,802,6,4,822,842
,520,1,0,0,1,2,1,2,1,3,3,2,3,2,1,3,2,2,3,1009,3,3,2,2,4,3,5,2,3,7,3,7,4,5,6,7,5,9,2,10,7,12,10,12,7,7,7,11,11,10,10,11,11,13,12,12,7,3,4,6,3,9,2,5,6,13,8,2,1,16,9,4,3,16,1,6,4,0,8,1,20,5,6,16,16,3,6,9,2,11,3,1646,1672,6,7,1689,1708
,525,1,1,0,1,1,1,3,1,1,2,2,3,3,2,2,1,3,2,1741,2,3,2,2,3,1,1,3,2,5,3,5,4,3,7,7,8,5,4,9,6,7,11,7,12,6,10,6,11,11,5,6,6,11,6,8,11,3,3,6,5,8,2,5,7,11,13,2,0,7,10,4,4,10,1,4,4,1,5,1,17,7,7,13,16,5,4,17,3,8,3,2860,3088,10,8,3015,3074
,530,1,0,0,1,1,1,2,2,1,2,2,1,1,2,2,2,3,1,3152,3,3,1,3,4,3,2,2,2,3,4,6,6,5,3,9,7,4,2,10,5,11,5,10,10,11,6,8,5,4,9,11,4,12,10,6,7,4,3,12,4,10,2,5,10,10,4,3,0,6,6,2,4,11,2,2,3,1,5,1,11,7,13,24,21,4,6,16,3,23,4,5064,5530,9,12,5496,5601
,535,1,0,1,0,1,2,1,2,2,2,1,2,2,2,1,2,1,0,4572,3,1,1,1,3,2,1,2,1,3,2,4,3,2,5,4,7,9,4,6,5,6,10,5,12,10,9,8,8,2,8,8,7,9,6,10,9,5,5,8,4,9,3,5,6,9,8,2,1,6,6,3,4,13,2,5,3,1,7,1,20,10,16,33,35,7,12,24,3,25,7,7498,7953,18,21,7644,7839
,540,0,1,1,0,2,3,2,1,1,1,1,1,4,2,1,0,2,1,5328,2,2,1,2,1,3,1,2,4,4,2,3,3,3,2,8,6,3,2,4,8,7,9,10,6,8,5,5,5,3,6,8,8,10,5,10,7,5,6,5,4,4,2,4,10,9,8,2,1,11,10,2,3,17,2,2,5,0,8,1,14,16,23,42,45,14,15,40,6,41,10,8525,9223,23,34,9090,9206
,545,0,0,0,1,0,2,2,1,2,1,2,2,1,1,2,2,1,2,5627,2,1,4,3,1,0,3,2,3,5,1,8,3,4,4,3,3,4,1,7,7,12,9,9,5,4,4,5,5,2,3,8,4,10,4,4,9,5,2,5,4,9,2,5,5,5,5,3,0,14,8,2,5,29,2,6,6,1,10,2,17,22,39,71,71,15,23,63,7,56,13,8743,9408,31,37,9164,9115
,550,1,0,0,0,1,3,2,2,2,1,1,2,1,0,2,0,1,0,4861,2,2,0,3,1,5,1,2,1,2,3,4,2,4,5,7,2,2,3,4,3,10,5,8,9,6,5,5,5,8,2,3,8,8,8,9,8,2,3,11,6,4,2,6,11,16,5,4,0,16,11,7,8,32,4,8,10,1,11,2,27,30,43,88,83,22,32,75,10,63,15,7973,8150,40,41,7953,7876
,555,0,0,0,0,1,1,1,0,1,1,1,3,1,1,1,0,1,2,3786,1,2,1,3,2,1,2,2,1,3,2,3,3,2,3,6,4,6,2,7,6,14,7,5,9,10,7,8,9,4,7,8,13,6,7,8,8,5,5,10,4,7,4,8,11,16,15,4,1,21,20,11,10,47,4,11,12,1,11,2,28,36,51,96,95,25,37,92,11,78,18,5842,6245,52,40,6005,5950
,560,1,0,0,1,1,1,1,0,1,1,1,3,1,1,1,0,1,1,2364,1,1,0,2,2,2,1,1,4,3,2,3,3,2,3,4,7,8,5,5,5,14,7,9,10,21,13,11,16,6,6,14,7,9,11,10,11,7,13,14,6,12,9,9,21,27,18,7,2,38,31,12,17,57,4,15,12,1,13,2,36,40,51,95,104,25,37,93,11,75,21,3969,4046,51,33,3818,3968
,565,0,0,0,0,0,1,1,0,1,2,1,1,1,1,1,0,1,0,1676,1,1,0,3,3,0,3,2,1,3,3,3,2,1,2,8,5,8,4,8,7,20,13,11,13,28,18,17,26,16,8,10,7,18,13,13,13,11,13,21,9,16,10,13,32,38,26,9,2,58,42,18,21,56,4,19,12,1,16,2,26,35,45,93,92,22,34,78,9,66,17,2624,2814,44,26,2601,2692
,570,1,0,0,0,0,1,1,0,2,1,1,1,1,1,1,0,1,0,1048,1,1,1,1,1,1,1,1,1,2,2,3,3,2,2,12,7,13,6,13,9,30,25,18,19,35,31,29,44,16,10,15,14,16,20,20,27,17,21,37,14,31,16,21,47,50,38,12,3,77,49,19,25,51,4,22,12,1,10,2,21,30,39,72,74,20,28,68,8,58,15,1700,1798,38,22,1726,1754
,575,0,0,0,0,0,1,1,0,1,2,0,1,3,1,1,0,1,1,599,1,1,0,1,1,0,1,1,1,2,1,3,2,3,2,21,14,20,10,22,19,52,38,27,32,58,50,53,65,32,17,26,23,30,35,37,44,28,36,65,25,54,23,30,75,75,53,17,4,79,54,21,25,44,3,23,9,1,8,1,17,24,29,69,55,15,21,50,7,44,11,976,1068,28,13,1013,1008
,580,0,0,0,0,0,1,1,0,0,1,0,1,0,1,1,0,0,0,350,0,1,0,1,1,1,3,1,1,2,2,2,2,3,2,36,24,37,17,38,39,85,67,53,57,93,81,82,106,57,30,56,43,54,65,65,79,44,56,98,38,86,31,41,98,92,67,19,4,88,54,19,26,31,2,26,7,1,6,1,15,17,20,39,51,11,15,35,5,31,8,581,605,20,12,564,576
,585,0,0,0,0,0,1,1,0,0,0,0,1,1,1,1,0,0,0,180,0,0,0,1,3,0,1,1,1,3,1,3,2,6,2,64,47,63,29,65,68,137,107,91,99,140,134,128,162,99,62,90,78,96,109,113,127,63,83,134,54,121,36,48,119,104,70,19,4,77,47,16,19,27,2,17,6,0,5,1,9,14,14,33,26,8,10,24,3,25,6,306,337,12,6,305,320
,590,0,0,0,0,0,1,1,0,0,0,0,1,1,2,3,0,0,0,116,2,1,0,1,0,0,0,0,1,3,2,3,2,9,2,97,65,89,41,104,105,185,156,134,140,194,189,178,210,144,91,132,121,139,151,154,170,80,102,160,67,145,40,51,126,106,67,19,4,71,39,16,14,29,1,14,5,0,4,1,8,9,17,21,18,6,8,19,3,17,5,206,210,11,5,194,215
,595,0,0,0,0,0,1,1,0,0,1,0,1,0,0,1,0,2,0,77,0,0,0,1,1,0,1,1,1,3,1,3,5,15,3,136,95,135,58,153,152,241,210,200,207,258,251,244,268,196,137,188,177,195,202,196,211,87,114,176,74,160,37,50,120,101,58,16,3,56,29,10,11,14,1,12,4,0,3,1,3,7,8,16,15,5,6,13,2,14,4,129,139,8,4,132,133
,600,1,0,0,0,0,1,1,0,1,0,0,1,0,0,1,0,0,0,44,0,1,0,1,1,1,1,1,1,5,1,4,3,31,4,195,144,201,84,235,231,327,293,276,293,332,327,318,346,238,215,269,239,259,245,245,246,91,124,174,79,163,35,46,104,77,53,12,2,39,21,7,9,11,1,8,3,0,1,1,3,6,12,12,11,4,5,21,2,9,3,76,81,4,4,76,80
,605,0,0,0,0,0,0,1,0,0,1,0,1,0,0,1,0,0,0,26,0,1,1,1,1,0,1,1,1,7,2,4,3,52,6,258,194,269,114,321,320,417,387,368,384,416,409,416,411,262,285,329,305,293,274,259,244,88,121,165,74,147,26,37,82,60,34,9,2,28,15,5,5,8,1,7,3,0,2,0,3,4,5,9,7,3,3,7,1,7,3,46,49,3,2,45,48
,610,0,0,0,0,0,1,1,0,0,0,0,1,0,0,1,0,0,0,16,0,1,0,1,1,1,0,2,2,11,3,5,5,85,11,328,242,339,143,422,414,478,459,461,460,464,474,475,447,271,341,336,337,290,281,247,236,78,110,148,66,134,22,30,64,44,26,7,1,20,13,4,4,8,1,5,2,0,0,0,1,3,5,6,7,2,2,5,1,4,2,29,36,3,2,27,33
,615,0,0,0,0,0,1,1,0,0,0,0,1,1,0,1,0,0,0,12,1,1,0,1,1,1,1,1,2,17,5,8,7,127,18,390,298,413,169,516,506,511,533,523,523,483,502,489,476,250,375,349,334,299,255,231,223,69,93,123,60,118,17,23,55,34,20,5,1,14,18,3,3,6,0,4,1,0,0,0,0,3,4,3,3,1,4,5,1,3,1,25,25,9,2,31,23
,620,0,0,0,0,0,1,1,0,0,0,0,1,0,0,1,0,0,0,6,1,2,0,2,1,2,1,4,4,29,9,13,11,196,29,460,342,499,200,623,622,524,570,564,559,490,505,507,457,218,369,323,318,266,226,198,175,52,77,94,48,85,12,20,36,24,14,4,1,10,8,2,5,6,0,2,1,0,1,1,6,3,2,2,4,2,2,3,1,6,2,28,15,0,2,15,15
,625,1,0,0,0,0,1,1,0,1,1,0,3,3,0,1,0,1,0,4,1,2,1,3,3,4,3,5,6,51,15,23,20,288,50,503,407,580,220,677,663,513,567,553,534,459,451,476,434,174,341,270,270,230,183,155,137,37,56,70,36,70,10,12,26,15,10,4,0,11,7,1,1,4,0,2,1,0,1,0,1,2,2,4,0,1,3,3,1,3,2,13,13,0,1,10,9
,630,1,0,0,0,0,1,1,0,1,1,0,2,2,0,1,0,0,0,5,2,2,3,5,6,6,4,9,14,85,27,39,36,401,86,517,442,598,220,688,672,490,524,531,492,428,414,457,404,130,314,214,226,184,139,112,101,29,44,57,27,46,6,8,18,21,10,3,0,7,4,2,1,6,0,0,5,0,1,0,0,3,1,1,2,1,2,5,1,3,1,7,4,0,1,6,9
,635,1,0,0,0,1,1,1,0,1,1,1,2,2,1,2,1,1,0,1,4,5,5,7,9,11,7,16,17,125,44,63,54,543,131,529,469,601,221,679,663,485,514,501,466,421,395,423,380,102,265,183,184,148,115,93,77,24,34,41,21,34,8,6,13,10,10,2,0,5,4,1,0,2,2,0,5,0,0,1,0,3,2,15,0,1,1,2,1,0,1,4,8,0,2,7,6
,640,1,1,0,0,0,2,1,0,2,2,1,3,3,1,3,2,2,2,0,6,7,10,13,14,18,14,23,29,183,72,103,89,653,200,519,482,599,221,633,628,473,478,460,424,390,332,393,345,76,215,145,148,116,84,69,54,18,24,38,16,24,4,6,12,7,6,2,0,2,1,0,0,2,0,6,1,0,0,0,0,1,4,0,0,1,0,0,1,2,0,7,6,0,1,16,23
,645,1,0,0,1,0,3,2,0,3,3,2,4,5,2,4,3,3,2,0,11,13,16,20,25,32,19,40,51,267,118,159,148,773,292,506,498,576,208,601,574,455,456,417,387,358,301,364,302,56,163,105,110,84,63,49,42,13,18,21,12,17,3,5,9,1,5,3,0,4,14,1,0,2,0,0,1,0,0,0,0,2,3,4,0,1,0,3,1,0,1,7,1,0,1,0,5
,650,1,0,0,0,0,6,3,2,4,5,5,7,9,4,8,6,7,5,0,19,21,29,37,45,56,38,71,91,386,200,243,235,861,420,494,492,560,202,542,521,443,420,382,326,312,244,308,254,41,121,74,80,62,57,34,34,10,15,17,11,22,3,5,5,3,13,2,0,0,2,0,0,2,0,1,1,0,5,0,0,10,2,2,0,0,2,0,1,2,2,2,6,0,1,0,3
,655,1,1,1,0,0,7,5,4,7,7,8,11,19,7,10,9,11,9,0,32,35,42,59,71,88,55,110,141,494,298,347,341,880,527,490,515,535,200,531,478,406,390,321,295,258,209,248,211,29,89,54,63,47,34,25,37,10,10,12,7,12,2,4,1,18,4,1,0,2,2,0,0,6,0,2,3,0,0,0,0,4,2,0,0,0,1,0,1,0,1,0,5,0,6,2,2
,660,1,1,1,0,1,12,6,7,10,10,14,18,20,11,16,15,18,15,0,52,53,70,91,112,135,86,187,216,579,407,451,446,853,638,469,501,504,185,466,424,356,338,288,239,200,158,201,168,20,71,44,49,35,27,18,18,7,7,8,7,4,1,3,8,0,4,1,1,0,3,0,0,1,0,0,0,0,0,0,0,3,1,5,0,0,0,0,1,1,0,3,0,0,1,0,6
,665,2,1,1,1,1,17,12,11,16,20,19,31,33,17,27,25,26,23,0,79,89,115,146,170,203,134,269,326,673,532,559,565,778,705,416,495,466,168,407,375,291,279,217,185,159,115,160,121,16,51,38,34,24,24,14,18,7,7,4,6,7,2,3,2,0,4,2,0,2,3,1,0,0,0,1,1,0,0,0,0,2,14,0,0,2,0,21,1,0,1,0,1,0,7,0,1
,670,3,2,2,2,2,29,17,17,29,30,36,43,58,28,43,45,52,42,0,139,153,194,237,277,313,223,392,482,708,655,673,661,651,758,350,434,397,144,316,306,212,223,156,133,115,80,118,91,11,39,26,30,19,14,9,12,6,5,5,5,0,1,4,0,0,3,2,0,0,1,0,0,4,0,0,1,0,0,0,0,0,1,1,0,1,1,1,1,0,0,0,6,0,5,0,3
,675,3,2,2,4,3,50,29,30,45,46,58,74,88,48,70,72,74,68,0,213,227,293,341,403,415,326,507,628,699,697,701,705,583,700,298,365,338,118,261,233,167,168,121,105,89,62,115,67,23,35,19,24,15,15,8,10,4,4,3,6,4,1,2,0,0,1,2,0,0,5,0,0,5,0,0,1,0,0,0,0,3,0,0,0,0,1,2,1,1,2,29,0,0,2,0,3
,680,7,4,4,4,4,76,40,47,75,74,94,115,142,74,106,110,120,105,0,315,333,401,462,505,514,452,598,719,654,728,690,721,488,656,226,316,260,92,193,179,127,141,98,73,65,43,66,63,2,20,13,16,15,13,0,2,4,2,0,4,2,3,3,0,0,1,3,0,3,4,0,0,0,0,0,1,0,8,0,0,0,0,0,0,0,0,0,1,1,1,5,1,0,2,1,4
,685,8,6,6,7,6,125,63,73,109,115,141,172,231,113,166,182,186,173,0,443,468,533,573,627,581,556,655,818,578,691,655,673,409,577,173,237,199,67,154,127,90,91,69,58,39,34,67,42,0,17,27,12,8,10,0,6,5,2,2,5,0,0,2,0,0,1,3,0,24,10,0,0,0,0,3,1,0,0,0,0,5,16,0,0,2,3,15,1,0,1,0,0,0,3,0,6
,690,12,11,9,9,12,189,93,113,172,178,226,281,343,175,274,268,302,267,0,610,596,658,668,694,626,681,676,823,504,611,600,617,344,479,131,176,155,51,114,101,74,74,49,46,34,27,38,35,3,15,5,11,26,34,0,0,4,1,0,5,4,2,1,0,0,2,1,0,1,1,6,0,0,0,0,0,0,0,0,0,5,0,0,0,0,0,1,1,0,1,34,6,0,2,0,2
,695,19,16,16,17,16,300,164,187,282,309,384,455,557,300,441,448,469,428,0,760,740,763,711,718,617,738,637,804,411,521,484,504,247,395,92,129,105,36,71,62,47,46,38,28,27,25,29,17,2,12,6,7,9,7,0,3,4,1,0,4,0,1,2,0,0,2,8,0,0,0,1,0,39,0,0,1,0,0,0,0,3,0,0,0,1,0,0,1,3,1,0,2,0,3,30,2
,700,29,29,25,25,27,468,251,304,446,467,587,690,812,460,673,687,725,650,0,870,809,806,727,702,575,736,581,707,344,448,424,413,186,318,65,89,75,26,71,45,68,34,26,26,24,11,15,11,0,11,7,4,7,2,0,6,3,1,2,2,2,0,4,0,0,3,1,0,30,0,0,0,4,0,0,1,0,0,0,0,1,2,0,2,0,1,0,1,0,11,4,2,0,2,0,7
,705,42,39,38,39,39,725,370,463,654,673,840,985,1092,669,930,952,988,935,0,929,829,794,684,636,496,717,493,602,260,356,339,341,159,248,45,67,62,21,50,41,31,25,24,23,13,8,19,3,0,35,0,7,10,6,19,29,3,1,0,3,0,1,3,0,30,0,2,0,0,5,0,0,0,1,1,0,0,0,0,0,4,0,0,1,0,4,1,1,0,2,0,2,0,4,0,0
,710,63,61,58,59,60,974,550,652,928,965,1138,1271,1377,959,1229,1233,1295,1237,0,872,764,696,566,548,381,607,382,482,196,267,261,241,99,181,34,44,43,13,37,27,19,22,9,14,16,14,12,10,0,5,27,3,5,2,0,0,3,4,0,2,2,3,2,0,0,2,2,0,0,2,0,0,0,0,0,3,0,0,0,0,2,0,0,0,0,0,2,2,33,1,0,4,0,1,0,1
,715,98,92,87,91,90,1367,827,961,1310,1321,1482,1635,1616,1325,1591,1545,1576,1559,0,759,619,560,438,382,279,476,271,337,128,187,173,171,61,114,22,28,28,10,24,17,20,12,6,16,10,4,8,5,0,3,0,30,3,6,0,3,3,1,0,3,1,0,2,0,18,0,1,0,4,5,0,0,4,0,0,0,0,12,0,0,2,1,0,0,14,0,0,1,5,1,0,0,0,2,0,0
,720,144,133,126,136,130,1693,1120,1286,1649,1660,1777,1841,1707,1600,1788,1700,1734,1803,20,626,520,450,348,306,201,359,201,250,90,130,121,120,40,80,11,17,23,9,18,13,12,10,10,11,7,9,15,3,0,6,1,6,3,3,0,23,3,0,0,5,0,1,15,0,0,1,3,0,0,0,0,0,0,0,0,0,0,0,0,14,3,0,0,0,0,0,4,1,16,0,0,29,0,2,1,8
,725,202,195,181,195,188,2052,1465,1670,2007,2015,2019,2034,1779,1960,1970,1840,1895,2030,0,543,428,361,279,237,162,287,156,200,71,95,90,95,30,71,10,15,15,7,17,9,7,6,2,10,0,7,3,26,0,3,0,8,9,5,0,0,2,3,0,3,0,1,3,4,0,3,1,0,0,3,0,0,0,0,0,0,0,0,0,0,2,0,0,0,1,0,1,1,0,0,0,0,0,4,0,0
,730,303,282,265,277,278,2349,1848,2059,2325,2275,2168,2181,1787,2236,2089,1955,1927,2145,0,452,346,304,211,187,128,239,117,153,54,77,75,72,37,60,13,12,12,5,12,7,16,5,4,40,6,28,3,0,0,0,0,1,5,1,0,3,3,1,0,7,0,1,4,0,0,1,2,0,0,7,0,0,9,0,0,0,0,0,0,0,3,4,0,3,0,0,5,1,0,1,0,4,0,3,0,3
,735,462,418,395,422,416,2556,2337,2471,2598,2537,2284,2173,1710,2414,2120,1933,1908,2202,0,366,288,241,164,154,94,181,90,123,43,57,66,61,14,35,2,7,18,3,13,37,17,2,0,5,0,1,37,33,0,32,25,2,0,0,0,0,3,1,2,3,4,0,1,0,0,0,3,0,0,2,0,0,0,0,0,0,0,0,0,0,1,0,0,0,0,18,0,2,0,3,2,0,0,3,0,0
,740,719,665,622,663,646,2529,2673,2742,2629,2525,2165,2002,1494,2500,1931,1731,1692,2046,0,262,202,168,118,106,63,143,61,88,31,43,38,41,9,31,0,0,3,4,12,0,39,1,0,6,4,0,3,0,3,1,0,0,7,0,0,0,6,5,0,4,0,1,21,0,0,3,4,0,3,3,0,0,50,0,0,1,0,17,0,0,0,1,0,0,2,2,4,2,0,3,0,0,0,3,0,0
,745,1022,922,848,928,908,2462,2787,2825,2542,2397,2006,1760,1259,2276,1761,1505,1494,1842,0,208,156,126,91,82,49,100,46,59,26,32,31,33,3,25,3,8,4,3,12,1,14,0,0,14,1,0,5,0,0,11,19,50,0,0,0,44,4,1,4,2,0,1,1,0,0,4,4,0,2,0,0,0,2,0,1,0,0,0,0,0,4,0,0,0,0,1,0,3,0,2,12,0,0,4,0,0
,750,1367,1254,1161,1231,1204,2217,2746,2732,2346,2224,1740,1527,1041,2045,1456,1267,1251,1545,0,156,112,90,70,59,37,71,31,61,19,24,32,26,0,20,0,2,0,6,4,0,9,0,0,10,0,9,4,0,0,6,0,5,6,4,0,0,6,1,42,3,0,0,2,0,0,1,2,0,12,0,0,0,25,1,0,1,0,0,0,0,3,0,61,0,0,0,0,1,0,1,0,0,17,2,0,12
,755,1883,1661,1556,1645,1640,1844,2540,2421,1893,1859,1391,1189,792,1719,1121,1026,961,1208,47,126,85,61,48,39,28,48,27,34,9,9,23,21,0,12,0,0,5,4,11,8,11,0,0,8,1,2,3,0,0,6,0,1,2,5,0,0,4,1,0,5,0,0,3,0,0,0,5,0,0,6,0,0,0,0,0,2,0,0,0,0,10,0,0,0,2,27,0,2,64,2,34,0,0,7,0,0
,760,2475,2155,2024,2149,2073,1490,2250,2126,1591,1465,1064,935,581,1349,884,743,731,937,0,77,62,41,37,27,15,55,21,40,14,7,22,15,26,36,0,0,2,2,15,0,52,0,0,9,7,0,0,60,0,7,3,8,60,5,0,0,9,1,0,6,0,1,9,65,0,0,17,3,0,0,4,0,5,0,0,1,0,0,0,0,6,7,0,0,1,6,4,2,0,2,0,19,1,6,0,0
,765,3043,2629,2445,2614,2511,1122,1805,1647,1156,1077,756,670,409,1020,632,529,523,655,0,55,43,28,21,21,14,29,11,13,5,9,15,12,0,11,0,0,0,4,0,8,14,6,0,79,11,0,0,0,0,0,0,9,0,0,0,0,6,0,4,38,0,3,4,7,45,3,6,0,0,3,1,22,0,0,0,19,0,0,0,0,20,1,0,0,0,10,12,0,4,1,0,5,0,6,70,6
,770,3396,2957,2746,2858,2835,844,1480,1319,905,825,595,497,306,750,492,391,386,499,0,32,30,19,20,14,8,19,4,26,1,0,21,16,0,0,0,0,4,4,7,0,17,0,0,21,5,0,0,0,0,12,0,18,15,3,0,0,6,0,0,6,0,0,6,0,0,54,8,4,0,0,0,0,7,0,0,0,0,0,0,0,37,7,0,0,0,0,0,3,0,5,0,0,46,5,0,4
,775,3645,3127,2922,3041,2976,657,1152,1048,703,649,441,369,230,602,367,302,290,369,0,27,22,16,21,13,2,14,7,15,6,0,20,15,0,48,0,0,4,2,3,0,5,1,0,12,1,0,0,0,0,11,80,2,87,0,0,0,11,1,0,11,0,0,12,0,0,0,9,0,13,78,0,0,0,0,0,0,0,0,8,0,1,2,0,0,0,0,0,4,0,5,24,0,74,3,3,0
,780,3596,3091,2861,3051,2914,508,842,731,486,443,303,265,154,402,250,189,192,245,0,10,14,6,17,2,2,7,0,12,3,3,12,18,0,0,0,0,0,1,11,4,1,0,0,11,1,0,7,20,0,13,86,7,0,0,0,0,1,0,0,3,0,8,1,15,0,8,6,0,0,10,0,0,0,0,0,2,0,0,0,0,8,85,0,0,0,1,0,3,0,4,0,0,0,9,0,0
,785,3397,2847,2630,2764,2699,318,614,527,362,324,212,182,113,292,166,132,144,174,0,12,11,2,9,8,0,8,0,0,3,0,61,12,0,59,0,0,0,10,0,0,0,0,0,22,0,0,0,0,0,0,0,15,6,9,0,0,1,3,0,7,0,44,16,87,0,0,6,0,0,0,0,0,9,4,0,35,1,0,1,0,12,2,0,0,2,0,0,3,0,4,0,134,0,13,0,26
,790,3011,2532,2327,2480,2384,236,454,383,242,226,147,136,89,204,125,94,101,122,0,0,13,0,9,41,0,8,0,5,4,0,13,7,0,2,0,1,22,7,25,19,25,0,0,0,0,0,0,0,0,0,11,8,109,7,0,9,23,1,9,9,0,0,11,14,0,105,8,0,0,0,0,38,0,16,0,0,1,0,0,0,4,4,0,0,1,0,0,6,3,10,18,8,0,6,0,0
,795,2685,2213,2012,2143,2060,169,336,273,186,165,116,99,57,157,103,75,66,79,0,0,15,0,8,3,3,0,0,3,5,13,64,12,18,6,0,0,0,4,17,0,24,0,0,12,2,0,6,0,0,1,0,12,11,10,0,0,11,0,0,2,0,4,8,0,0,23,13,0,14,16,5,0,0,16,0,0,1,0,0,0,10,2,0,0,0,2,0,4,0,47,0,0,0,16,0,0
,800,2283,1793,1656,1740,1655,128,253,191,125,121,80,77,41,110,71,44,47,61,0,0,5,0,8,0,0,6,0,4,4,0,18,11,0,8,0,0,6,3,1,0,0,0,0,19,0,0,7,0,0,8,0,0,0,4,0,0,8,0,0,2,0,0,18,0,0,3,11,0,0,0,0,0,0,0,0,0,4,0,0,0,1,8,0,0,0,4,0,3,0,0,0,0,0,17,0,0
,805,1694,1285,1190,1232,1207,84,163,113,90,90,44,58,20,70,50,21,28,32,0,0,6,0,13,0,0,6,0,0,0,0,5,12,0,4,0,0,0,6,0,0,18,0,0,13,0,0,0,0,0,5,25,0,12,23,0,0,9,76,0,65,0,0,18,0,0,0,11,0,16,15,0,0,7,0,0,3,0,0,0,0,8,15,0,0,12,4,3,7,4,45,0,0,0,10,0,0
,810,1368,1016,918,956,936,65,136,91,69,54,80,38,17,52,76,9,27,18,0,4,0,0,17,3,0,12,0,0,3,48,12,4,0,4,0,1,0,5,24,0,42,0,127,0,0,35,0,0,0,9,15,19,2,0,0,0,0,0,56,25,0,10,12,6,0,4,7,0,22,3,0,0,0,0,67,5,0,41,0,0,94,6,0,0,0,0,0,2,0,4,0,0,0,8,0,0
,815,1045,772,701,774,724,45,103,61,45,44,23,37,6,42,57,0,13,16,0,0,4,0,11,4,0,0,0,14,5,0,31,18,0,0,0,0,12,4,26,0,0,7,0,27,0,0,0,0,0,2,0,4,19,0,0,0,6,0,0,26,0,3,31,6,0,11,12,0,0,7,0,0,2,3,0,0,0,0,1,0,27,0,0,0,62,0,0,14,22,8,0,0,0,15,0,22
,820,789,564,521,542,510,84,56,37,36,36,0,21,11,41,28,0,14,0,0,0,0,0,9,50,0,0,0,12,8,0,10,14,0,0,0,0,5,2,14,0,29,0,0,9,3,0,0,0,0,11,0,200,26,16,0,0,16,0,0,19,0,10,0,0,0,0,16,0,0,3,0,0,0,0,0,15,0,0,0,0,0,12,0,0,0,98,0,39,0,9,1,0,0,20,0,0
,825,582,422,375,388,368,20,52,54,24,25,16,32,5,12,35,0,13,0,0,0,6,0,2,2,0,0,0,0,2,0,0,9,0,4,0,0,6,17,26,0,18,14,14,12,0,0,38,0,0,30,190,202,0,19,0,0,20,3,0,25,0,25,120,0,0,0,12,0,0,14,0,0,0,0,0,0,0,0,0,0,0,9,0,0,0,0,0,9,0,21,0,0,0,16,0,0
,830,403,285,270,266,280,10,45,6,87,13,0,24,0,10,33,0,0,0,0,0,8,0,7,0,0,0,0,7,13,0,26,21,0,1,0,0,0,20,2,0,23,0,0,48,4,0,0,0,237,3,0,0,0,32,0,0,33,201,0,33,0,0,26,0,0,19,18,0,0,0,0,0,0,0,0,1,2,0,4,0,51,5,0,0,83,8,0,14,0,26,0,0,0,20,0,0
,835,369,221,210,218,211,19,33,0,0,30,0,19,0,4,25,0,0,77,0,0,0,0,38,30,104,26,134,9,13,25,32,43,23,0,0,0,35,26,82,271,61,0,0,410,295,3,11,0,0,24,0,0,96,0,0,0,35,0,0,53,0,132,39,0,0,10,23,0,0,0,76,76,0,44,0,1,0,0,33,0,22,7,0,0,0,0,0,20,0,32,0,0,0,165,350,0
,840,273,155,157,156,153,28,54,0,21,4,0,7,0,0,12,0,0,0,0,0,7,0,33,0,0,5,0,0,11,0,154,43,0,260,0,0,64,10,54,0,142,23,0,96,0,115,17,0,0,7,0,87,65,0,0,0,29,0,0,78,0,58,44,0,0,61,72,0,0,0,0,0,0,0,0,0,2,0,27,0,0,0,0,0,25,0,0,28,0,36,162,16,0,46,0,0
,845,212,109,108,107,116,281,50,0,22,36,0,5,0,0,13,0,0,0,0,0,0,0,38,25,0,1,0,0,147,0,32,162,0,128,0,510,65,40,28,0,100,0,0,133,14,7,0,0,0,34,0,21,228,0,0,0,12,42,0,55,0,0,94,0,0,0,65,0,0,60,8,0,0,0,0,46,32,0,2,0,51,58,0,0,41,0,0,86,0,0,0,101,0,100,0,0
,850,143,89,68,77,83,15,122,207,0,21,0,42,0,0,0,0,0,0,0,0,20,0,114,475,0,0,0,0,11,15,53,0,0,119,0,0,206,571,80,0,511,0,0,438,0,0,7,0,0,0,0,0,293,0,0,0,198,99,0,206,0,28,43,0,0,106,99,86,0,0,0,0,0,0,0,33,5,0,0,0,38,0,0,0,0,0,0,40,0,85,133,0,0,110,0,201
,,,,,,,,,,,,,,,,,,,,,,,,,,,,,,,,,,,,,,,,,,,,,,,,,,,,,,,,,,,,,,,,,,,,,,,,,,,,,,,,,,,,,,,,,,,,,,,,,
Read 23:EM Spectrum,,,,,,,,,,,,,,,,,,,,,,,,,,,,,,,,,,,,,,,,,,,,,,,,,,,,,,,,,,,,,,,,,,,,,,,,,,,,,,,,,,,,,,,,,,,,,,,,,
,,,,,,,,,,,,,,,,,,,,,,,,,,,,,,,,,,,,,,,,,,,,,,,,,,,,,,,,,,,,,,,,,,,,,,,,,,,,,,,,,,,,,,,,,,,,,,,,,
,Wavelength,A1,A2,A3,A4,A5,A6,A7,A8,A9,A10,A11,A12,B1,B2,B3,B4,B5,B6,B7,B8,B9,B10,B11,B12,C1,C2,C3,C4,C5,C6,C7,C8,C9,C10,C11,C12,D1,D2,D3,D4,D5,D6,D7,D8,D9,D10,D11,D12,E1,E2,E3,E4,E5,E6,E7,E8,E9,E10,E11,E12,F1,F2,F3,F4,F5,F6,F7,F8,F9,F10,F11,F12,G1,G2,G3,G4,G5,G6,G7,G8,G9,G10,G11,G12,H1,H2,H3,H4,H5,H6,H7,H8,H9,H10,H11,H12
,500,1,1,1,1,1,2,2,2,2,3,3,3,4,1,3,2,2,4,44,2,2,3,3,4,2,3,3,3,8,7,7,6,9,9,8,10,9,10,10,9,12,14,7,4,12,6,12,3,13,6,8,6,9,15,7,12,8,3,12,11,9,12,9,9,14,6,7,2,3,2,12,5,4,3,2,1,0,2,14,2,7,9,2,1,2,16,14,1,7,9,74,67,10,12,64,70
,505,1,1,1,1,1,2,2,3,1,1,2,2,2,1,3,3,3,3,96,3,2,2,4,3,4,2,2,3,8,6,8,8,12,9,9,6,8,11,8,8,12,9,6,4,9,4,8,2,8,5,7,4,9,9,7,13,14,3,8,12,10,9,11,9,10,3,5,3,4,2,16,4,4,3,3,2,0,2,14,2,7,8,5,1,2,15,15,1,7,10,155,149,6,17,161,148
,510,1,1,1,0,1,2,1,2,1,2,2,2,2,1,3,2,2,4,203,4,2,3,3,2,2,3,3,3,8,7,8,6,7,9,11,9,6,6,10,9,7,10,5,5,9,4,13,2,10,10,8,6,8,13,11,9,12,5,7,12,12,9,10,13,13,3,7,2,4,1,9,6,4,2,2,2,0,2,20,2,6,10,2,1,2,13,14,1,5,10,315,332,6,19,325,297
,515,1,1,1,0,1,2,2,2,1,2,3,1,3,2,3,1,3,2,486,4,2,3,3,2,3,2,2,3,8,7,8,6,7,11,11,9,8,9,7,12,7,13,7,5,9,5,7,2,10,7,6,4,8,14,10,6,11,4,10,8,11,13,13,8,14,5,6,2,3,1,15,6,5,2,1,2,0,3,14,2,5,12,4,1,2,14,14,2,8,5,841,840,6,12,837,798
,520,0,0,1,1,1,2,1,2,2,3,2,2,2,2,3,1,4,3,1056,2,3,2,4,3,4,2,3,3,6,4,8,5,4,6,10,4,8,5,6,12,6,7,7,5,12,5,6,2,5,5,5,6,10,9,7,7,8,2,10,11,6,12,10,12,18,5,5,3,6,1,8,5,6,3,3,2,0,2,13,1,5,13,2,1,2,16,9,1,5,6,1692,1879,10,21,1753,1693
,525,0,1,1,1,1,1,2,2,2,2,1,1,1,2,2,3,1,2,1941,2,2,2,3,3,2,3,2,6,5,6,4,5,5,5,10,8,9,5,4,12,10,8,5,5,7,5,10,3,5,10,10,5,6,12,7,18,6,4,5,6,11,11,11,9,8,4,7,2,3,2,12,3,6,3,1,1,0,2,13,2,6,16,6,1,2,12,18,1,5,8,3212,3151,7,34,3304,3115
,530,1,0,1,0,1,2,2,2,1,1,2,1,2,1,2,2,3,3,3405,1,3,2,2,1,2,2,3,4,7,6,6,4,8,4,9,7,8,8,7,7,9,6,6,2,6,5,8,2,9,10,7,5,6,10,5,6,7,4,10,11,6,6,4,12,12,2,6,3,2,1,14,4,3,3,2,1,0,2,12,1,8,19,6,2,3,24,22,1,11,11,5628,5767,13,61,5741,5540
,535,1,1,0,0,1,1,2,1,2,1,1,2,1,1,2,1,3,3,5029,1,1,3,3,1,2,1,3,4,3,6,7,4,3,4,10,4,7,7,8,5,7,6,6,4,16,5,8,2,8,7,7,2,9,6,9,9,5,4,8,9,10,9,7,11,7,2,3,2,4,1,8,3,8,4,1,2,0,2,13,1,12,24,6,3,4,32,27,2,14,14,8100,8137,17,95,8069,7882
,540,0,0,0,0,1,1,2,2,2,1,2,1,1,0,3,2,1,3,5994,1,2,2,2,2,2,1,1,3,6,4,5,4,6,6,5,7,7,3,4,10,4,4,6,4,6,7,4,2,2,3,8,2,8,6,8,5,10,2,3,5,4,4,3,5,10,5,3,2,2,2,17,5,6,3,4,2,0,2,21,1,18,41,12,3,8,50,48,4,20,23,9692,9419,23,129,9649,9014
,545,0,0,1,0,0,1,1,2,0,1,2,1,1,1,2,1,1,1,5966,1,1,3,1,0,3,2,1,3,3,3,4,5,3,3,6,6,6,3,3,9,9,9,4,4,7,4,4,1,4,8,6,3,4,4,8,10,9,2,4,4,10,12,3,13,6,4,6,3,3,1,16,4,8,5,2,3,0,2,27,2,25,50,16,5,11,72,58,4,24,29,9809,9468,36,155,9416,9243
,550,0,1,0,1,1,1,0,2,0,1,0,2,2,0,2,2,1,2,5320,1,3,2,3,0,3,2,0,1,5,4,3,5,6,5,5,2,7,8,4,5,9,10,9,6,8,5,4,2,3,4,7,1,10,4,8,9,11,2,8,10,10,7,6,14,8,2,7,4,5,2,25,6,14,6,4,4,0,4,30,2,34,70,20,6,15,84,86,7,34,40,8594,8432,41,182,8788,7871
,555,0,0,0,0,0,1,1,2,1,1,1,1,1,0,1,1,1,2,3949,2,2,1,2,1,2,1,1,2,2,3,3,4,5,4,7,4,4,5,5,7,9,9,6,5,13,6,9,3,8,11,10,2,7,8,5,9,17,5,10,9,9,12,16,14,22,6,12,5,6,4,33,12,16,9,5,5,0,4,27,3,42,83,25,8,18,100,97,8,37,49,6309,6583,48,179,6190,5999
,560,0,0,1,0,1,2,1,1,1,1,1,1,1,0,1,1,1,2,2572,2,1,3,1,0,1,0,1,2,3,3,4,3,3,3,8,4,6,6,9,10,19,14,8,6,20,9,16,7,9,3,7,4,11,10,8,19,17,5,18,17,13,21,21,23,24,10,14,7,12,6,50,17,16,9,8,5,0,4,34,3,46,75,25,8,15,99,103,7,43,42,4260,4249,51,139,4155,3932
,565,0,0,1,0,0,1,0,1,0,2,1,0,3,0,1,0,1,2,1874,1,1,1,1,0,1,1,4,1,3,3,3,3,5,5,10,7,6,9,13,13,20,20,12,10,30,14,26,9,20,6,11,4,18,17,13,18,28,11,24,24,20,35,32,39,42,16,21,10,15,8,62,22,19,10,10,5,0,4,27,2,41,71,21,7,15,103,82,6,33,38,2826,2996,43,115,2754,2749
,570,0,0,0,0,0,1,1,1,1,1,1,1,1,1,1,2,1,1,1148,1,1,1,2,1,2,0,1,1,3,2,3,3,9,3,15,9,12,13,21,25,33,32,18,15,45,22,39,13,22,11,19,8,20,27,20,29,42,14,43,43,39,52,48,52,61,24,30,14,21,9,76,26,17,8,14,5,0,4,26,2,34,58,19,6,12,77,67,6,30,34,1854,1904,39,81,1804,1743
,575,0,0,0,0,0,1,0,1,0,2,1,0,1,2,1,0,1,1,662,1,1,1,1,1,1,0,1,1,3,2,3,3,6,3,24,16,25,26,30,35,54,54,30,24,71,37,67,20,39,20,31,16,34,46,34,55,72,24,77,70,58,77,75,80,81,32,38,17,25,10,86,26,14,7,13,4,0,3,18,2,27,44,14,4,9,54,53,4,21,23,1066,1077,27,52,1069,1011
,580,0,0,0,0,0,1,0,1,0,0,1,0,0,0,1,0,1,1,358,1,1,1,1,0,1,1,1,1,3,3,3,3,9,4,42,25,37,45,53,57,88,82,48,40,109,55,99,29,75,34,58,29,65,79,58,93,109,36,112,112,96,106,100,105,99,41,44,20,26,10,77,25,11,5,12,4,0,2,19,2,19,30,10,3,6,40,38,3,14,19,610,631,24,40,588,586
,585,0,0,0,0,0,1,0,1,0,1,0,0,0,1,1,0,1,1,210,1,1,1,2,0,1,1,1,1,3,2,3,3,18,5,69,42,64,77,87,92,125,129,79,64,155,76,151,39,121,65,112,51,111,130,92,140,151,51,146,153,133,123,124,121,123,41,44,19,25,8,63,20,8,4,10,2,0,2,13,1,14,23,7,2,4,27,22,2,10,15,340,340,13,22,332,324
,590,0,0,0,0,0,0,0,1,0,0,1,0,2,0,1,2,1,1,137,2,1,2,1,0,1,0,0,1,5,2,3,4,29,7,98,62,97,104,122,135,165,169,104,89,201,103,185,51,166,107,164,78,155,175,129,187,176,65,162,173,150,133,127,126,116,41,42,17,21,8,53,18,5,3,8,3,0,2,17,1,11,17,5,2,3,19,17,1,8,10,224,238,11,19,214,213
,595,0,0,0,0,0,2,0,2,0,0,0,0,0,0,1,0,0,1,90,1,1,0,1,0,1,0,1,1,8,3,5,4,44,10,130,93,136,134,166,180,203,216,139,114,250,131,237,61,224,162,223,112,209,229,155,230,200,71,182,185,173,134,127,128,109,36,35,14,17,6,48,13,4,2,7,1,0,1,7,1,10,13,5,1,3,16,11,1,7,7,145,142,8,15,138,138
,600,0,0,0,0,0,0,0,1,0,0,2,0,0,0,3,1,1,1,55,1,1,1,2,2,1,0,1,1,13,3,6,6,78,16,185,135,179,190,223,253,255,272,184,152,307,165,303,75,266,242,283,149,267,276,184,255,204,73,185,198,173,114,117,112,82,29,25,11,12,4,29,9,3,2,5,1,0,1,5,1,7,11,3,1,3,7,8,1,5,6,83,84,5,9,80,80
,605,0,0,0,0,0,0,0,0,0,0,0,0,0,0,1,0,0,1,36,0,3,1,2,0,1,0,1,1,24,5,11,9,127,27,221,172,239,240,303,329,296,338,234,188,364,192,358,85,298,320,326,173,283,294,190,255,188,70,164,187,157,89,89,85,66,21,20,7,9,3,19,7,2,2,3,1,0,1,4,0,6,8,2,1,1,8,7,0,4,4,54,52,5,9,48,48
,610,0,0,0,1,0,0,0,1,0,2,0,0,3,0,1,0,1,1,23,1,1,1,1,0,2,0,1,5,38,8,16,14,180,43,261,210,277,287,371,395,327,381,266,216,384,204,397,88,272,352,337,180,300,284,182,237,165,64,147,166,132,73,76,66,49,15,16,6,10,2,15,4,2,1,2,1,0,1,4,0,5,7,3,1,3,8,4,0,5,5,33,37,2,6,47,35
,615,0,0,0,0,0,0,0,0,0,0,0,0,0,0,1,0,0,1,20,1,1,1,2,0,2,1,1,2,61,12,22,23,248,65,310,254,326,318,434,456,349,414,285,225,404,205,425,89,253,368,333,185,296,263,166,214,140,55,123,145,112,59,57,55,36,12,12,4,4,1,12,4,2,1,2,1,0,1,3,0,4,5,3,1,1,5,5,0,6,3,23,26,3,6,24,26
,620,0,0,0,0,0,0,0,1,0,0,1,1,0,0,0,0,1,1,17,1,2,1,3,0,3,2,3,4,94,21,38,39,351,101,334,303,383,357,482,506,358,425,299,229,401,200,416,89,220,368,299,171,256,223,143,175,113,44,98,110,90,39,35,39,27,7,9,3,4,1,11,3,1,1,3,1,0,1,2,0,4,3,1,0,1,0,3,0,3,3,17,20,3,5,15,17
,625,0,0,0,0,0,0,0,0,0,0,0,0,0,0,1,0,1,1,13,1,2,2,5,2,5,2,6,10,152,38,62,57,467,147,367,346,418,395,505,522,354,416,286,216,388,193,394,91,176,336,250,149,211,186,114,127,81,32,71,81,63,28,23,25,21,5,10,2,3,1,5,2,1,1,1,0,0,0,1,0,4,5,2,0,0,4,0,0,3,3,10,14,2,4,12,12
,630,0,0,0,0,0,0,0,0,0,1,1,1,1,0,1,1,1,2,12,3,4,4,7,5,8,4,10,15,218,63,93,91,589,222,383,379,441,390,514,528,345,410,272,203,400,177,391,88,138,301,212,118,166,138,82,100,60,24,50,66,49,20,19,19,15,4,9,2,2,1,9,6,1,1,1,0,0,1,0,0,4,4,1,0,0,3,2,0,3,2,5,11,1,4,12,8
,635,0,0,0,0,1,1,0,3,1,1,1,1,2,0,2,1,2,3,9,4,6,6,9,12,12,6,16,21,304,88,135,126,696,298,401,425,443,406,508,511,354,399,251,192,391,167,400,86,110,257,170,96,139,108,66,87,44,20,38,48,36,17,9,16,9,3,5,2,1,1,18,1,1,0,1,0,0,1,1,0,2,3,1,0,1,1,1,0,3,2,8,9,0,1,9,9
,640,0,0,0,0,0,1,0,1,1,1,2,2,3,1,2,2,3,3,9,7,8,12,12,13,18,12,25,37,402,137,189,188,788,409,403,486,446,419,495,485,382,398,244,181,371,153,359,84,80,209,127,80,108,84,51,61,35,14,43,36,25,9,6,19,8,2,3,2,0,1,3,0,0,1,1,0,0,0,0,0,3,3,1,0,0,2,2,0,1,0,8,9,0,1,6,6
,645,0,0,0,0,0,2,1,2,2,2,6,3,5,1,3,4,4,5,10,11,14,15,22,23,33,20,44,65,539,201,268,270,885,547,414,519,458,432,474,478,369,401,228,168,333,137,325,70,64,157,101,59,75,65,35,43,29,11,24,24,21,10,6,10,8,0,3,3,0,0,2,0,0,0,1,0,0,0,0,0,2,3,1,0,0,4,0,0,3,2,4,9,0,3,7,5
,650,0,0,0,0,1,4,2,4,3,4,5,7,12,4,8,6,7,8,10,20,22,29,39,46,60,34,79,113,697,305,381,387,903,731,435,566,472,435,467,457,361,373,215,143,271,105,275,60,41,125,69,40,57,47,26,43,19,8,14,18,17,6,3,7,6,1,2,2,0,1,5,0,1,1,1,0,0,0,2,0,1,4,1,0,1,16,0,0,2,1,3,9,0,0,8,5
,655,0,0,0,0,1,7,3,5,6,7,10,11,15,6,10,12,11,11,14,32,39,43,62,71,91,57,121,177,835,415,487,510,875,859,430,577,471,442,441,434,325,363,185,123,229,87,233,46,31,84,50,32,41,37,21,22,13,7,9,14,13,3,1,5,2,0,0,4,1,0,4,1,0,1,1,0,0,0,0,0,1,4,0,0,0,2,0,0,1,2,2,7,0,0,5,6
,660,0,2,0,0,1,11,5,11,10,12,14,17,21,10,18,17,16,18,9,53,60,75,95,108,138,88,182,248,923,515,598,638,833,948,432,572,458,424,434,390,283,319,151,100,185,69,187,36,25,66,50,23,30,27,15,21,11,6,7,13,9,5,0,3,3,0,1,1,0,0,18,5,0,0,0,0,0,2,14,0,2,4,1,0,2,0,0,0,1,2,1,9,0,0,2,2
,665,1,1,1,1,1,22,9,12,16,19,24,29,35,19,26,29,29,27,7,83,93,114,154,173,215,143,275,361,1001,630,726,745,743,1001,391,548,416,389,339,374,223,259,125,75,143,54,134,26,17,53,31,16,31,19,12,16,9,5,4,8,8,2,0,6,0,6,0,1,0,0,0,7,0,1,1,0,0,0,0,0,3,3,2,0,0,0,0,0,1,2,2,3,0,24,6,2
,670,2,2,1,3,1,31,17,20,29,31,40,48,60,29,46,51,52,46,9,144,166,203,247,287,329,228,415,488,958,720,778,826,638,962,324,480,348,314,269,270,162,203,90,56,92,36,91,19,16,31,24,13,21,21,9,11,8,3,2,5,9,5,0,1,0,0,1,1,0,0,0,0,0,1,0,1,0,0,3,0,2,3,1,0,0,0,0,0,1,0,4,3,0,1,7,7
,675,3,3,2,2,2,51,24,33,46,49,65,78,99,52,74,80,76,77,12,226,250,294,354,397,430,331,534,588,915,755,787,843,578,862,279,392,289,263,212,206,121,146,80,42,74,28,64,12,7,27,9,10,15,16,11,7,27,3,1,10,5,5,0,4,1,0,0,1,0,0,18,0,0,5,0,1,0,1,17,0,2,4,1,0,0,0,0,0,0,1,2,9,0,0,3,2
,680,4,4,4,4,4,78,39,51,76,77,107,127,153,76,115,126,123,116,10,320,356,423,473,520,540,456,656,666,802,713,743,803,480,764,195,295,217,189,166,167,89,115,50,28,57,21,49,10,9,16,12,4,11,13,5,8,6,4,1,7,6,3,0,2,0,0,0,2,5,0,0,0,1,0,1,1,0,1,0,0,2,15,1,0,0,0,0,0,2,2,0,0,0,25,0,3
,685,7,6,7,6,6,125,62,84,112,122,159,190,244,114,182,197,191,176,10,461,488,552,613,628,609,576,684,693,711,654,683,747,411,649,153,233,150,139,117,116,64,81,39,20,37,16,33,8,7,9,1,7,9,11,10,4,8,3,1,2,2,1,0,0,0,0,0,0,0,0,25,0,0,0,1,0,0,1,0,0,4,2,2,0,1,24,0,0,15,2,0,3,0,0,1,35
,690,11,10,10,10,10,194,97,122,178,194,254,303,373,188,282,312,299,279,5,621,631,688,692,717,648,687,723,682,628,590,611,645,325,566,119,163,138,108,90,88,50,64,29,14,35,14,20,6,3,12,7,4,8,10,8,3,10,1,2,0,6,5,0,19,0,7,0,1,0,0,0,0,0,0,1,0,0,0,0,0,4,5,2,0,5,0,0,0,0,18,0,10,0,0,3,4
,695,18,16,17,17,17,325,165,211,312,322,413,502,582,315,473,511,475,455,13,787,777,803,738,736,639,759,680,622,488,483,523,528,234,452,83,110,76,70,60,65,29,47,18,12,28,11,13,4,4,7,1,1,0,8,9,1,4,1,0,4,0,0,0,4,4,0,0,1,0,0,7,0,0,0,1,0,0,1,0,0,2,0,1,2,0,1,0,0,1,6,2,5,0,0,3,1
,700,28,27,26,27,29,497,262,333,475,486,649,753,869,475,697,759,718,686,9,923,849,851,757,706,586,766,612,562,398,401,421,440,181,362,61,82,58,51,38,50,28,33,15,7,18,8,3,2,0,3,0,3,3,6,4,0,0,3,0,0,0,3,0,0,20,0,0,1,0,0,4,0,0,0,1,0,0,0,0,0,4,0,1,0,0,0,0,0,4,3,0,3,0,0,0,6
,705,43,40,41,41,39,750,382,510,687,729,915,1076,1199,712,995,1077,1007,988,6,966,858,813,681,642,508,712,523,491,311,342,348,355,146,285,47,60,47,30,42,43,21,23,13,3,16,7,11,2,1,5,3,0,1,12,4,0,3,2,0,0,2,5,0,0,0,0,0,1,0,0,0,0,9,1,1,0,0,2,0,0,2,1,2,0,0,0,0,0,0,3,0,6,0,12,11,3
,710,63,61,59,59,61,1050,564,711,985,1053,1220,1409,1460,992,1340,1432,1322,1291,6,906,792,729,592,537,414,635,409,379,244,254,271,271,101,210,35,39,29,25,23,34,14,18,9,3,14,4,5,2,0,1,0,3,5,6,4,0,10,2,0,0,8,0,0,0,0,0,0,4,0,0,5,0,0,0,0,1,0,0,0,0,3,10,2,0,0,0,0,0,1,1,4,0,0,0,3,10
,715,101,95,92,96,93,1457,841,1041,1390,1424,1638,1773,1731,1358,1675,1709,1601,1644,7,771,649,582,451,400,296,475,292,262,154,177,176,182,62,136,25,29,15,22,8,23,11,15,8,0,13,6,3,1,0,1,0,0,2,8,3,0,2,2,0,0,0,0,22,7,4,0,2,1,0,0,0,0,0,0,0,0,0,0,0,0,4,0,0,0,0,0,0,0,2,0,0,3,0,0,0,3
,720,147,144,137,139,133,1824,1136,1431,1777,1822,1947,2036,1843,1701,1910,1935,1802,1896,9,673,540,465,365,292,219,390,211,194,109,124,125,127,51,103,18,22,14,29,13,15,7,8,5,2,14,5,0,1,0,0,0,2,7,7,22,0,9,3,0,0,1,5,0,2,26,0,0,0,0,0,0,2,0,1,1,0,0,0,0,0,4,1,10,0,0,0,0,0,0,2,1,5,0,0,6,7
,725,214,205,193,201,194,2168,1498,1812,2096,2169,2213,2229,1895,1982,2102,2125,1894,2087,7,551,460,387,280,242,171,295,159,154,104,96,100,102,34,87,12,18,7,14,13,34,8,31,6,1,10,1,0,1,0,0,0,0,3,5,1,0,2,1,0,0,3,1,0,0,0,0,0,1,0,0,0,0,0,0,0,0,0,0,0,0,1,3,9,0,0,0,0,0,2,3,0,2,0,0,0,6
,730,303,297,285,291,288,2478,1900,2263,2462,2440,2420,2414,1902,2311,2207,2181,2022,2208,10,463,373,318,229,193,132,244,125,111,80,74,79,78,31,57,16,12,6,11,8,7,3,10,2,0,9,2,0,2,0,0,6,0,3,6,1,0,3,2,0,0,6,3,0,0,0,0,0,1,0,0,0,11,7,0,0,0,0,0,0,0,5,0,2,0,0,0,0,0,2,5,1,9,0,2,7,4
,735,473,452,425,441,418,2710,2358,2720,2735,2696,2514,2428,1835,2597,2233,2159,1956,2303,8,396,305,241,171,148,105,181,98,86,50,59,62,59,24,52,12,11,1,7,1,22,1,8,4,0,8,4,0,0,0,0,0,0,9,11,5,21,7,3,0,2,1,0,0,1,3,0,0,1,0,0,0,1,0,1,0,0,0,0,0,0,6,0,3,0,0,0,0,0,5,7,0,18,0,0,2,13
,740,754,690,670,697,672,2714,2702,3027,2832,2732,2415,2184,1611,2499,2057,1961,1737,2091,17,273,220,174,123,103,66,128,69,67,56,45,41,46,17,37,17,6,0,3,7,10,0,11,2,0,10,5,0,0,0,0,0,0,1,6,4,0,0,2,0,0,0,0,0,0,24,0,2,1,0,0,0,0,0,2,0,0,0,6,0,0,4,4,3,0,0,0,37,0,5,0,27,15,0,7,0,8
,745,1058,974,940,970,936,2641,2890,3054,2713,2591,2178,1921,1345,2343,1834,1750,1545,1859,18,211,161,128,102,68,59,97,54,45,29,36,38,33,9,33,20,8,0,11,0,20,5,3,0,0,1,3,0,0,4,3,0,0,4,3,7,0,0,1,0,0,0,0,0,6,0,0,2,2,0,0,0,0,0,3,1,0,0,1,36,0,8,4,1,0,0,0,0,0,1,12,0,19,6,0,0,9
,750,1399,1295,1263,1298,1247,2357,2817,2948,2414,2356,1887,1684,1086,2160,1576,1442,1266,1575,14,163,125,98,74,54,45,72,36,36,22,33,33,30,18,23,19,7,0,3,0,31,0,3,9,0,7,2,0,0,0,0,0,0,0,3,6,1,15,1,0,0,0,0,0,0,0,0,0,2,0,0,2,0,0,0,1,1,0,2,0,0,2,0,2,0,0,0,1,0,0,1,7,17,0,0,20,14
,755,1925,1755,1677,1752,1700,1964,2547,2644,2014,1963,1490,1305,842,1772,1218,1118,990,1239,24,119,94,73,54,33,30,50,29,24,49,20,25,22,8,18,17,6,32,3,0,15,0,0,2,0,12,32,0,0,0,0,0,0,47,4,1,0,5,3,0,0,0,0,0,4,0,0,0,3,0,0,0,1,0,2,0,0,1,0,0,0,6,4,1,0,0,0,0,0,0,5,3,6,1,0,0,0
,760,2554,2255,2184,2271,2195,1611,2292,2254,1670,1534,1184,1021,631,1448,954,850,741,981,20,99,68,50,45,20,26,35,21,17,9,17,24,51,46,18,20,4,0,0,2,18,0,9,0,0,59,7,0,0,57,0,0,0,10,19,8,0,9,24,0,0,2,0,0,67,0,0,2,10,1,0,2,0,0,1,0,3,0,0,0,0,10,9,6,0,18,0,0,0,1,0,0,32,0,0,7,87
,765,3132,2752,2631,2722,2633,1193,1883,1762,1242,1161,861,711,441,1021,660,591,522,672,8,56,49,39,31,8,16,25,16,9,7,13,14,14,4,8,23,6,0,0,0,22,5,22,0,0,0,5,0,1,60,0,0,0,4,0,5,0,0,5,39,0,0,2,0,0,2,0,4,3,0,0,0,0,0,0,19,0,0,0,0,0,11,1,3,0,0,0,0,0,0,0,0,11,0,0,86,0
,770,3505,3091,2947,3037,2896,911,1485,1427,937,901,631,529,330,815,505,440,389,524,16,45,37,24,59,7,19,17,9,12,8,7,15,16,0,15,15,7,0,0,0,16,2,0,0,0,15,3,0,15,0,18,0,0,0,0,56,0,0,10,0,0,4,5,0,12,0,0,0,3,0,0,0,0,0,0,0,1,0,0,0,1,9,6,26,1,0,0,0,0,5,8,89,0,0,0,0,0
,775,3797,3318,3096,3226,3134,706,1221,1155,742,685,500,396,248,631,380,348,303,417,42,32,37,20,26,0,13,10,7,40,10,12,18,11,11,16,30,0,0,0,0,19,0,6,0,0,96,2,0,0,0,0,0,0,0,0,9,0,0,1,0,0,2,0,0,6,23,0,0,3,0,0,6,3,0,3,1,0,0,1,0,0,12,0,4,0,0,0,1,0,5,9,0,20,7,0,21,5
,780,3739,3284,3064,3211,3074,484,855,812,525,476,343,271,166,430,252,224,194,269,46,21,22,12,16,31,7,4,5,33,5,12,60,4,0,6,25,0,0,57,7,34,15,0,0,0,11,0,0,14,0,0,65,0,10,0,11,0,0,5,0,0,0,11,75,0,0,0,0,7,0,0,0,0,0,1,0,0,0,0,0,7,7,0,5,0,0,0,0,0,4,4,0,0,0,0,0,0
,785,3583,3049,2846,2997,2780,336,619,567,358,345,228,200,113,289,175,160,133,192,45,10,18,6,16,0,24,5,1,4,0,11,9,22,5,25,22,0,0,0,0,28,11,17,0,0,7,6,0,0,0,0,0,0,119,10,11,0,0,7,0,83,6,0,0,0,0,0,0,6,25,0,0,0,0,30,2,0,1,2,0,0,6,8,6,10,0,0,0,0,6,5,0,7,79,0,0,14
,790,3216,2752,2544,2635,2508,247,438,422,265,244,170,146,90,204,131,148,104,151,31,13,14,8,20,0,0,22,5,0,16,13,7,18,0,21,32,0,0,0,100,35,3,0,2,0,5,56,0,0,0,0,0,4,0,0,0,84,22,0,93,0,0,0,0,11,0,0,0,1,0,0,0,0,0,0,0,0,0,2,0,0,2,6,7,1,0,0,0,0,0,15,0,0,0,0,199,15
,795,2865,2374,2178,2281,2141,179,365,310,180,181,128,102,60,152,101,74,69,115,58,13,11,6,19,0,9,0,8,2,20,15,20,7,7,5,125,12,0,0,0,40,0,2,0,0,40,7,0,0,0,0,0,0,12,18,65,0,21,48,0,0,7,0,0,0,0,0,0,6,0,0,0,0,0,0,0,0,0,1,0,0,0,0,9,0,0,0,0,0,11,14,52,0,0,0,0,0
,800,2376,1920,1789,1864,1756,124,245,215,124,128,90,65,51,110,77,58,51,85,85,2,13,7,22,0,0,2,0,0,4,3,10,9,10,9,21,0,0,0,0,26,0,9,0,0,24,0,0,0,0,0,0,0,23,33,0,0,23,14,0,0,0,0,0,9,0,0,0,9,0,0,0,0,0,1,0,0,0,0,0,0,8,30,5,1,0,0,0,0,14,11,0,20,0,0,0,13
,805,1808,1403,1285,1328,1282,83,146,150,83,86,61,40,26,70,48,33,32,58,74,1,9,0,24,0,5,0,0,49,2,10,12,8,4,11,55,9,0,0,0,53,0,0,14,0,13,13,71,0,0,0,0,0,25,0,0,0,0,0,0,0,20,0,0,0,0,0,0,8,28,0,0,0,3,1,3,0,0,3,0,0,0,24,9,15,0,0,0,0,0,0,0,16,0,0,40,8
,810,1423,1061,980,1025,982,64,117,117,57,60,49,24,21,36,37,22,28,52,43,9,13,53,15,0,55,0,9,0,6,7,29,16,0,26,38,0,0,2,0,65,10,0,0,0,47,9,0,0,0,0,0,0,0,35,33,164,1,6,0,0,0,0,0,24,0,0,0,4,0,0,0,0,0,0,1,1,0,6,0,2,14,26,19,16,0,0,0,0,0,27,0,29,2,0,0,21
,815,1109,812,757,772,771,44,78,81,30,42,32,65,8,26,26,11,20,45,5,0,12,4,33,0,0,0,0,0,7,4,5,16,0,11,32,96,0,0,0,37,0,43,0,0,31,0,0,0,0,0,0,0,0,24,2,0,0,9,0,0,5,19,0,7,0,0,0,7,0,0,0,0,0,2,9,2,0,1,0,0,10,0,7,0,0,0,0,0,7,0,0,45,0,6,25,0
,820,816,595,559,582,563,25,49,66,19,27,25,11,9,8,24,1,9,42,85,0,10,0,13,34,13,0,0,0,5,11,17,20,11,20,43,0,0,0,0,50,0,0,0,0,44,9,0,0,0,0,0,0,33,0,0,0,0,1,0,0,0,0,0,0,0,0,0,5,0,0,0,77,56,0,0,0,0,0,0,0,11,21,0,0,0,0,0,0,11,12,0,50,0,0,0,4
,825,614,441,395,410,383,17,37,40,11,28,15,65,18,0,10,0,1,23,91,0,5,4,15,0,90,0,81,0,15,26,23,138,0,24,27,4,0,0,0,50,0,0,0,0,25,16,0,0,0,0,0,0,0,27,32,0,46,11,0,0,0,0,0,23,0,0,0,12,0,2,0,0,0,5,7,6,0,0,0,1,32,38,17,0,0,0,66,0,0,27,0,53,0,0,415,0
,830,432,294,295,314,278,23,19,32,0,13,9,0,3,0,16,0,14,62,117,1,8,0,20,0,115,2,0,0,12,26,8,34,42,27,50,6,0,0,0,45,1,6,0,0,5,0,0,0,0,0,0,155,22,0,3,12,2,10,0,0,24,0,0,21,0,0,102,24,86,0,0,0,0,7,77,47,0,0,0,33,18,6,0,0,0,0,0,0,55,2,0,78,0,0,8,0
,835,332,234,225,229,219,85,5,30,0,8,0,0,10,0,3,0,0,32,93,7,31,0,175,0,9,0,0,0,0,32,25,19,18,52,61,178,0,0,30,106,0,26,12,0,73,198,0,2,0,0,0,0,49,58,26,0,14,26,0,0,0,0,0,0,0,0,0,4,0,0,0,0,0,0,16,0,0,4,0,0,6,0,32,0,0,0,0,0,11,70,0,91,0,0,27,267
,840,267,181,156,164,156,0,0,19,0,23,0,0,2,0,12,0,0,63,304,2,83,162,72,0,19,0,0,0,0,0,51,111,53,53,79,21,0,19,0,0,0,38,341,0,137,16,0,0,0,0,0,324,0,54,0,0,36,0,0,0,130,0,0,0,0,108,3,16,0,84,41,0,0,5,0,6,0,9,0,0,54,12,29,62,109,0,0,0,7,89,0,111,0,44,0,145
,845,174,126,125,111,110,51,0,0,0,0,0,0,0,0,46,0,0,105,302,0,0,3,12,0,30,0,22,340,100,21,26,567,42,162,263,3,0,0,10,254,0,85,514,0,336,463,0,0,0,0,0,0,0,112,97,0,86,125,0,0,0,0,0,13,0,0,0,32,0,0,0,0,54,48,0,0,0,22,0,0,104,104,46,0,0,0,0,95,11,0,0,30,0,0,105,18
,850,136,83,114,57,220,0,0,0,0,0,29,0,0,0,120,0,30,256,177,28,99,28,158,0,51,0,0,0,22,127,180,112,95,670,216,105,0,0,0,69,106,0,4,527,0,113,0,360,0,0,0,0,39,184,271,0,145,207,66,0,0,0,0,0,0,0,0,103,0,0,0,0,0,3,0,0,30,37,0,0,46,0,114,111,0,0,0,0,95,97,95,0,0,0,0,0
,,,,,,,,,,,,,,,,,,,,,,,,,,,,,,,,,,,,,,,,,,,,,,,,,,,,,,,,,,,,,,,,,,,,,,,,,,,,,,,,,,,,,,,,,,,,,,,,,
Read 24:EM Spectrum,,,,,,,,,,,,,,,,,,,,,,,,,,,,,,,,,,,,,,,,,,,,,,,,,,,,,,,,,,,,,,,,,,,,,,,,,,,,,,,,,,,,,,,,,,,,,,,,,
,,,,,,,,,,,,,,,,,,,,,,,,,,,,,,,,,,,,,,,,,,,,,,,,,,,,,,,,,,,,,,,,,,,,,,,,,,,,,,,,,,,,,,,,,,,,,,,,,
,Wavelength,A1,A2,A3,A4,A5,A6,A7,A8,A9,A10,A11,A12,B1,B2,B3,B4,B5,B6,B7,B8,B9,B10,B11,B12,C1,C2,C3,C4,C5,C6,C7,C8,C9,C10,C11,C12,D1,D2,D3,D4,D5,D6,D7,D8,D9,D10,D11,D12,E1,E2,E3,E4,E5,E6,E7,E8,E9,E10,E11,E12,F1,F2,F3,F4,F5,F6,F7,F8,F9,F10,F11,F12,G1,G2,G3,G4,G5,G6,G7,G8,G9,G10,G11,G12,H1,H2,H3,H4,H5,H6,H7,H8,H9,H10,H11,H12
,500,1,1,1,1,1,2,3,2,2,2,3,2,2,3,2,3,3,2,49,2,4,3,2,3,4,3,3,6,6,9,7,9,7,7,4,9,10,9,7,8,11,11,15,9,10,8,10,11,11,8,5,5,5,2,9,8,10,11,8,19,14,7,9,8,13,11,11,3,4,7,1,4,2,5,2,8,3,3,11,3,9,3,14,1,6,8,1,2,11,11,71,72,3,9,61,62
,505,1,1,1,1,1,3,3,3,2,3,3,3,3,3,3,3,3,3,90,3,4,2,3,2,4,3,2,6,9,7,8,6,6,9,3,9,6,10,7,11,8,7,10,13,8,9,9,16,12,5,3,5,6,2,13,13,9,14,7,13,12,7,6,11,9,21,10,3,3,9,1,4,3,6,3,7,4,7,16,3,15,4,9,1,3,10,1,2,11,12,152,158,3,8,148,156
,510,1,1,1,1,1,2,3,1,3,2,3,2,3,2,2,3,4,4,190,2,3,3,1,3,4,4,2,5,5,5,9,6,9,6,5,8,6,10,10,6,6,13,15,8,11,11,8,8,7,5,6,3,5,1,12,14,8,7,7,9,11,7,10,12,8,16,11,2,2,6,1,4,2,4,2,6,4,4,19,2,10,6,12,1,4,9,1,3,17,14,332,345,4,16,311,326
,515,1,1,1,1,1,3,2,2,1,1,2,3,2,1,2,2,3,3,512,2,3,3,2,2,2,2,3,5,5,6,8,6,9,8,4,6,8,5,10,7,6,5,10,12,12,11,11,11,7,5,3,6,4,2,13,7,12,7,10,13,6,6,6,12,13,9,9,3,2,9,1,2,3,6,1,5,3,5,14,3,8,7,9,1,5,10,1,3,18,11,867,854,4,17,819,862
,520,1,1,1,0,1,2,2,3,2,2,3,2,2,2,3,3,3,2,1057,5,2,3,1,2,5,3,2,4,5,5,8,8,8,10,4,9,7,5,9,6,9,5,10,11,15,7,7,7,5,7,3,3,5,1,8,11,13,6,5,7,15,7,6,6,10,8,15,2,2,7,1,3,2,5,2,5,3,4,18,3,10,3,17,1,5,8,1,2,13,10,1870,1864,4,17,1745,1886
,525,1,1,1,0,1,1,2,2,2,1,3,2,3,2,3,2,2,3,1857,2,3,3,1,4,5,2,3,5,6,5,5,4,5,6,4,7,8,5,5,6,8,6,13,6,12,11,12,11,5,3,2,3,4,1,8,8,11,6,4,8,7,3,7,7,6,15,9,4,3,8,1,4,2,4,1,8,4,4,13,2,11,4,18,1,6,7,1,3,18,17,3265,3459,5,36,3075,3144
,530,1,1,1,0,1,3,2,1,2,2,2,2,1,1,1,1,2,1,3288,2,2,2,2,2,4,2,3,5,5,7,5,7,6,7,3,4,4,8,7,8,5,7,10,5,9,10,10,6,4,2,4,4,4,1,10,10,11,9,4,7,6,7,7,6,7,15,7,3,3,3,1,2,2,5,1,8,4,3,19,3,15,8,18,2,8,10,1,4,18,22,6053,6141,5,65,5702,5695
,535,1,1,1,0,1,1,1,2,1,1,1,1,2,1,1,3,3,2,5066,2,3,2,0,1,3,1,1,2,6,7,4,5,4,8,2,5,10,4,7,5,3,4,12,9,6,5,6,9,8,2,2,4,4,1,11,5,5,5,4,5,5,6,4,9,9,7,14,3,1,8,1,2,2,6,1,8,2,6,20,3,26,12,32,3,12,19,3,4,30,33,8697,8978,8,112,8132,8090
,540,1,0,1,1,0,1,1,2,1,1,2,1,2,0,2,3,3,2,5683,2,3,2,1,2,1,1,1,4,4,5,7,4,7,6,4,3,3,6,4,8,6,8,11,5,10,5,9,11,8,6,2,4,7,1,4,3,5,4,8,12,9,3,5,9,5,13,7,2,3,8,1,2,4,8,1,8,4,4,14,4,45,15,57,5,18,35,4,7,52,43,9989,10345,12,154,9236,9324
,545,1,0,1,1,1,1,1,2,1,1,0,3,3,2,1,1,1,1,6147,1,1,2,0,2,1,1,2,4,6,4,8,3,7,4,3,6,6,10,4,8,8,8,10,10,8,6,9,9,3,6,2,2,3,1,6,5,10,9,2,6,6,3,5,12,10,6,13,3,4,8,1,5,6,10,2,11,3,7,25,4,67,23,81,6,23,45,5,9,62,68,9985,10241,16,173,9470,9663
,550,0,0,0,1,0,1,1,2,1,0,2,2,1,0,1,2,1,1,5281,2,1,2,0,2,2,1,2,3,3,6,3,4,3,4,2,3,5,7,7,8,8,9,12,5,11,12,11,11,8,2,3,2,4,1,4,10,7,11,4,11,8,4,5,14,7,11,9,3,4,14,2,6,6,10,2,15,5,7,25,3,87,27,104,8,30,67,7,13,83,76,8793,9086,21,203,8313,8189
,555,1,0,1,0,0,2,1,1,1,1,1,3,1,0,1,1,2,1,3989,1,1,1,1,2,1,2,1,3,6,4,6,6,4,5,3,2,5,8,6,6,7,11,11,18,13,16,12,14,7,3,3,3,5,2,8,8,17,9,10,12,20,8,9,15,13,18,20,5,6,20,3,10,9,18,4,20,6,10,30,4,107,32,112,10,35,80,8,15,94,92,6978,6747,23,192,6262,6195
,560,0,0,0,0,1,1,1,1,0,0,1,1,0,1,1,1,2,1,2566,1,1,1,1,0,3,3,0,2,2,7,4,3,5,8,3,4,5,8,8,13,13,9,16,19,20,26,20,23,12,9,4,4,7,2,13,21,22,17,18,27,18,13,23,22,27,31,34,8,10,35,5,14,10,16,6,20,6,10,32,4,106,30,115,10,37,76,7,15,92,86,4485,4349,24,157,3964,4139
,565,0,0,0,0,0,1,1,1,0,0,0,1,1,2,1,0,1,1,1736,3,1,0,2,3,1,1,3,2,2,3,4,3,6,5,4,6,12,10,12,17,19,21,25,28,31,40,27,32,18,7,5,6,10,4,19,19,30,26,36,33,25,21,24,41,42,49,52,11,15,42,6,17,10,16,6,21,6,10,35,4,98,31,108,9,32,69,7,13,86,91,3048,3103,21,125,2755,2862
,570,0,1,0,0,0,1,1,0,1,1,0,1,1,1,1,1,1,1,1090,1,1,1,0,3,1,2,0,2,4,3,6,3,4,3,7,8,13,16,18,21,31,26,41,44,51,59,40,50,28,10,9,8,18,7,31,38,53,45,50,55,41,30,39,53,62,68,72,15,19,51,7,22,10,14,8,21,6,8,26,3,89,24,90,8,27,57,6,12,69,73,1893,1996,17,90,1777,1817
,575,0,0,1,0,0,1,1,1,0,1,0,1,1,0,1,1,1,1,657,1,1,1,0,0,1,1,1,2,3,4,4,3,12,5,10,14,21,26,35,36,51,47,66,71,68,88,64,71,47,19,15,16,27,13,56,62,94,80,86,88,68,46,59,76,88,91,88,18,23,64,7,22,7,12,9,16,5,6,21,3,65,18,68,6,21,46,4,9,51,53,1132,1160,13,59,1040,1066
,580,0,0,0,0,0,2,1,1,1,0,0,1,1,1,1,0,1,1,359,0,1,0,0,2,1,3,0,2,3,3,4,4,13,4,18,26,36,43,52,55,80,72,103,120,98,123,90,98,85,34,26,28,48,23,96,110,124,122,122,129,103,59,80,99,108,114,107,21,26,59,7,21,6,12,8,12,4,5,16,2,44,13,54,4,15,31,3,6,37,36,640,656,10,40,598,601
,585,0,0,0,0,0,1,1,1,0,0,1,1,0,1,1,1,1,1,203,0,1,1,0,1,0,1,0,2,5,4,4,4,19,10,32,44,61,70,78,90,104,107,142,154,132,166,125,124,136,62,45,48,78,34,155,169,166,159,155,169,134,72,89,120,119,116,107,19,24,50,6,16,5,7,8,10,2,4,13,2,25,9,31,3,10,18,2,4,23,28,359,362,6,26,327,340
,590,0,0,1,0,0,0,1,0,0,0,0,1,0,0,1,0,2,1,130,1,1,1,0,1,0,1,1,2,6,6,6,5,32,9,43,66,86,95,106,124,127,140,183,200,159,212,149,150,184,104,64,69,110,48,197,210,191,194,170,192,161,74,96,126,120,118,100,18,21,41,5,14,4,6,6,8,2,4,11,1,22,6,21,2,7,16,1,3,22,20,230,221,4,16,208,209
,595,0,0,0,0,0,0,1,0,0,1,0,1,0,0,1,0,1,1,82,1,1,0,0,0,0,1,1,2,9,7,7,6,57,13,56,101,113,128,147,162,159,161,231,251,188,249,182,178,232,142,83,90,137,57,230,260,207,213,192,206,172,75,96,118,110,102,94,15,17,34,4,12,3,4,5,6,2,2,10,2,15,5,17,2,5,11,1,3,15,16,142,145,4,12,135,133
,600,0,0,0,0,1,0,1,0,1,0,0,1,0,0,1,0,1,1,46,0,1,0,0,0,1,3,0,2,18,12,11,11,91,22,75,143,157,161,183,211,189,206,285,314,227,300,227,210,273,202,101,120,167,65,261,263,206,214,190,206,171,68,84,107,87,85,69,11,13,23,3,7,2,4,3,5,1,2,7,3,11,4,11,1,4,9,1,2,17,11,87,90,6,6,80,84
,605,0,0,0,0,0,0,1,0,0,0,0,0,0,2,1,0,1,1,30,0,1,1,0,1,1,1,0,3,33,20,21,19,148,38,97,197,190,199,237,252,213,242,338,363,257,347,260,228,295,249,114,133,182,68,266,254,192,201,163,193,150,52,64,84,65,61,46,8,8,15,2,4,3,3,3,3,0,1,9,1,7,3,7,1,2,6,1,1,16,9,53,57,2,3,44,46
,610,0,0,0,0,0,1,1,0,0,1,0,0,0,0,1,0,1,1,19,0,1,1,0,1,2,1,1,4,56,31,33,32,210,64,108,257,222,239,271,289,229,256,375,390,286,353,286,241,256,274,113,138,179,64,251,236,177,178,150,170,134,38,52,64,49,47,34,6,7,11,1,4,1,2,2,3,0,2,5,1,6,2,6,1,2,4,0,1,7,7,37,50,2,3,27,36
,615,0,0,0,0,0,0,1,0,0,0,0,1,0,0,1,0,1,1,13,3,1,1,1,1,1,2,1,7,88,50,52,52,279,99,129,328,258,262,317,322,238,286,403,404,284,361,293,256,245,286,106,136,171,57,222,208,142,157,129,149,112,32,39,50,36,35,36,5,5,8,1,3,1,2,2,2,0,1,4,1,0,2,6,1,2,4,0,1,4,7,26,29,2,0,19,25
,620,0,1,0,0,1,0,1,0,0,0,1,0,0,1,1,0,1,1,10,1,1,1,2,2,3,3,2,12,145,79,86,87,372,157,149,404,290,288,329,348,239,285,394,394,298,349,304,271,204,278,96,121,152,49,192,171,110,123,95,115,86,22,29,34,27,26,17,4,3,5,1,2,1,2,1,2,0,1,2,1,1,2,3,0,1,1,0,1,5,6,19,18,1,5,15,20
,625,0,0,0,0,0,3,0,0,1,0,0,0,1,0,1,0,1,1,7,1,2,2,1,4,4,3,5,22,230,122,137,140,494,231,163,502,322,309,363,369,261,277,374,389,323,346,315,280,162,250,80,105,127,39,146,131,82,91,67,85,61,17,21,26,16,25,14,3,3,3,1,1,1,1,2,1,0,1,3,2,1,1,4,0,1,3,0,1,5,3,13,15,1,0,8,12
,630,1,0,0,0,1,1,1,1,2,0,1,2,1,0,2,1,1,1,3,3,3,4,3,6,8,4,9,32,345,182,209,220,606,352,183,629,361,336,361,364,282,288,382,388,333,335,319,288,121,216,65,84,101,30,113,97,58,67,47,64,46,11,15,17,10,14,8,2,2,1,1,2,1,2,1,1,0,0,3,1,7,2,16,0,1,1,0,1,17,1,12,14,1,0,6,11
,635,0,0,0,0,0,1,1,2,1,1,1,2,2,1,2,1,2,2,1,5,5,6,7,9,12,7,14,47,449,242,295,306,694,469,200,737,375,351,381,378,300,315,376,372,335,339,330,297,101,182,55,72,81,24,97,75,48,51,47,48,50,10,12,14,11,12,9,2,2,2,1,1,0,1,1,1,0,0,1,1,13,1,1,0,1,2,0,1,6,18,7,9,1,0,2,10
,640,1,1,0,1,0,2,1,1,2,1,2,3,3,2,2,2,4,6,3,6,7,11,11,14,20,13,24,73,615,339,401,417,771,619,218,856,407,386,417,378,313,322,394,372,319,318,310,275,73,149,43,53,61,17,64,55,35,39,40,35,29,7,11,11,9,7,3,2,1,0,0,4,3,2,1,1,0,0,2,1,0,1,13,1,1,1,0,1,1,2,3,5,3,0,4,7
,645,0,0,0,0,0,3,2,4,3,2,6,5,5,2,4,4,9,4,4,13,14,16,20,26,35,20,42,110,802,461,529,577,834,804,237,921,431,428,401,401,321,338,383,344,284,270,277,232,49,115,34,43,43,13,45,39,26,28,21,26,24,7,7,9,3,7,3,2,1,1,0,0,0,1,1,2,0,3,3,1,0,1,0,0,5,0,0,1,0,2,20,4,1,0,0,3
,650,0,1,0,0,0,5,3,3,4,5,6,8,10,5,7,9,8,7,1,19,26,30,39,47,63,36,75,177,1000,624,726,796,829,994,259,954,463,433,411,398,298,331,330,308,221,214,231,181,34,86,23,29,32,9,31,28,19,19,12,19,14,12,6,6,6,6,2,2,0,0,0,1,0,2,1,0,0,0,5,1,0,1,0,0,0,1,0,1,4,2,3,1,1,13,5,5
,655,0,1,1,0,0,8,4,5,7,8,10,13,16,8,12,12,12,13,0,33,40,52,61,76,95,57,119,252,1140,780,882,962,866,1165,257,921,469,435,392,376,262,293,290,258,181,167,187,147,28,61,18,23,26,6,25,22,19,15,6,16,12,3,4,5,0,6,2,1,1,0,0,0,1,1,1,2,0,0,1,1,0,2,0,0,0,0,0,1,0,1,0,5,0,0,17,5
,660,1,1,1,0,0,13,7,7,11,12,16,20,23,11,18,20,20,20,0,54,61,72,94,114,149,90,186,317,1235,898,1043,1122,807,1203,249,834,444,398,339,346,230,257,242,214,138,131,153,112,26,47,14,18,21,5,19,17,12,11,7,13,16,4,2,4,4,4,0,2,1,0,2,0,0,3,1,2,0,0,0,1,0,2,0,0,0,1,0,1,0,2,2,1,0,0,5,0
,665,1,2,1,1,1,20,10,13,18,19,24,31,38,20,26,29,32,29,0,87,96,123,157,187,220,144,282,427,1273,1047,1134,1252,793,1248,213,682,399,353,287,289,175,209,193,162,98,95,126,80,15,36,11,15,15,4,15,8,26,10,0,12,12,2,3,6,1,3,0,1,0,0,0,0,0,1,1,0,0,0,2,1,0,3,0,2,0,0,0,1,4,5,5,0,0,0,0,3
,670,3,2,2,2,2,34,17,21,34,35,44,54,67,33,50,55,55,51,22,150,169,217,252,284,342,237,409,543,1226,1083,1150,1301,707,1192,162,518,312,268,213,225,123,149,145,116,74,62,73,57,11,26,8,15,14,1,8,8,7,0,0,5,8,2,0,5,1,0,0,1,1,0,0,0,0,9,1,1,0,0,2,1,0,1,0,2,0,0,0,0,1,0,0,28,0,0,0,1
,675,3,3,3,3,3,55,28,33,55,54,70,87,103,54,73,86,85,77,0,240,259,311,359,401,463,341,546,629,1153,1025,1163,1273,658,1101,126,397,244,216,177,169,99,110,104,107,52,46,62,44,6,18,7,7,11,0,6,4,6,1,0,5,5,1,15,0,1,2,0,1,4,0,0,6,0,2,1,0,0,0,0,1,0,1,0,0,0,0,0,1,1,16,0,3,1,0,0,4
,680,4,4,4,5,5,85,45,52,76,86,106,136,158,83,120,135,136,124,0,349,367,442,489,527,565,455,635,674,1047,960,1051,1176,556,1001,96,287,178,159,124,121,68,92,77,56,39,33,41,30,5,14,6,7,11,1,3,6,3,2,0,0,7,2,1,6,0,0,1,1,0,0,0,0,0,1,1,0,0,0,1,1,0,3,0,0,0,0,0,1,2,0,0,3,0,0,0,0
,685,7,7,7,7,9,134,69,81,123,138,175,208,266,133,193,214,208,192,0,490,505,576,606,627,641,592,690,673,922,863,963,1055,467,830,67,211,136,125,90,109,54,57,61,37,29,23,33,20,6,6,5,6,7,0,2,0,4,0,0,0,8,4,3,24,0,1,0,5,1,0,0,0,0,2,2,2,0,7,1,1,0,2,0,0,8,0,0,2,0,2,0,28,0,0,0,4
,690,11,11,11,10,11,210,108,126,199,214,270,333,387,206,291,334,323,300,0,654,657,744,704,714,680,682,719,668,790,748,846,932,376,709,53,154,98,86,63,67,36,40,42,30,23,21,21,17,29,4,4,5,9,1,0,0,7,0,0,30,6,3,2,0,0,2,0,2,0,0,0,0,4,0,1,0,0,1,0,1,0,2,0,0,0,0,0,0,2,8,8,3,0,0,0,0
,695,18,22,18,18,18,340,184,213,333,358,439,546,636,345,487,533,536,499,0,838,811,846,766,752,656,751,682,584,646,633,742,766,274,563,37,105,68,63,45,42,20,26,32,22,16,12,19,17,2,4,12,6,9,0,0,0,2,0,0,3,6,2,2,5,0,0,0,2,0,0,0,0,0,0,1,1,0,0,3,1,0,2,0,0,0,0,0,0,1,0,0,37,0,0,0,0
,700,29,30,28,27,28,549,281,329,524,566,680,829,959,544,716,836,802,742,0,945,880,879,749,717,620,767,604,519,514,520,601,609,207,442,26,67,49,49,30,51,21,7,22,16,16,5,15,14,1,0,2,4,6,0,0,3,2,0,0,0,11,1,2,1,0,0,0,2,7,18,0,0,0,2,1,0,0,0,40,1,0,1,0,0,0,0,0,0,0,0,0,28,0,0,0,0
,705,43,43,40,40,43,791,432,511,748,835,1003,1163,1280,799,1043,1181,1099,1064,0,1004,888,870,694,659,529,712,516,457,395,419,520,511,160,356,19,56,38,29,30,27,14,17,16,9,12,8,10,13,2,0,2,3,11,0,0,1,3,3,0,26,13,12,5,0,0,0,0,2,0,0,0,0,1,1,1,0,0,0,7,1,0,4,0,3,0,3,2,1,0,0,0,0,0,0,0,3
,710,65,64,62,61,63,1106,612,730,1067,1146,1351,1545,1573,1104,1357,1492,1420,1423,0,995,848,779,594,533,419,631,412,359,287,327,376,371,111,256,15,35,31,24,19,16,12,5,10,5,8,11,8,6,1,0,6,4,7,0,0,0,0,0,0,0,35,4,0,0,0,2,0,7,0,0,0,0,0,13,1,0,0,0,0,1,0,1,0,0,1,1,0,0,0,6,0,1,0,25,0,2
,715,104,103,98,97,99,1541,922,1082,1506,1621,1820,1921,1849,1536,1757,1843,1769,1822,0,830,682,613,448,384,303,472,287,250,206,210,247,249,73,163,12,24,18,18,12,16,6,2,0,4,9,0,10,7,0,0,11,4,5,0,0,0,0,0,0,0,8,2,0,3,0,0,0,1,1,0,0,0,0,2,1,0,6,0,0,1,0,2,0,0,0,1,0,1,0,0,0,0,1,0,0,8
,720,149,148,141,144,147,1945,1256,1443,1917,2015,2101,2226,1996,1923,1975,2057,1951,2076,0,680,560,494,355,298,229,384,203,188,151,160,173,177,57,118,10,17,31,8,8,8,8,1,6,0,6,0,6,6,0,0,2,2,4,0,0,0,2,3,0,0,6,0,1,5,0,0,0,2,0,0,0,0,0,2,1,0,0,0,6,1,0,2,0,0,0,0,0,0,5,2,0,0,0,0,0,5
,725,216,210,204,208,207,2289,1654,1861,2298,2384,2405,2419,2054,2279,2136,2277,2106,2312,0,582,474,397,283,235,176,312,163,145,106,126,144,136,41,94,7,10,13,6,5,10,8,0,34,2,6,25,4,5,0,0,2,3,7,0,0,0,0,0,0,0,6,1,0,4,0,0,0,1,0,0,0,0,0,0,1,1,0,0,0,0,0,0,0,0,0,0,0,1,0,30,8,0,1,0,0,3
,730,317,309,288,298,294,2652,2129,2333,2713,2773,2597,2558,2050,2601,2287,2323,2125,2450,0,504,380,329,219,199,141,236,123,112,81,92,102,120,34,84,7,10,11,10,4,6,5,0,11,0,12,0,7,6,4,0,3,3,7,0,1,0,23,0,0,0,6,5,0,3,0,3,0,2,0,0,0,0,1,2,2,3,0,0,3,1,0,12,0,0,0,2,0,0,0,0,0,5,0,0,1,0
,735,479,455,445,449,452,2870,2609,2757,2978,3068,2730,2582,2004,2831,2339,2312,2157,2469,0,416,306,259,175,144,106,182,101,90,66,79,88,86,30,66,5,6,12,1,3,6,3,0,35,0,4,6,8,9,0,0,5,2,6,0,0,0,14,0,0,0,3,2,1,3,0,0,0,2,0,0,0,0,0,1,2,0,0,0,0,1,0,4,0,1,0,0,0,1,0,0,0,5,0,0,0,2
,740,749,715,681,707,698,2934,3050,3105,3109,3031,2545,2363,1666,2831,2142,2080,1913,2298,0,291,216,183,114,99,75,137,64,63,49,57,65,82,22,48,4,1,8,2,7,2,7,24,10,0,8,0,5,4,0,2,2,3,4,0,3,0,0,0,0,1,9,1,2,0,0,0,0,3,7,0,0,0,0,3,3,0,0,0,0,1,0,1,0,0,0,0,0,2,0,2,3,2,0,0,0,0
,745,1066,1012,961,987,974,2771,3250,3212,2899,2849,2326,2104,1486,2685,1905,1843,1680,2050,1,225,171,141,88,81,56,103,46,48,35,46,49,47,21,37,3,0,10,12,8,2,8,0,14,3,9,2,7,5,0,0,3,3,16,0,0,0,47,0,0,0,14,8,3,2,0,0,0,13,0,0,0,1,1,21,2,2,0,3,3,3,30,24,0,0,0,0,0,2,0,0,0,0,0,0,0,2
,750,1465,1356,1298,1340,1331,2496,3117,3032,2606,2620,2064,1750,1217,2397,1633,1547,1371,1724,0,174,126,108,60,60,45,84,33,32,24,33,42,43,17,28,12,1,5,40,0,2,0,0,16,0,10,0,6,13,0,0,4,1,7,0,0,0,0,50,0,0,7,6,0,2,0,0,0,13,0,0,0,0,0,4,3,0,0,0,3,2,0,2,0,0,0,0,0,0,0,8,0,0,1,0,60,6
,755,2008,1838,1760,1775,1783,2095,2862,2710,2224,2135,1642,1387,868,1997,1269,1180,1050,1367,0,114,87,70,45,37,29,53,19,28,15,26,27,32,48,23,4,0,8,3,44,0,0,0,0,0,13,0,10,11,0,0,3,5,0,0,0,0,0,0,0,0,9,8,43,0,0,0,0,4,16,0,6,0,0,2,3,2,0,0,4,3,0,0,0,0,0,0,0,2,3,11,0,0,0,0,0,0
,760,2624,2378,2246,2324,2285,1705,2539,2318,1817,1722,1261,1070,661,1604,969,894,826,1054,0,81,70,49,34,31,25,37,16,24,13,23,26,24,20,27,6,2,10,4,7,7,0,0,0,0,14,0,7,13,0,0,5,7,18,0,0,0,0,0,0,0,0,0,2,0,0,0,0,4,0,0,0,0,0,0,13,0,0,3,0,11,0,5,10,0,0,0,0,3,0,6,0,3,0,0,0,0
,765,3280,2876,2792,2832,2769,1235,1995,1817,1344,1272,922,778,461,1187,714,634,572,781,0,73,42,34,16,19,18,27,6,15,12,21,30,19,13,18,4,0,10,3,10,9,3,0,3,0,8,0,14,56,0,0,3,0,5,0,0,0,0,0,0,0,20,0,2,14,0,82,0,19,0,0,0,0,1,0,4,38,0,0,2,2,0,0,0,0,1,0,0,0,0,0,0,0,0,0,0,0
,770,3688,3244,3094,3172,3089,985,1636,1461,1036,992,686,566,355,941,519,474,421,579,0,44,35,18,8,18,13,20,15,9,6,21,28,19,20,15,3,0,0,0,0,0,3,0,88,0,10,0,55,65,0,0,6,0,11,0,0,0,0,0,0,0,7,0,0,0,0,0,0,0,0,38,0,0,0,1,10,0,0,1,0,2,0,6,0,9,0,0,0,4,0,8,0,0,0,0,0,0
,775,3880,3486,3331,3377,3286,749,1315,1147,803,762,538,438,282,709,397,372,319,412,0,33,26,18,11,11,7,18,5,11,11,43,17,20,16,20,1,0,3,4,0,0,5,0,7,0,15,6,17,28,0,0,5,4,16,0,0,73,3,0,0,7,5,7,4,1,0,0,0,10,0,0,0,0,1,15,5,0,0,0,3,4,0,3,0,10,0,0,0,2,0,18,3,0,1,0,0,3
,780,3980,3469,3260,3341,3234,497,951,821,587,553,345,292,170,488,275,249,221,296,0,20,46,8,30,3,6,17,0,3,10,21,17,5,5,16,0,0,4,0,0,4,2,0,6,1,6,0,0,23,0,0,12,2,15,0,0,0,0,0,0,0,8,12,16,0,0,6,0,6,0,0,1,0,2,54,5,0,17,0,0,4,0,4,0,9,1,97,0,0,1,33,0,0,0,0,0,0
,785,3732,3230,3052,3124,2984,362,689,600,402,387,272,207,119,338,181,156,154,201,94,10,16,8,0,5,7,16,0,13,6,11,11,10,19,13,3,4,13,66,9,0,2,0,0,0,11,0,15,8,0,0,14,8,23,0,45,80,0,0,0,0,25,2,0,0,0,0,0,5,0,0,0,0,1,4,6,0,0,0,0,1,0,25,0,1,0,7,7,2,1,0,0,174,1,0,0,0
,790,3378,2840,2637,2723,2684,270,511,423,292,268,181,150,105,243,134,122,118,141,0,8,9,0,0,28,13,9,0,13,0,25,9,7,13,6,37,0,14,53,65,0,0,0,0,0,22,0,14,11,0,0,5,9,7,0,0,85,13,0,0,0,7,0,0,0,0,0,0,7,0,0,0,0,0,48,7,0,0,0,0,4,0,9,0,2,0,8,0,22,0,2,0,0,0,0,0,13
,795,2995,2473,2366,2378,2294,190,383,323,201,188,124,110,62,175,106,88,85,125,0,7,10,0,0,0,14,14,0,2,0,18,8,1,22,7,7,0,23,12,0,36,0,0,24,0,28,0,48,0,2,0,11,6,19,0,0,9,24,0,0,20,14,6,3,0,0,0,0,8,0,0,8,0,4,12,8,0,30,0,34,6,0,12,0,0,0,0,0,2,0,34,0,10,0,0,146,0
,800,2499,2035,1894,1918,1828,140,271,225,150,141,88,85,46,111,81,58,75,78,0,2,10,10,0,1,6,11,0,0,0,16,18,12,21,7,0,16,6,8,0,19,3,0,5,0,42,88,25,10,0,0,15,16,22,0,0,0,4,0,0,0,15,7,4,0,0,0,0,1,0,0,1,0,2,5,7,0,0,0,0,6,0,11,0,6,0,0,0,0,0,0,0,0,0,0,0,0
,805,1917,1484,1372,1400,1369,97,176,152,94,88,65,54,28,79,52,33,47,53,0,6,4,7,0,0,4,1,0,70,0,19,22,19,12,33,4,0,11,0,0,0,0,0,15,0,22,0,30,14,3,0,4,9,24,16,0,0,0,0,0,15,5,0,4,0,0,30,0,1,0,0,0,0,0,11,17,0,0,0,0,4,0,1,0,1,64,10,0,0,22,3,5,0,1,0,0,0
,810,1513,1121,1053,1057,1075,69,140,110,70,62,38,48,25,63,37,17,42,46,0,0,3,0,0,0,0,10,0,6,69,18,14,13,15,11,9,0,12,9,0,0,6,0,149,0,10,0,16,15,108,0,8,4,26,0,0,0,0,0,0,0,34,0,1,2,30,0,6,10,0,0,2,0,0,0,30,0,0,0,0,9,0,6,0,4,0,0,0,1,0,0,202,25,0,0,0,5
,815,1206,879,801,829,818,56,93,77,54,48,29,32,14,43,34,10,32,29,0,0,7,9,0,0,0,15,0,6,8,94,23,6,8,21,2,0,13,0,0,7,0,0,0,0,25,0,0,23,0,0,9,16,0,0,0,0,0,4,0,0,37,1,0,0,0,0,0,34,0,0,0,0,2,7,9,0,0,42,0,12,0,1,0,22,0,3,0,9,0,0,5,0,0,0,0,0
,820,873,633,600,610,585,38,72,94,33,18,6,7,0,24,28,11,19,16,13,0,6,0,0,0,0,2,0,7,11,11,24,31,22,0,5,0,18,0,0,8,0,0,34,0,37,0,12,42,8,0,8,6,18,0,0,0,22,0,0,0,37,0,62,0,0,0,0,5,0,96,0,0,0,8,12,0,0,0,0,10,0,3,0,0,0,0,0,10,23,0,0,0,7,122,0,0
,825,643,461,424,435,423,27,65,27,32,23,9,28,0,12,15,5,22,18,0,0,7,0,0,0,3,18,0,0,4,25,18,20,18,6,22,0,18,14,0,127,0,0,0,0,68,0,43,0,0,0,10,30,28,0,0,0,0,0,0,0,26,12,2,0,0,0,0,21,4,0,2,0,0,4,8,7,0,0,8,5,0,16,0,0,0,15,0,3,35,0,17,0,0,0,160,34
,830,456,319,316,300,298,20,45,33,29,24,0,22,0,15,16,0,25,27,0,0,7,0,0,0,0,1,0,2,0,50,34,29,23,16,0,0,4,0,0,24,23,0,0,0,151,0,37,64,0,0,18,15,0,0,0,0,0,0,0,0,2,29,14,33,0,0,0,17,0,0,0,0,63,0,23,0,0,0,28,12,0,30,0,3,103,0,0,10,0,27,0,0,90,0,0,0
,835,386,266,225,229,237,12,21,21,36,0,0,12,0,0,13,0,37,29,0,0,3,0,0,0,23,5,0,7,0,18,221,55,6,17,19,0,18,0,0,10,0,0,0,0,43,0,136,87,0,0,14,49,56,0,0,0,34,0,0,0,45,21,19,4,0,0,0,16,98,0,2,84,7,21,20,6,0,0,0,15,0,28,0,0,0,0,0,101,0,37,0,0,0,0,0,60
,840,337,242,192,178,192,25,28,19,11,0,0,144,0,1,16,0,29,0,0,0,0,0,0,0,0,11,0,4,2,92,81,21,37,64,20,0,110,0,0,14,0,0,146,0,75,0,85,164,0,367,31,47,73,0,0,0,0,0,0,0,130,12,0,0,0,0,23,41,0,0,0,0,1,17,27,0,0,0,0,7,0,0,0,0,0,122,0,17,0,0,0,790,0,0,363,0
,845,193,146,133,124,120,0,69,21,0,22,0,9,0,0,57,0,13,35,0,0,28,0,143,0,0,0,0,0,0,166,49,11,76,40,38,0,102,0,9,0,5,0,56,0,183,0,204,32,0,0,351,333,102,0,0,0,0,0,0,0,30,139,0,60,0,0,0,27,0,0,87,0,0,28,64,0,0,0,0,24,0,66,0,0,0,40,0,34,0,21,69,39,0,0,0,33
,850,116,142,146,120,224,0,37,0,0,0,0,38,0,32,32,0,180,0,0,0,241,0,0,0,48,56,0,0,113,70,181,77,23,332,527,0,122,122,254,69,154,0,169,0,303,0,200,242,0,0,84,13,313,293,0,0,0,0,0,0,180,56,141,139,0,0,0,110,0,0,5,0,20,0,79,47,0,0,0,40,0,108,0,123,0,0,117,0,16,92,0,0,0,0,0,0
,,,,,,,,,,,,,,,,,,,,,,,,,,,,,,,,,,,,,,,,,,,,,,,,,,,,,,,,,,,,,,,,,,,,,,,,,,,,,,,,,,,,,,,,,,,,,,,,,
Read 25:EM Spectrum,,,,,,,,,,,,,,,,,,,,,,,,,,,,,,,,,,,,,,,,,,,,,,,,,,,,,,,,,,,,,,,,,,,,,,,,,,,,,,,,,,,,,,,,,,,,,,,,,
,,,,,,,,,,,,,,,,,,,,,,,,,,,,,,,,,,,,,,,,,,,,,,,,,,,,,,,,,,,,,,,,,,,,,,,,,,,,,,,,,,,,,,,,,,,,,,,,,
,Wavelength,A1,A2,A3,A4,A5,A6,A7,A8,A9,A10,A11,A12,B1,B2,B3,B4,B5,B6,B7,B8,B9,B10,B11,B12,C1,C2,C3,C4,C5,C6,C7,C8,C9,C10,C11,C12,D1,D2,D3,D4,D5,D6,D7,D8,D9,D10,D11,D12,E1,E2,E3,E4,E5,E6,E7,E8,E9,E10,E11,E12,F1,F2,F3,F4,F5,F6,F7,F8,F9,F10,F11,F12,G1,G2,G3,G4,G5,G6,G7,G8,G9,G10,G11,G12,H1,H2,H3,H4,H5,H6,H7,H8,H9,H10,H11,H12
,500,1,1,1,1,1,2,2,2,2,2,2,3,2,2,2,4,2,2,52,2,2,2,2,4,2,2,4,4,6,6,7,6,6,9,8,10,6,7,9,7,11,4,9,7,7,7,9,14,12,8,2,10,14,8,14,9,9,13,9,8,13,8,1,8,2,15,10,10,11,14,16,7,16,5,9,4,3,4,3,17,1,7,1,10,1,17,15,1,14,9,75,69,9,11,63,62
,505,1,1,1,1,1,3,3,2,1,2,3,1,3,2,3,3,2,3,103,3,2,3,3,3,3,2,3,5,6,6,10,6,9,9,8,9,6,10,6,6,7,2,10,10,11,11,6,12,11,8,1,7,10,15,15,15,8,7,8,15,13,8,1,7,2,13,10,17,15,11,11,9,12,3,15,5,3,5,2,17,2,4,1,16,1,11,8,1,8,5,158,159,12,9,159,152
,510,1,1,1,1,1,2,2,1,1,3,1,2,2,2,3,2,3,2,209,3,3,3,2,2,2,2,4,6,5,8,9,8,7,7,7,12,8,10,6,5,10,3,11,10,6,8,9,9,7,8,2,7,11,11,15,11,10,7,5,13,13,11,1,6,3,14,14,14,10,15,10,14,16,3,14,3,3,8,2,19,2,6,1,8,1,13,9,1,9,5,338,344,20,17,322,319
,515,1,1,1,1,1,3,3,2,1,3,3,1,3,2,3,2,2,2,522,2,3,3,3,2,2,2,2,3,7,8,8,10,5,8,6,8,6,6,6,6,7,2,10,5,5,6,11,12,5,5,1,7,8,5,15,7,6,8,8,8,8,11,1,11,2,9,10,7,10,9,15,7,11,3,13,4,2,7,3,19,2,6,1,9,1,17,10,1,13,5,892,911,6,19,859,861
,520,1,1,1,1,1,1,1,1,1,3,2,2,3,1,2,3,3,3,1072,2,2,1,3,2,1,3,2,5,7,5,8,5,7,8,10,11,4,6,7,9,7,3,7,10,5,5,8,13,10,5,2,8,14,12,13,8,11,7,4,7,12,12,1,10,2,8,14,8,10,8,14,13,15,4,8,3,2,6,2,19,1,8,1,10,1,10,15,1,13,12,1825,1898,15,18,1852,1826
,525,1,1,1,1,1,1,1,2,1,1,1,3,5,1,3,3,3,3,2048,2,2,2,1,3,2,1,2,5,4,7,8,5,4,7,11,8,6,6,8,5,6,3,13,9,4,5,8,11,8,4,2,11,6,11,9,11,6,10,7,11,10,5,2,11,1,10,14,13,8,9,9,7,17,5,7,4,3,7,2,12,2,6,2,11,2,18,12,2,10,6,3486,3467,10,38,3265,3319
,530,0,1,1,1,1,2,1,1,1,1,2,1,2,1,2,2,3,1,3550,3,1,2,1,4,1,1,3,5,6,5,8,7,7,6,7,7,7,5,7,6,9,3,6,4,4,6,7,9,8,7,2,10,4,9,13,11,4,7,7,8,6,9,1,10,1,7,7,11,14,9,9,7,16,4,13,4,3,4,1,12,2,10,2,27,2,23,27,1,22,12,6296,6228,20,73,5946,5833
,535,0,0,0,1,1,2,2,1,1,1,1,2,1,2,1,5,2,2,5191,1,2,0,2,3,2,2,2,4,6,6,8,3,4,4,5,9,4,4,6,6,9,3,9,9,3,5,7,10,8,7,1,4,9,2,6,11,4,4,6,12,10,5,1,10,1,11,13,5,13,13,14,15,20,4,13,4,3,5,2,13,4,15,4,36,4,31,30,3,33,18,8858,9041,26,119,8324,8664
,540,1,1,1,0,1,1,1,1,2,1,2,3,1,1,2,3,2,2,6121,2,1,0,1,3,2,1,2,3,5,6,4,3,9,3,4,5,4,5,4,7,5,2,8,8,6,5,7,9,8,6,2,6,5,5,7,5,8,11,6,11,4,5,1,11,1,15,6,11,15,9,17,16,18,5,9,4,3,6,2,13,7,24,7,52,8,50,52,4,47,20,10102,10464,40,170,9767,9394
,545,0,1,0,1,0,0,1,1,1,2,0,0,1,2,2,1,1,1,6040,1,1,0,0,3,0,1,2,4,5,3,7,3,2,2,7,8,3,8,3,3,5,3,8,9,3,9,3,10,8,6,2,3,9,11,6,5,9,10,4,11,10,9,1,10,2,5,7,12,15,12,14,16,23,7,17,5,3,8,3,21,9,36,10,90,10,82,77,6,76,35,10345,10380,64,206,9587,9863
,550,0,0,1,1,1,1,2,2,0,2,0,2,2,1,2,2,2,2,5456,1,1,0,2,1,0,2,2,1,2,6,4,1,5,5,4,4,3,7,6,6,9,2,5,6,11,5,8,13,2,4,2,3,5,11,10,13,12,11,4,8,9,7,1,7,2,16,10,10,21,18,20,30,39,11,23,7,4,12,4,25,11,47,12,117,12,102,103,7,92,40,8998,9269,83,224,8411,8493
,555,0,0,0,0,1,1,1,1,1,1,2,0,2,1,1,2,1,3,4287,3,1,0,1,2,1,1,1,2,4,4,5,3,3,4,10,5,7,7,7,5,14,3,11,11,11,12,10,14,6,4,2,13,9,7,18,12,14,11,8,16,10,17,1,16,3,18,21,24,33,35,39,36,53,12,33,9,6,13,4,36,15,58,14,135,15,131,117,8,96,48,6841,7047,94,220,6388,6294
,560,0,0,0,0,0,0,1,1,0,1,1,1,1,1,1,1,1,1,2702,1,1,1,0,3,1,1,1,1,3,3,4,3,4,2,7,9,5,7,8,8,15,4,21,16,23,29,15,24,12,6,3,10,12,15,19,17,23,22,13,26,19,25,3,27,5,38,36,43,45,52,57,60,57,11,52,10,5,12,5,27,15,52,15,133,15,135,122,8,105,48,4514,4732,98,176,4429,4279
,565,1,0,0,0,1,0,1,1,1,1,0,0,1,1,1,3,1,1,1900,3,1,0,0,1,0,0,2,1,5,4,4,3,3,6,10,16,9,11,12,14,23,6,23,26,30,35,24,37,26,8,4,15,20,23,25,29,41,34,21,47,31,36,4,35,7,49,51,58,59,73,75,72,61,11,60,11,6,13,4,24,14,50,13,122,13,130,107,7,83,44,3198,3157,82,144,2944,2931
,570,0,0,0,1,1,0,1,2,0,1,2,0,2,1,1,2,1,1,1165,1,1,0,0,2,0,1,1,0,2,3,5,3,4,3,15,17,14,16,19,18,33,10,40,44,44,52,39,51,34,13,8,27,32,42,44,47,58,55,35,66,47,63,5,55,10,69,75,89,86,80,87,81,57,11,72,12,6,13,4,24,12,39,11,106,11,107,90,6,68,38,2005,2081,71,99,1880,1861
,575,0,0,0,0,0,2,1,0,0,1,1,0,1,0,1,1,0,1,683,1,1,0,2,2,0,1,1,0,2,3,5,1,6,4,27,29,23,29,31,34,55,16,59,63,70,71,53,74,68,21,12,49,61,75,71,79,98,92,50,102,81,93,8,82,14,95,94,100,99,92,97,86,46,9,73,8,4,8,3,19,10,30,9,73,7,77,74,4,47,27,1180,1206,52,65,1117,1099
,580,0,0,0,0,0,0,2,0,0,1,1,0,1,1,1,1,1,1,398,1,1,0,2,1,0,1,1,1,4,4,5,3,10,5,44,48,39,46,48,55,80,24,80,96,88,102,71,99,109,39,21,80,100,124,116,125,136,137,69,143,124,116,11,101,18,119,105,110,99,95,85,83,37,7,75,7,3,8,2,15,7,21,6,54,6,53,45,3,36,19,663,682,36,44,634,611
,585,0,0,0,0,0,0,1,0,0,0,0,0,1,0,1,1,1,0,210,1,1,0,0,2,0,0,1,1,5,4,6,4,20,6,74,78,67,72,72,79,106,34,111,136,119,140,97,123,164,67,34,138,159,177,171,182,186,170,90,185,151,141,13,120,20,126,110,108,97,80,79,68,35,7,59,5,4,5,2,9,5,17,4,33,3,41,34,2,21,15,364,387,24,26,333,335
,590,0,0,1,1,0,1,1,0,0,1,0,0,0,0,1,1,1,0,138,1,1,0,0,1,0,0,0,1,8,5,7,5,34,10,98,113,93,100,98,110,125,42,137,158,142,161,118,142,214,95,46,190,215,229,205,209,200,207,101,204,175,148,14,134,19,120,98,92,86,67,70,53,20,4,49,4,2,4,1,10,3,12,3,28,3,36,24,2,18,10,230,241,17,16,214,218
,595,0,1,0,0,1,0,0,0,0,0,0,0,0,0,1,1,1,1,87,0,1,0,0,1,0,0,1,2,13,9,11,10,57,16,138,157,122,129,122,141,149,49,165,192,166,194,142,169,255,134,58,249,263,265,248,252,213,212,102,223,182,146,13,122,18,105,87,79,68,50,47,39,17,4,38,3,2,4,1,7,2,9,2,20,2,20,19,1,13,9,151,160,12,16,140,144
,600,0,0,0,0,0,0,0,0,0,1,0,0,1,0,0,1,0,1,53,1,1,0,0,1,1,0,1,4,24,15,16,17,95,28,194,243,166,164,156,173,171,57,195,217,195,211,163,190,290,179,66,298,293,289,264,260,205,216,103,206,170,127,12,104,15,81,65,60,52,38,35,30,11,3,26,2,1,2,1,3,2,7,1,12,2,15,14,1,9,6,87,92,11,9,87,80
,605,0,0,0,0,0,0,0,0,0,1,2,0,0,1,0,0,0,1,36,1,0,0,0,1,0,1,0,7,48,26,29,32,154,55,250,340,222,203,192,204,199,64,217,244,223,234,180,207,277,210,70,321,315,284,259,248,187,196,91,197,157,101,9,86,11,61,48,41,35,25,20,27,11,2,19,4,1,1,1,3,1,6,1,9,2,9,11,1,6,5,57,56,7,8,51,50
,610,0,1,0,0,0,0,0,0,0,0,0,0,0,2,1,0,0,1,23,0,1,0,0,2,0,0,1,11,79,39,47,52,215,86,309,444,271,234,215,234,213,68,239,266,243,252,202,232,267,222,73,326,296,273,245,227,158,171,78,170,136,74,7,63,8,48,38,31,26,19,18,10,7,2,15,2,1,1,0,1,1,3,1,4,1,7,7,1,7,8,37,41,4,3,36,32
,615,0,0,0,0,0,0,0,0,0,1,0,0,0,1,1,1,0,1,20,1,0,0,0,2,1,0,5,18,121,66,78,83,288,133,358,578,330,265,241,260,221,73,245,275,255,266,223,252,241,224,65,320,278,245,223,195,142,150,67,155,118,60,5,47,7,35,30,21,22,15,18,13,7,2,12,1,3,1,1,1,0,5,1,7,0,6,6,1,11,3,23,31,4,3,28,24
,620,0,0,0,0,0,0,1,0,0,1,0,0,0,0,0,0,1,0,15,1,1,0,1,3,2,1,4,32,195,109,123,136,391,205,443,738,399,313,266,280,240,77,255,283,282,276,230,282,202,218,57,277,243,204,181,156,108,117,59,116,87,42,4,34,5,23,19,15,18,20,12,7,5,1,8,1,1,0,0,1,0,3,0,2,0,2,5,1,1,3,15,19,2,1,21,18
,625,0,0,0,0,1,0,0,0,0,0,0,0,0,0,1,1,1,1,17,1,1,2,2,4,4,2,5,55,306,173,192,225,495,307,538,915,464,345,297,293,255,85,263,294,312,292,262,298,149,194,51,237,208,153,143,129,80,93,38,84,66,32,3,27,3,16,15,23,13,9,10,5,6,1,6,1,1,1,1,0,0,3,0,1,0,3,4,1,1,2,11,15,2,0,26,8
,630,0,0,0,0,0,0,0,0,0,1,1,1,1,0,1,1,1,2,12,3,3,3,4,7,6,4,9,87,449,270,294,330,620,456,645,1046,554,418,322,315,295,93,279,302,330,295,268,313,117,163,39,192,162,124,110,91,55,66,27,65,47,24,2,17,3,10,11,9,9,6,18,3,2,1,5,1,0,1,0,0,0,3,0,2,0,5,3,1,1,1,7,18,0,0,16,7
,635,0,0,0,0,1,1,1,1,0,1,1,1,1,1,2,2,2,3,10,4,5,5,7,13,11,7,15,131,583,358,403,456,689,590,727,1142,637,464,356,349,325,102,299,323,321,291,273,307,100,144,32,173,131,95,87,70,43,50,21,47,37,16,1,14,3,9,7,5,8,3,4,1,3,1,4,0,1,0,0,0,0,3,0,3,0,3,0,1,0,2,3,12,1,1,11,6
,640,0,0,0,0,0,1,1,1,2,1,1,2,6,2,3,3,3,3,12,7,8,10,11,17,20,12,27,194,763,493,543,617,809,764,770,1143,688,525,376,381,356,109,307,315,300,264,254,273,67,118,25,123,101,73,61,54,32,35,16,39,25,12,1,10,2,8,15,4,5,3,5,2,1,2,0,1,1,0,0,0,0,2,1,15,0,1,1,1,0,1,1,8,0,0,4,2
,645,0,0,0,0,0,2,2,1,3,3,3,3,6,3,4,6,4,4,27,13,15,16,21,27,33,21,46,281,966,651,717,806,880,985,804,1079,744,557,401,392,351,114,294,290,254,231,223,223,47,93,19,93,73,65,50,42,22,26,12,30,20,12,1,6,2,0,4,2,5,2,4,0,0,1,3,1,2,1,0,0,0,2,0,1,0,3,1,1,0,2,1,9,0,0,5,2
,650,0,0,1,0,0,4,3,4,4,5,6,8,9,5,7,8,8,8,12,21,24,29,41,48,60,39,80,403,1151,855,920,1080,951,1193,756,913,731,577,387,388,323,108,266,252,203,170,173,178,33,69,13,70,47,37,35,27,14,31,11,20,11,6,1,5,1,0,4,2,6,0,6,0,3,2,1,1,0,0,0,0,0,2,0,0,0,1,13,1,0,2,2,16,0,0,5,0
,655,1,1,0,1,1,8,4,4,8,8,12,12,16,9,11,14,11,12,13,36,41,49,63,79,100,60,129,523,1294,1017,1096,1248,967,1315,690,765,653,537,352,359,274,98,228,222,151,134,136,131,22,55,9,50,35,27,26,23,12,11,8,13,8,3,1,7,1,0,0,1,10,0,20,0,1,6,0,1,1,0,0,0,0,4,0,1,2,0,0,1,0,0,13,8,0,0,9,0
,660,0,0,1,1,1,12,7,10,13,12,17,20,25,13,19,21,19,20,9,57,64,78,96,118,150,96,195,677,1397,1164,1242,1440,968,1417,564,594,572,475,311,298,227,79,185,168,121,97,101,98,16,39,8,37,32,19,20,16,8,10,9,12,25,2,0,4,3,0,2,0,2,0,7,0,3,1,2,0,0,0,0,0,0,2,0,0,0,0,0,1,0,1,0,9,0,0,7,0
,665,1,1,2,2,1,20,11,12,21,21,26,33,43,21,29,33,33,30,30,90,102,126,163,190,227,156,303,830,1434,1243,1327,1556,965,1419,434,450,467,384,249,256,181,62,148,127,85,67,88,73,11,34,5,30,24,14,17,14,4,7,16,7,24,0,0,4,1,1,0,0,0,6,4,0,0,1,3,1,0,1,0,0,0,2,0,0,0,2,0,0,13,1,0,4,11,0,3,0
,670,2,2,2,2,2,35,21,22,35,37,46,56,72,36,53,55,53,57,10,153,170,216,262,306,358,259,445,985,1343,1277,1352,1553,878,1310,316,311,338,286,176,183,115,43,102,83,51,47,53,51,4,34,4,20,35,13,10,13,1,6,5,6,2,2,0,18,2,0,0,21,10,1,0,0,1,1,19,0,0,0,0,0,3,2,1,2,0,0,0,1,0,1,0,9,0,0,7,0
,675,3,3,3,3,3,55,32,33,56,58,76,93,112,57,84,89,86,83,37,240,259,311,369,443,472,368,569,1102,1258,1264,1317,1518,776,1222,231,224,252,205,136,133,97,32,74,63,40,33,36,36,3,18,3,17,32,2,8,8,1,4,6,5,1,0,0,1,1,0,2,20,1,0,0,0,0,1,5,0,0,0,0,19,0,2,0,0,0,0,0,1,0,2,4,0,0,4,3,0
,680,4,5,4,5,5,86,48,57,89,91,117,140,175,91,131,143,140,129,6,357,386,447,519,555,584,503,676,1153,1141,1142,1275,1379,656,1039,170,158,184,158,108,100,65,22,55,42,25,22,24,27,0,18,1,16,9,5,6,3,0,6,4,6,6,3,0,3,1,0,0,0,2,0,2,0,0,0,1,0,0,0,0,20,0,2,0,0,0,23,2,1,0,0,0,8,0,0,0,0
,685,7,8,7,7,7,140,75,91,142,144,182,227,273,142,206,218,218,206,11,516,528,596,643,670,664,644,743,1123,1003,1038,1127,1212,513,879,121,119,130,119,69,70,55,19,38,28,18,16,20,24,0,12,2,6,6,2,2,28,5,0,7,4,0,0,1,5,2,0,0,0,10,0,8,0,0,2,0,0,0,0,0,0,0,2,0,0,0,2,0,1,0,0,11,0,0,0,10,0
,690,11,12,11,12,11,216,119,138,217,225,288,342,416,226,323,346,328,322,7,677,680,733,749,750,703,790,747,1060,875,917,1007,1049,395,693,100,107,94,78,54,52,42,14,31,23,9,5,13,15,0,12,2,6,11,0,2,6,16,0,7,3,2,0,0,4,2,0,0,0,6,0,0,0,0,3,0,0,0,0,0,0,0,2,0,0,0,0,2,1,0,0,0,5,0,0,12,0
,695,18,19,17,18,19,366,196,235,361,379,482,567,688,377,534,554,545,517,8,859,839,856,816,777,689,841,708,914,694,789,856,843,276,549,59,68,85,58,37,37,30,10,22,18,4,6,13,16,20,14,1,2,3,0,6,5,0,0,5,0,32,24,0,4,2,0,21,0,3,0,1,0,0,1,0,1,1,0,0,0,0,5,1,0,0,0,0,1,0,0,6,10,0,0,0,0
,700,30,31,29,30,29,565,302,367,581,587,737,887,1033,591,791,840,819,792,9,988,922,901,789,759,620,846,631,801,551,640,692,679,200,426,45,51,49,48,28,35,21,7,13,7,0,3,5,14,0,12,0,29,1,0,1,2,0,22,7,0,7,0,2,0,1,0,0,0,2,0,0,0,0,2,0,1,0,0,0,0,0,4,0,0,0,0,0,1,0,20,0,4,0,0,0,0
,705,43,48,44,44,43,832,462,556,852,851,1058,1215,1378,855,1130,1204,1149,1127,17,1038,933,861,747,679,551,799,547,710,402,514,550,544,156,323,34,38,38,54,25,22,17,12,15,7,0,4,4,19,0,9,0,0,4,0,7,7,0,0,4,0,0,0,0,2,2,0,1,3,0,0,1,0,3,2,0,1,0,0,0,0,4,3,0,0,0,0,0,1,0,0,0,19,0,0,7,0
,710,64,64,63,66,67,1174,670,802,1194,1212,1464,1627,1738,1207,1537,1567,1459,1499,12,998,866,772,610,564,434,680,429,557,308,393,405,409,105,225,25,32,26,25,19,16,16,5,0,1,0,26,2,9,0,6,0,0,7,0,4,0,0,0,2,4,25,0,0,0,2,0,0,0,11,0,2,0,33,2,0,0,1,0,0,0,0,1,0,0,0,0,0,1,0,2,0,0,0,0,5,0
,715,102,103,102,105,103,1661,1013,1200,1701,1691,1912,2063,2041,1659,1909,1904,1799,1939,12,836,740,610,466,424,305,519,292,386,194,262,273,267,65,149,14,19,23,19,18,7,7,1,1,0,13,0,4,7,0,6,0,0,34,0,3,3,2,0,4,0,3,0,0,4,1,0,4,0,1,2,0,0,3,2,0,0,0,0,0,28,0,3,0,0,0,0,0,1,0,0,0,1,0,0,2,0
,720,152,149,151,150,148,2050,1390,1589,2111,2077,2298,2389,2147,2080,2228,2149,2001,2216,10,706,584,493,360,325,240,408,227,293,148,190,209,181,59,101,16,21,16,15,13,7,7,2,6,4,0,0,6,6,0,6,1,0,5,0,0,0,0,4,2,0,1,0,0,4,2,0,0,0,2,25,1,0,0,1,0,0,0,0,0,0,0,4,0,0,0,0,0,1,21,0,0,46,0,0,5,0
,725,220,221,213,214,212,2465,1849,2018,2555,2497,2614,2554,2198,2427,2385,2315,2139,2430,9,600,499,400,290,257,183,338,172,225,103,138,157,144,36,84,10,19,15,11,9,6,9,2,0,0,0,1,0,8,0,7,0,0,2,0,1,1,0,0,4,0,1,0,0,7,2,0,0,0,0,0,3,0,1,2,0,2,0,0,0,0,0,4,0,0,4,3,0,1,19,0,0,11,0,0,5,0
,730,317,318,298,318,315,2829,2314,2538,3009,2865,2835,2723,2209,2789,2533,2384,2289,2671,11,504,396,320,231,198,135,268,133,174,78,112,120,109,31,60,10,16,12,15,24,2,4,3,0,0,0,0,6,2,0,6,0,0,1,0,4,3,0,0,8,0,4,0,0,0,1,31,6,0,0,0,31,0,22,2,0,0,1,0,0,0,0,3,0,0,0,0,0,1,0,4,0,7,0,0,5,0
,735,484,482,461,475,466,3116,2851,3014,3326,3197,2930,2756,2143,3011,2569,2439,2216,2602,3,412,312,258,192,156,114,205,100,133,57,110,93,86,20,48,29,21,9,9,8,0,12,2,0,0,12,0,0,10,0,7,0,0,5,0,0,6,0,0,9,0,0,0,0,1,2,0,0,0,0,7,0,0,1,2,0,0,0,0,0,0,0,4,0,0,0,0,0,1,0,0,0,5,39,0,5,0
,740,769,749,724,740,733,3086,3264,3364,3352,3176,2759,2516,1835,3045,2313,2136,1937,2394,13,315,229,182,123,110,77,145,81,112,37,68,71,59,15,32,1,11,6,13,11,1,11,1,0,0,0,0,1,9,0,9,0,0,0,0,0,0,1,0,9,0,0,0,0,0,2,0,0,0,12,0,0,0,0,4,0,0,0,4,0,0,0,3,0,0,0,0,0,2,0,0,3,13,0,40,0,0
,745,1083,1066,1004,1056,1039,2941,3446,3443,3258,3037,2541,2216,1564,2867,2092,1914,1714,2159,22,242,178,142,100,92,70,107,54,67,34,44,61,54,15,32,4,16,7,10,11,0,12,3,10,0,0,0,0,6,0,9,0,0,0,0,6,4,0,0,6,4,2,0,0,0,3,0,0,0,4,0,3,0,0,3,2,1,0,0,0,0,0,5,0,0,0,0,0,2,0,1,0,20,0,0,12,0
,750,1478,1414,1373,1414,1381,2707,3393,3334,2860,2692,2185,1904,1302,2655,1809,1586,1460,1826,1,174,129,100,69,67,40,75,36,44,19,40,50,31,13,23,6,19,3,11,10,0,3,0,6,0,0,1,3,8,0,9,11,38,2,0,0,15,0,6,9,0,1,0,0,0,9,0,0,0,30,0,0,0,0,3,0,6,0,3,0,0,0,10,0,0,0,6,0,7,0,1,0,10,1,0,1,0
,755,2007,1931,1842,1915,1853,2169,3082,2942,2446,2242,1742,1422,974,2156,1381,1224,1081,1440,26,127,92,65,45,48,18,51,31,33,38,28,57,24,7,11,3,13,11,53,7,1,53,0,0,0,0,0,0,11,0,6,0,0,0,0,9,0,0,39,16,0,0,0,0,4,2,0,0,0,0,0,0,0,0,23,0,0,1,0,0,0,0,8,0,0,0,0,0,2,0,0,0,0,0,0,8,0
,760,2723,2496,2372,2487,2420,1760,2778,2542,1979,1811,1392,1138,730,1733,1059,945,824,1106,22,84,63,43,30,33,18,43,24,25,0,31,28,10,0,9,8,17,11,21,1,5,14,2,0,0,0,0,3,16,0,17,16,0,4,0,0,0,0,0,11,12,0,0,0,3,3,0,0,0,30,8,0,0,0,6,0,3,0,0,0,0,0,10,0,0,0,0,0,2,0,1,0,26,75,0,12,0
,765,3325,3028,2930,2996,2962,1296,2200,2001,1478,1345,995,803,512,1277,737,643,573,785,28,59,41,33,20,29,10,22,15,15,0,25,29,1,0,6,7,11,6,24,25,4,11,1,5,0,0,0,0,1,0,15,1,0,8,0,0,0,48,0,50,62,0,0,0,0,3,0,0,0,2,0,3,0,0,2,0,0,1,23,0,0,0,11,0,74,11,0,0,4,0,0,0,20,0,0,122,0
,770,3733,3396,3213,3358,3264,988,1817,1621,1168,1032,742,615,351,971,587,486,424,601,5,36,38,16,10,25,6,19,9,1,39,15,29,0,8,0,1,23,1,16,2,0,15,6,0,0,0,0,0,22,0,7,0,0,13,0,0,0,0,0,15,0,4,0,8,6,4,0,28,0,0,59,0,0,0,7,0,0,0,0,0,0,0,0,0,0,0,0,0,3,0,0,0,23,8,0,12,0
,775,4059,3703,3471,3625,3497,784,1458,1273,862,825,582,443,280,768,420,363,363,471,33,37,25,21,2,21,3,7,1,0,1,22,28,0,5,0,15,23,7,19,11,0,13,9,0,0,0,0,50,9,0,15,5,0,5,0,7,22,0,0,18,0,9,0,0,0,3,82,84,0,3,0,0,0,4,5,0,2,1,0,0,0,0,12,0,0,0,0,11,4,0,14,0,8,100,98,6,0
,780,4050,3625,3452,3609,3434,534,1064,910,622,551,384,304,184,534,292,247,212,302,41,20,12,0,1,48,2,5,2,0,0,19,27,0,0,3,0,19,14,83,60,0,16,0,3,0,0,31,0,4,0,10,0,0,6,0,51,0,0,0,18,0,0,0,0,14,9,0,0,0,0,0,7,0,2,14,0,0,16,0,0,0,0,15,0,0,0,0,0,4,0,5,0,0,0,0,0,66
,785,3835,3396,3216,3356,3260,365,729,650,448,399,268,203,123,416,211,169,163,212,52,15,8,0,27,12,0,1,0,0,0,17,31,0,0,0,7,6,10,7,18,0,17,0,0,0,0,0,0,19,0,11,2,0,1,0,5,9,0,0,28,0,0,0,1,0,23,0,5,0,0,0,11,0,0,10,0,3,1,0,0,0,0,0,0,0,0,0,0,6,0,0,0,47,0,0,172,0
,790,3493,2996,2845,2969,2830,264,542,461,312,318,195,139,102,274,150,132,107,164,39,11,10,0,0,12,0,16,4,0,0,15,80,0,0,0,41,68,0,19,27,0,32,8,0,0,0,0,2,9,0,15,2,0,0,0,119,16,0,0,21,0,0,0,0,129,6,0,0,0,0,8,8,0,9,3,0,3,0,0,0,0,0,15,0,0,1,0,0,3,0,0,0,0,0,0,0,0
,795,3124,2641,2440,2569,2435,196,413,362,230,205,134,110,73,226,111,98,73,114,43,6,4,0,0,15,0,0,0,0,0,15,36,0,7,0,6,30,11,18,23,0,23,0,0,0,49,0,84,0,0,16,0,0,0,0,23,0,0,0,18,0,0,0,1,12,6,0,0,0,7,0,9,0,6,13,0,0,2,38,0,0,0,7,0,0,0,0,0,7,125,4,0,11,0,0,18,0
,800,2677,2122,2004,2089,2009,140,288,273,169,148,103,73,50,149,110,105,69,86,35,6,0,0,0,4,0,0,0,0,0,7,28,0,0,0,0,33,0,15,25,6,25,0,2,0,0,0,9,2,0,26,0,0,4,0,7,140,112,0,27,3,0,0,0,133,5,0,0,0,0,0,18,0,0,7,0,2,0,0,0,0,0,25,0,0,0,0,7,4,0,97,0,11,0,0,51,0
,805,2039,1590,1477,1502,1466,80,183,156,108,93,61,38,34,100,43,48,32,54,0,26,10,0,0,11,0,0,0,0,0,14,29,0,0,44,0,56,0,14,35,0,34,7,0,0,0,0,0,150,0,25,0,0,0,0,7,0,0,0,8,0,0,0,1,0,6,0,0,0,0,91,0,0,16,4,0,0,1,0,0,0,0,17,0,0,1,0,0,21,0,0,0,47,0,0,4,0
,810,1582,1186,1105,1170,1139,50,139,108,76,68,43,69,21,71,45,35,28,37,34,49,0,0,0,12,0,0,9,0,0,21,26,0,6,0,16,24,1,79,22,0,23,7,0,0,0,0,103,36,0,123,0,0,0,0,0,26,0,0,49,0,0,146,0,31,11,0,0,0,9,1,11,0,3,14,0,51,0,0,0,0,18,24,0,0,0,0,8,8,0,10,0,0,0,0,17,78
,815,1279,908,867,926,857,34,93,88,58,48,30,20,17,61,29,29,19,25,64,0,0,0,0,15,0,0,0,56,0,22,24,0,15,0,0,39,10,14,41,0,41,4,0,0,0,0,3,34,0,12,0,8,10,0,0,5,0,0,43,24,0,0,0,0,7,0,0,0,21,0,2,0,0,0,0,7,8,0,0,0,0,23,0,0,0,0,0,8,0,0,0,69,0,0,31,0
,820,948,673,622,648,627,26,69,52,24,33,8,2,6,40,76,21,35,24,72,0,5,0,38,15,0,0,0,0,0,16,29,0,0,0,13,45,14,22,27,0,32,7,0,139,0,0,0,52,0,42,36,0,1,0,157,0,0,0,141,167,4,0,0,4,45,0,0,0,0,0,0,0,0,14,0,8,0,0,0,0,0,1,0,0,0,0,31,6,0,6,0,17,0,0,0,0
,825,658,469,455,487,437,9,61,36,16,46,7,0,7,21,10,16,0,16,133,1,2,0,0,20,0,45,0,0,0,28,56,0,0,0,4,35,33,41,33,0,68,8,0,208,0,0,0,43,0,40,0,0,0,0,24,0,0,0,61,12,0,0,0,29,12,0,0,0,21,30,0,0,0,9,0,0,1,8,0,0,0,20,0,0,0,0,0,10,0,0,0,47,0,0,43,0
,830,490,359,333,333,333,77,32,8,11,20,0,0,0,23,13,0,10,21,42,0,0,0,0,11,0,0,0,0,0,113,60,0,12,0,15,249,28,29,0,0,49,11,0,0,0,82,0,80,0,34,72,0,0,0,15,9,0,204,25,0,0,0,0,14,17,0,0,0,100,2,3,0,0,14,0,12,0,0,38,0,0,41,0,0,0,0,37,13,0,0,0,72,0,0,321,0
,835,408,271,255,269,267,0,15,8,0,4,0,0,0,11,7,20,0,3,104,0,0,0,0,5,0,0,0,0,0,33,71,0,0,0,0,100,31,65,256,3,67,7,14,0,0,0,0,74,0,64,0,39,13,0,0,0,0,0,74,0,54,0,0,19,30,0,0,0,23,0,4,0,0,26,0,0,0,0,0,0,0,29,0,0,0,0,0,20,0,0,487,0,0,0,58,0
,840,286,220,177,224,203,0,28,0,0,21,141,0,0,0,6,172,0,166,153,0,0,0,0,17,0,0,0,0,0,351,359,0,0,0,0,158,113,116,119,36,75,150,0,29,0,0,324,60,0,84,0,0,0,0,0,0,0,0,68,0,13,0,1,28,36,0,0,0,0,0,43,0,0,48,0,0,2,0,0,0,105,70,0,0,0,0,0,27,0,8,0,802,0,0,315,0
,845,180,157,227,155,137,0,12,0,0,0,0,0,0,15,0,0,0,21,173,237,0,0,0,68,0,0,0,0,312,29,181,0,154,0,195,145,89,236,44,0,19,0,14,0,0,0,0,116,0,183,0,70,5,0,49,0,0,0,192,0,47,0,0,93,81,0,0,12,0,0,0,0,16,37,0,40,3,0,0,0,0,129,0,0,3,0,0,116,0,0,0,0,0,0,0,0
,850,130,99,84,89,104,0,0,0,0,0,0,0,0,14,0,0,0,0,165,0,0,0,0,139,0,0,0,0,0,8,273,0,0,24,107,579,334,159,429,0,32,324,0,0,0,0,0,258,0,372,325,0,0,0,165,0,79,0,208,0,35,0,147,155,137,0,0,0,0,0,0,0,0,0,0,0,41,0,0,0,0,61,129,0,136,0,0,76,0,0,0,512,0,0,0,0
,,,,,,,,,,,,,,,,,,,,,,,,,,,,,,,,,,,,,,,,,,,,,,,,,,,,,,,,,,,,,,,,,,,,,,,,,,,,,,,,,,,,,,,,,,,,,,,,,
Read 26:EM Spectrum,,,,,,,,,,,,,,,,,,,,,,,,,,,,,,,,,,,,,,,,,,,,,,,,,,,,,,,,,,,,,,,,,,,,,,,,,,,,,,,,,,,,,,,,,,,,,,,,,
,,,,,,,,,,,,,,,,,,,,,,,,,,,,,,,,,,,,,,,,,,,,,,,,,,,,,,,,,,,,,,,,,,,,,,,,,,,,,,,,,,,,,,,,,,,,,,,,,
,Wavelength,A1,A2,A3,A4,A5,A6,A7,A8,A9,A10,A11,A12,B1,B2,B3,B4,B5,B6,B7,B8,B9,B10,B11,B12,C1,C2,C3,C4,C5,C6,C7,C8,C9,C10,C11,C12,D1,D2,D3,D4,D5,D6,D7,D8,D9,D10,D11,D12,E1,E2,E3,E4,E5,E6,E7,E8,E9,E10,E11,E12,F1,F2,F3,F4,F5,F6,F7,F8,F9,F10,F11,F12,G1,G2,G3,G4,G5,G6,G7,G8,G9,G10,G11,G12,H1,H2,H3,H4,H5,H6,H7,H8,H9,H10,H11,H12
,500,1,1,1,1,1,2,3,3,3,3,2,2,2,3,2,3,4,2,48,2,2,3,4,2,4,3,5,6,6,6,7,6,9,10,12,12,9,7,7,7,7,6,11,12,9,9,9,8,7,7,15,14,4,9,10,4,9,5,8,9,14,6,2,2,12,18,2,1,2,9,7,14,1,17,2,5,2,10,4,7,10,4,8,14,8,3,15,15,10,2,74,77,8,16,69,66
,505,1,1,1,0,1,3,3,2,2,2,2,2,2,3,3,2,3,2,99,2,3,2,4,4,4,2,5,6,6,6,8,9,9,10,7,12,5,5,6,6,7,10,9,7,12,8,8,11,14,11,9,7,5,8,10,6,12,4,12,14,8,5,1,1,7,16,2,1,2,19,10,15,1,12,1,5,2,11,4,4,6,4,15,8,7,4,11,12,14,1,167,164,11,13,155,157
,510,1,1,1,1,1,2,2,3,3,2,2,2,3,2,2,2,2,4,203,3,4,3,4,4,4,2,4,6,6,8,5,6,6,7,7,12,6,8,10,9,7,6,12,9,7,15,7,7,11,12,8,11,4,9,11,6,9,5,12,12,13,8,1,1,7,11,2,1,2,8,9,14,1,11,2,8,2,11,6,4,5,3,5,8,6,4,8,10,9,1,354,336,10,10,330,332
,515,1,1,0,0,1,2,3,3,2,3,2,3,1,1,3,2,2,3,513,3,3,2,3,3,2,2,4,4,5,6,9,7,9,9,6,7,5,5,9,6,10,5,11,10,10,7,10,8,13,10,7,7,7,8,9,4,18,3,13,8,7,5,1,2,14,14,1,1,3,12,8,14,1,12,2,4,2,15,5,4,6,5,11,6,12,2,9,14,12,1,966,872,13,14,861,878
,520,1,0,0,1,1,1,3,2,1,3,3,2,2,2,3,3,2,2,1129,2,3,1,2,3,3,2,2,8,8,5,5,6,7,8,5,10,6,6,9,11,10,5,6,7,10,6,14,11,6,10,6,13,7,6,13,4,8,2,12,8,11,8,1,2,7,10,2,1,3,11,10,15,1,23,1,10,2,10,4,4,6,5,11,12,8,3,9,10,13,2,2087,1981,10,22,1838,1890
,525,1,1,1,1,1,3,2,2,1,1,2,1,2,2,1,1,2,3,1950,2,3,2,4,3,3,2,2,3,7,4,7,4,5,7,5,7,4,3,9,6,6,9,7,5,10,9,5,11,10,5,13,7,4,7,13,6,6,3,10,13,7,4,1,1,7,8,1,1,3,8,9,7,1,13,1,4,3,14,6,7,7,4,13,11,11,3,20,13,16,2,3647,3417,13,33,3417,3372
,530,1,1,1,0,1,1,2,2,1,1,2,1,3,1,1,3,2,3,3632,1,3,2,2,2,3,1,2,5,7,5,7,4,6,4,7,10,4,7,5,7,8,8,8,5,9,9,5,6,5,8,6,10,6,6,6,3,7,4,9,6,7,3,1,1,10,8,1,1,3,10,5,7,1,9,2,6,2,14,4,4,11,9,20,21,25,7,24,28,38,3,6598,6182,21,72,5935,5996
,535,0,0,0,0,1,1,1,1,2,2,2,2,1,2,2,1,2,3,5210,3,2,2,3,3,1,3,3,5,6,4,5,4,6,4,4,8,11,3,4,3,5,4,6,4,10,6,8,8,9,8,9,6,9,5,10,8,5,2,4,12,5,4,1,1,10,7,1,1,2,11,11,9,1,13,2,7,2,10,8,7,14,11,23,32,39,10,42,44,50,5,9497,8921,47,129,8422,8369
,540,1,0,0,1,1,1,1,2,2,2,1,1,2,2,1,1,1,1,6302,2,3,2,4,1,3,0,3,2,6,4,5,3,6,3,7,8,6,2,5,3,4,4,4,4,9,9,4,10,5,8,11,6,2,6,11,4,6,3,4,6,11,3,1,1,10,8,1,0,3,8,7,14,1,25,2,9,4,13,5,6,24,21,41,52,56,17,68,73,79,6,11194,10195,72,191,9805,10095
,545,1,0,0,1,0,1,1,2,1,1,1,1,1,3,0,1,1,1,6293,1,2,0,3,2,1,1,2,1,3,5,4,5,6,6,7,8,5,5,8,7,4,3,9,4,5,5,5,10,10,7,5,9,2,9,11,4,12,2,10,12,5,3,1,1,5,7,2,0,4,10,9,15,2,24,3,13,4,15,9,7,31,26,53,77,77,24,93,110,111,9,10868,10455,84,225,9679,9973
,550,1,1,0,0,1,0,1,2,1,3,2,0,2,1,1,0,2,2,5669,2,1,3,2,2,2,1,1,2,4,4,3,5,2,4,4,12,2,2,8,2,6,7,8,10,11,11,6,9,6,3,6,3,3,8,12,6,6,6,13,11,12,9,2,2,6,11,2,1,4,22,13,21,2,32,4,12,4,26,10,12,43,34,74,111,96,30,131,139,144,11,9792,9236,120,249,8652,8793
,555,0,0,0,0,1,1,1,1,1,1,1,1,2,1,1,1,2,1,4200,1,1,1,2,4,1,1,2,2,2,5,4,3,3,4,6,5,5,10,7,5,10,8,11,11,15,15,12,19,10,4,10,13,5,12,16,7,16,5,15,20,12,16,2,2,13,21,3,2,5,31,27,38,3,44,5,18,6,27,11,11,63,41,91,118,105,35,147,147,148,13,7330,6991,124,240,6528,6722
,560,0,0,0,0,1,3,3,1,0,1,3,1,3,1,1,1,3,1,2767,1,2,1,2,2,1,1,2,2,4,2,4,4,3,3,10,10,7,7,8,11,17,14,17,24,24,28,20,29,19,11,17,12,9,21,20,9,29,13,31,41,23,18,3,4,29,36,5,3,12,47,42,62,3,47,8,19,6,30,11,12,71,40,93,141,104,35,140,144,138,13,4984,4591,123,199,4369,4373
,565,0,0,0,0,0,1,1,1,1,1,1,0,1,1,1,1,1,1,1850,1,1,1,2,1,1,1,2,4,3,3,3,3,5,3,13,16,10,9,14,16,28,21,24,31,37,41,38,39,30,15,25,20,14,34,30,15,47,18,50,56,32,28,4,6,46,54,7,5,13,60,57,77,3,47,11,20,5,33,10,10,71,39,84,116,93,32,130,126,123,11,3326,3190,107,153,2955,3001
,570,0,0,1,0,0,0,1,1,1,1,0,0,1,1,0,1,1,2,1153,1,1,1,3,1,3,1,1,2,4,3,4,3,7,4,23,24,19,16,21,24,40,34,38,45,51,54,51,56,50,23,44,34,24,53,51,24,73,29,71,78,58,43,7,9,67,75,9,7,17,72,63,87,3,41,12,18,5,23,8,9,64,31,77,96,76,26,110,104,100,10,2187,2093,89,112,1886,2000
,575,0,0,0,0,1,1,1,1,1,2,1,2,1,1,0,1,1,1,674,1,1,0,1,1,1,1,1,1,3,3,3,3,9,3,38,37,33,26,37,40,59,52,56,67,74,77,65,75,85,42,78,59,41,91,95,41,121,44,105,118,96,65,10,13,94,104,12,8,22,81,65,90,2,34,14,15,4,20,7,7,48,23,57,71,54,21,72,77,74,7,1276,1261,63,77,1104,1172
,580,0,0,0,0,0,0,1,1,1,2,2,0,1,2,0,0,1,1,393,1,1,0,1,1,2,1,1,5,5,3,4,3,16,7,63,59,54,45,56,64,86,72,82,90,97,100,92,98,136,80,132,106,69,142,130,58,159,59,142,159,134,90,13,16,115,129,14,10,22,76,64,84,2,26,13,11,3,15,5,5,34,17,41,53,39,14,49,53,49,6,733,692,48,49,632,640
,585,0,0,0,0,0,0,1,1,1,0,1,0,1,0,0,1,1,1,218,1,1,0,1,1,0,1,1,1,7,5,6,5,28,8,101,103,90,69,83,94,112,98,111,119,125,128,118,121,192,130,193,166,103,197,184,80,191,78,175,187,158,100,15,18,128,136,14,9,21,68,53,66,1,20,11,8,2,17,5,5,27,12,27,32,25,9,33,33,31,4,406,369,30,29,356,365
,590,0,0,0,0,0,2,1,1,1,1,0,0,0,0,2,0,1,1,145,1,0,0,1,1,0,1,1,3,11,7,8,8,44,14,148,148,128,95,107,123,126,118,130,142,142,149,137,148,236,187,247,220,127,233,223,97,207,84,184,203,181,100,15,19,132,130,14,9,19,58,44,53,1,12,8,6,2,9,3,7,20,8,21,26,19,7,23,23,24,3,248,241,22,20,223,220
,595,0,0,0,0,0,0,1,1,2,1,0,0,1,0,0,0,1,1,91,0,1,0,3,0,0,0,1,3,20,11,11,14,72,23,195,212,177,130,133,148,147,141,149,164,163,169,161,158,269,246,299,268,154,267,255,105,219,87,196,210,188,96,15,18,113,116,12,7,16,43,33,42,1,10,7,5,1,5,2,2,15,7,15,21,14,6,17,18,18,3,163,147,18,17,154,149
,600,0,0,0,0,0,1,1,0,0,1,0,0,1,0,2,0,1,1,56,1,0,0,1,1,1,0,1,9,37,19,21,25,123,47,272,312,245,168,168,178,171,157,173,186,188,190,190,192,277,310,342,308,174,283,276,106,217,85,178,200,175,87,13,16,94,95,9,5,11,30,25,36,1,7,4,3,3,3,5,2,16,4,12,13,10,5,13,12,14,2,95,90,20,21,84,89
,605,0,0,0,0,0,0,1,2,2,0,0,0,1,0,0,0,1,1,36,0,1,0,1,1,1,0,2,10,68,36,41,44,193,84,364,430,355,219,203,212,186,176,192,207,213,216,211,204,271,344,343,331,168,271,253,101,182,81,157,184,150,69,10,12,70,69,6,4,8,22,17,18,0,4,3,2,1,3,1,1,7,3,9,9,6,3,10,11,8,3,61,53,11,8,50,55
,610,0,0,0,0,0,0,1,0,1,1,1,0,1,0,0,0,1,1,20,1,2,0,2,1,1,1,3,18,120,64,70,75,265,126,464,577,423,270,237,240,205,195,202,222,241,229,243,237,244,361,322,319,162,249,222,91,166,71,145,170,139,53,8,9,53,47,4,3,6,25,13,26,0,2,2,2,1,3,1,0,5,3,9,8,6,3,5,10,8,1,42,39,5,6,36,36
,615,0,0,0,0,0,0,1,0,1,0,0,0,1,1,0,0,1,1,20,1,1,0,1,1,1,1,3,29,177,96,108,123,358,199,560,713,523,334,275,273,230,220,213,233,274,253,274,270,226,351,302,299,154,218,206,79,132,61,119,146,110,39,6,8,43,36,4,3,4,16,9,10,0,5,2,2,1,1,1,1,4,2,6,5,10,2,5,4,5,1,40,25,4,1,26,30
,620,0,0,0,0,0,1,1,1,0,1,1,0,1,0,0,3,4,3,16,1,2,1,3,1,3,2,4,53,273,150,171,186,484,307,719,851,644,400,316,312,258,240,238,260,313,276,304,300,193,336,264,274,130,181,169,65,112,48,88,108,90,31,4,5,30,30,3,1,4,10,10,8,0,1,1,1,1,2,0,0,4,2,4,4,3,2,2,6,4,1,18,16,3,0,17,19
,625,0,0,0,0,0,0,1,0,1,1,1,1,2,1,0,1,1,1,11,2,2,1,4,4,4,3,6,90,403,235,263,298,631,438,813,987,783,495,356,342,304,276,265,279,342,307,339,338,146,301,219,220,107,145,126,47,80,35,68,79,61,20,3,4,19,21,2,1,3,9,5,4,0,1,1,0,1,0,0,0,3,5,3,4,4,1,0,1,5,1,15,15,1,1,13,14
,630,0,0,0,0,0,1,1,1,2,1,1,1,2,1,1,1,1,2,9,3,4,4,6,5,7,5,10,143,571,352,398,442,788,623,887,1032,868,571,410,391,374,330,296,305,359,303,349,327,107,255,171,183,84,113,99,38,62,23,48,61,47,13,2,3,13,16,1,0,2,7,6,1,0,0,0,0,1,0,0,0,2,1,3,0,1,1,0,4,2,1,13,6,2,14,12,27
,635,0,0,0,0,0,1,1,1,1,2,1,2,3,1,1,2,2,2,8,4,5,6,10,10,13,8,16,201,744,464,528,600,947,821,894,1012,904,622,453,444,384,357,320,323,345,288,346,313,91,228,156,147,71,86,83,29,44,21,35,47,44,12,2,3,9,11,1,0,2,7,3,2,1,14,0,0,0,0,0,0,3,1,3,2,1,1,0,0,4,1,10,7,0,0,9,9
,640,0,0,0,0,0,2,2,1,3,2,3,3,4,2,1,3,3,3,3,8,8,10,14,16,20,12,26,296,948,613,691,774,1066,1032,835,910,879,653,484,479,399,373,328,312,307,263,315,262,73,185,113,116,55,68,61,21,32,13,23,33,35,10,2,2,5,10,1,0,1,6,4,1,0,0,0,1,0,0,2,0,0,1,4,2,1,1,0,0,1,0,5,8,0,0,1,9
,645,0,0,0,0,0,5,2,3,3,4,4,4,6,2,3,4,6,5,9,13,14,20,24,27,34,22,47,406,1138,810,877,1003,1192,1271,753,753,810,625,491,472,382,383,323,287,254,206,257,211,53,143,93,98,44,51,40,17,20,10,20,23,22,5,1,1,4,6,1,0,1,5,4,0,0,0,0,0,1,0,0,4,2,0,2,1,2,2,0,1,0,1,4,3,0,0,2,9
,650,0,0,1,0,0,6,4,4,6,6,8,10,12,5,7,9,10,9,2,24,27,31,42,55,61,38,82,578,1385,1013,1122,1245,1258,1498,591,588,644,535,434,444,337,341,271,233,185,154,194,154,34,102,63,65,25,37,27,13,16,7,12,17,29,6,1,1,0,7,1,0,1,4,3,0,0,0,0,0,0,0,0,0,0,0,5,0,0,0,0,18,0,3,7,4,0,0,7,7
,655,0,0,0,0,1,8,5,6,11,10,15,14,19,9,12,13,14,13,28,36,40,51,69,83,97,60,130,732,1483,1197,1277,1477,1306,1624,469,460,538,446,384,383,284,289,227,187,144,115,140,124,27,77,50,47,18,25,19,9,14,6,3,15,14,5,1,1,0,7,0,0,1,17,0,0,0,0,0,0,1,0,0,0,0,1,1,0,0,4,0,1,0,1,14,2,0,0,6,4
,660,0,1,1,0,1,14,8,9,14,15,17,22,29,14,18,19,22,20,8,58,64,84,108,127,155,99,202,893,1557,1324,1426,1624,1248,1634,356,342,397,351,316,330,217,233,187,142,107,90,105,89,23,61,36,38,15,22,18,9,9,4,3,11,9,12,1,1,0,2,1,0,0,3,4,0,0,0,0,0,0,0,0,0,2,1,1,0,0,6,0,0,0,3,0,3,0,0,6,5
,665,1,1,1,1,1,21,12,15,22,24,30,37,43,21,31,36,35,34,0,92,104,132,170,207,237,154,303,1056,1610,1400,1532,1702,1140,1573,285,255,303,259,241,250,168,175,134,111,77,60,78,57,19,41,29,25,9,15,15,8,24,4,6,9,6,2,0,1,0,3,0,0,0,4,2,0,0,0,0,0,1,0,0,0,1,0,3,0,0,2,0,0,0,1,0,0,0,0,3,4
,670,2,2,2,1,2,41,21,28,37,42,54,60,78,37,55,57,60,55,3,158,178,221,282,321,365,253,442,1232,1525,1464,1549,1677,928,1419,180,166,212,180,161,168,110,115,89,73,56,41,52,40,12,28,20,20,8,14,7,5,4,1,0,7,4,1,0,1,0,5,1,0,0,3,4,16,0,0,0,0,1,0,0,0,13,0,2,2,0,1,0,0,0,1,0,3,0,0,6,9
,675,2,3,3,3,3,64,32,41,58,68,80,98,124,62,85,96,98,85,8,249,273,333,390,450,491,372,587,1306,1419,1437,1516,1570,791,1215,131,127,150,132,122,132,95,92,66,51,40,34,40,30,6,19,13,16,4,10,12,6,4,8,4,5,5,0,1,0,0,4,0,0,1,3,1,0,0,0,0,0,0,0,0,0,1,1,5,0,20,0,0,0,2,0,0,0,0,0,2,7
,680,4,5,5,5,5,102,52,61,97,110,125,152,199,96,137,153,155,142,3,375,397,467,533,589,592,501,666,1335,1253,1277,1376,1446,574,1020,88,87,100,92,86,96,55,58,50,47,27,24,27,19,3,18,8,13,2,7,15,5,1,1,5,0,4,0,1,1,18,8,1,0,1,2,5,0,0,0,0,0,1,0,0,0,2,0,1,0,0,1,0,0,18,0,5,0,0,0,0,4
,685,7,7,7,7,8,159,79,95,146,159,204,242,299,148,218,234,236,218,4,522,559,628,672,705,657,656,751,1319,1051,1162,1228,1201,433,814,61,64,72,64,64,63,42,44,32,27,19,18,22,23,28,12,12,3,2,10,5,5,0,0,0,1,7,11,0,0,0,0,2,0,1,5,4,0,0,26,0,0,1,17,0,0,0,0,20,0,23,8,0,0,0,1,1,0,0,0,1,9
,690,11,12,12,11,12,245,127,155,233,249,310,380,466,235,339,361,378,343,4,700,710,785,775,815,709,748,765,1225,906,1008,1067,1049,357,669,47,46,57,45,49,48,32,33,24,23,21,13,12,11,7,7,8,2,1,2,9,4,0,0,3,0,1,2,0,1,0,4,0,0,1,26,9,0,0,0,0,0,0,0,0,0,12,0,1,0,0,0,2,0,0,1,3,0,28,0,0,6
,695,18,20,19,18,19,411,208,258,390,437,509,609,752,391,556,588,617,571,6,906,860,887,828,838,697,809,705,1099,672,823,844,813,224,481,35,39,30,30,36,34,26,21,21,10,16,3,9,8,2,0,5,27,0,7,0,7,0,0,0,2,9,0,0,0,0,0,0,0,1,4,2,0,0,0,0,0,1,0,0,0,0,0,6,0,0,1,0,0,0,0,0,0,0,0,6,10
,700,29,30,29,30,30,636,329,391,610,661,793,933,1101,620,862,919,928,847,6,1032,937,932,820,776,641,829,622,921,532,678,682,643,164,366,25,27,22,24,27,22,34,24,12,9,13,1,11,29,5,6,0,3,0,28,23,4,4,0,0,2,2,0,1,1,0,0,0,0,0,5,6,0,0,0,0,0,1,0,0,0,0,0,4,0,0,0,0,0,1,2,0,0,0,0,3,12
,705,45,47,45,45,47,952,490,597,864,959,1158,1336,1517,909,1208,1271,1292,1235,4,1079,948,912,772,712,551,777,549,804,395,532,529,503,118,258,14,27,13,17,27,14,14,13,18,4,33,4,4,5,4,2,1,4,0,2,2,5,0,11,0,3,3,0,0,1,0,0,0,0,3,8,3,0,0,0,0,0,1,0,0,0,0,0,0,6,2,1,0,0,0,2,0,3,0,0,2,15
,710,63,67,64,69,68,1327,714,873,1269,1378,1556,1775,1870,1257,1606,1672,1679,1609,4,1024,882,817,646,589,436,676,426,618,298,389,401,376,77,187,9,14,10,11,12,12,32,6,8,4,7,5,1,1,0,1,0,0,0,0,1,6,0,0,0,1,4,18,0,0,0,4,1,0,0,4,4,0,0,0,0,0,1,0,0,0,4,1,7,0,0,0,0,0,0,2,4,0,0,0,0,7
,715,105,108,101,107,109,1854,1077,1281,1817,1914,2095,2267,2172,1748,2025,2024,2088,2133,3,860,722,631,480,437,312,521,307,440,194,268,258,228,65,137,7,8,3,5,10,7,8,4,4,0,3,0,2,3,32,0,4,3,6,30,0,2,0,0,0,0,5,0,0,1,14,0,0,0,1,4,0,0,0,0,0,0,0,0,0,0,0,0,3,0,0,2,0,0,0,4,0,0,0,0,0,19
,720,151,161,153,155,159,2336,1470,1706,2235,2376,2448,2563,2309,2193,2395,2310,2256,2400,3,737,597,510,384,324,227,394,231,318,135,186,184,154,36,88,8,9,0,4,11,8,8,3,1,1,10,0,0,21,0,0,1,0,0,5,0,4,0,0,0,12,4,2,1,0,0,0,2,0,0,2,0,0,0,0,0,0,0,0,8,0,0,0,2,0,0,1,0,0,0,1,6,0,0,0,11,1
,725,221,224,216,225,223,2805,1947,2223,2737,2816,2774,2807,2414,2638,2565,2450,2433,2665,0,621,499,428,308,258,176,329,175,249,100,144,143,129,28,68,0,7,0,0,7,3,2,3,0,0,7,3,0,0,0,0,0,0,0,0,0,2,0,0,0,18,4,0,1,0,0,4,0,0,0,8,2,0,0,0,0,0,1,0,0,0,0,0,3,0,0,0,0,0,0,1,4,0,0,0,6,9
,730,324,333,315,332,331,3250,2462,2766,3145,3351,2995,2993,2346,2948,2690,2578,2518,2826,4,516,408,336,253,201,141,258,129,197,78,124,112,93,25,51,4,4,1,3,13,4,1,0,3,2,8,0,0,5,4,0,7,1,0,2,0,3,0,0,0,2,4,0,0,1,0,2,1,0,0,7,8,0,0,0,0,0,1,0,0,0,4,0,8,0,0,0,0,0,0,2,1,37,0,0,0,3
,735,491,505,479,502,502,3483,3047,3340,3617,3593,3134,3027,2293,3289,2740,2566,2455,2830,51,417,339,269,196,162,109,204,104,152,65,90,85,75,22,36,0,3,0,1,8,4,0,3,8,0,4,1,24,0,9,0,0,0,0,0,1,5,0,0,0,2,8,0,1,0,0,1,0,0,2,5,0,0,0,0,0,0,7,0,0,0,1,0,1,0,0,1,0,0,0,1,1,7,0,0,2,10
,740,772,791,735,782,777,3510,3472,3717,3598,3567,2967,2740,1931,3152,2493,2258,2187,2620,7,311,238,188,139,118,72,145,72,121,36,59,60,53,18,28,1,0,0,0,10,2,3,0,25,0,16,0,0,0,0,0,0,2,0,0,0,6,37,0,0,0,5,0,1,1,0,0,1,0,0,8,3,0,2,0,8,0,1,0,9,0,0,0,4,0,0,2,0,0,0,1,9,0,0,0,57,2
,745,1096,1101,1046,1108,1083,3402,3681,3760,3399,3438,2698,2401,1637,3072,2214,2033,1904,2347,50,246,170,146,102,85,55,110,57,79,32,46,49,39,10,24,0,6,0,0,12,0,5,0,0,25,0,0,32,4,7,0,5,0,0,2,17,10,0,0,0,0,55,0,0,1,0,0,0,0,2,5,6,0,0,0,0,0,1,0,0,0,0,2,7,0,0,1,0,0,0,3,0,6,0,0,1,8
,750,1534,1487,1394,1483,1466,2994,3641,3681,3091,3087,2355,2036,1345,2709,1906,1684,1610,2021,0,185,136,108,77,63,51,71,43,58,20,38,36,29,12,14,0,0,0,0,10,0,1,0,0,0,10,0,0,5,2,0,0,0,22,2,5,10,9,0,0,0,6,0,0,1,0,1,1,0,0,7,2,0,0,0,0,17,2,0,0,0,0,0,5,34,0,0,0,5,0,2,12,0,0,0,0,5
,755,2088,2017,1882,2003,1968,2466,3287,3239,2616,2529,1859,1639,1040,2224,1465,1281,1216,1544,6,127,100,74,58,45,44,57,28,37,14,25,29,19,14,8,0,0,0,0,1,0,0,0,0,5,0,0,0,0,7,0,0,0,0,0,0,2,0,0,0,0,44,0,0,1,35,3,0,0,2,8,7,0,0,0,0,0,0,0,0,0,0,0,0,1,0,0,0,8,0,2,0,0,0,0,0,1
,760,2773,2630,2468,2613,2540,1976,2887,2746,2092,2110,1458,1235,783,1836,1134,995,930,1190,7,108,72,51,45,32,25,44,30,32,13,23,13,10,8,14,0,4,0,0,5,0,7,0,0,0,16,0,0,0,0,0,0,0,0,1,6,36,0,0,8,2,13,0,2,1,0,0,0,0,3,12,3,0,0,0,11,0,2,0,0,0,0,1,6,0,0,0,0,9,0,4,0,0,0,0,0,1
,765,3386,3230,3013,3223,3126,1494,2359,2222,1607,1521,1054,867,536,1321,815,704,660,853,116,57,45,31,35,27,14,31,17,19,3,17,17,8,4,3,0,1,0,0,10,0,10,0,0,48,9,0,49,0,1,0,0,0,0,76,0,14,0,0,0,21,41,12,0,1,0,0,0,0,3,10,0,0,0,0,0,0,1,0,0,8,0,0,6,0,0,27,0,8,0,2,0,0,0,0,13,4
,770,3890,3648,3378,3631,3489,1173,1903,1775,1196,1162,800,659,415,1030,599,533,486,640,15,46,36,23,24,11,8,17,11,10,0,13,13,41,8,3,0,8,0,0,11,0,0,0,0,0,13,0,52,64,8,0,0,0,0,12,0,5,0,0,0,105,0,0,0,2,0,0,0,0,0,0,0,0,0,0,0,0,2,0,0,0,0,0,5,0,0,3,0,72,74,3,123,0,0,67,8,8
,775,4159,3895,3649,3822,3718,856,1543,1372,975,945,623,492,307,787,452,393,373,487,9,61,32,19,24,16,10,19,13,9,0,11,19,1,7,0,0,5,0,0,10,0,4,0,0,0,24,0,6,0,0,0,0,0,0,0,0,12,0,0,0,24,10,0,2,3,0,0,0,0,0,8,10,0,0,0,0,0,1,0,0,0,0,2,8,0,0,2,0,0,0,4,17,0,2,0,9,22
,780,4191,3913,3598,3799,3709,619,1126,986,678,635,421,362,214,538,309,267,250,334,14,29,16,7,18,36,1,11,18,6,0,0,0,0,10,0,0,0,0,0,70,0,0,0,0,0,0,0,0,0,4,0,0,0,0,0,0,13,0,0,0,0,6,63,1,0,0,115,0,0,0,14,13,0,0,0,0,0,2,0,0,0,0,0,24,0,3,5,0,0,0,3,0,0,0,0,0,25
,785,4000,3582,3300,3503,3408,442,783,729,471,437,312,249,151,384,220,185,181,235,27,5,18,3,12,3,4,5,13,0,0,8,15,0,2,0,0,0,0,0,18,4,0,0,78,0,7,0,0,0,16,0,7,0,0,16,8,36,0,0,0,0,10,1,2,2,0,15,0,0,6,17,0,85,1,0,0,0,4,0,3,37,6,0,11,0,0,2,0,0,0,4,0,0,0,0,0,23
,790,3691,3250,2982,3125,3021,314,596,514,336,332,213,153,109,296,145,127,130,182,16,16,10,0,23,1,0,1,1,5,0,2,0,0,6,0,0,0,0,0,19,3,5,0,0,0,21,0,0,0,20,0,0,0,0,0,20,17,0,0,0,10,0,1,1,2,0,5,0,0,2,0,14,0,1,0,0,0,3,0,0,0,0,0,97,0,0,3,0,0,0,3,18,0,0,0,16,34
,795,3235,2824,2585,2755,2667,224,432,376,244,240,152,138,83,207,109,101,92,131,8,5,7,0,12,0,0,6,14,0,54,2,5,6,67,3,0,2,0,0,2,0,21,0,0,0,18,0,0,0,8,7,5,0,0,19,0,17,0,0,0,0,11,0,2,19,0,0,3,0,4,27,101,0,0,0,0,0,6,0,0,0,0,0,16,0,0,5,0,0,0,2,4,0,0,0,12,0
,800,2783,2299,2083,2226,2140,168,311,272,175,177,123,87,58,148,77,64,64,89,0,9,1,0,0,0,0,6,8,0,0,2,17,0,0,0,0,0,0,0,16,10,0,0,97,0,11,0,0,11,5,0,0,0,0,0,0,73,99,0,0,0,19,0,0,0,0,10,1,0,0,15,15,0,0,0,0,52,0,44,0,0,15,4,30,0,0,0,0,0,0,5,0,0,65,0,0,247
,805,2146,1701,1525,1651,1583,106,210,184,132,116,73,56,32,116,47,74,48,61,0,0,3,0,19,0,0,0,5,0,0,0,0,0,3,0,0,3,0,19,12,0,0,95,0,0,6,3,0,0,0,0,145,0,0,0,0,17,7,0,77,0,0,0,2,1,0,7,0,0,5,21,0,0,0,0,0,0,37,0,0,0,0,0,25,0,138,5,0,0,0,0,0,0,0,0,15,32
,810,1702,1299,1198,1227,1217,66,149,164,86,68,57,40,30,74,22,32,44,55,0,2,0,0,15,0,0,1,5,3,0,0,12,0,0,0,0,25,0,29,125,0,0,0,7,0,13,0,0,23,2,0,0,0,0,16,0,18,0,0,0,0,49,0,1,2,0,49,3,0,0,63,96,0,0,0,0,0,12,0,0,0,128,5,10,0,0,1,0,0,0,8,0,0,0,0,52,22
,815,1361,1003,905,944,930,54,108,103,71,66,49,29,23,50,21,25,26,44,0,0,9,0,16,0,0,7,7,1,0,86,0,0,77,61,0,0,0,0,29,0,0,0,0,0,25,0,0,0,7,0,0,0,0,0,0,21,0,0,0,5,1,0,2,3,0,13,0,0,0,15,22,0,0,0,0,0,0,0,0,0,0,0,0,163,0,3,0,0,0,7,6,0,0,0,4,63
,820,1017,756,660,710,686,39,73,76,56,56,26,15,12,37,16,12,22,28,64,53,4,0,13,0,0,0,6,0,0,11,3,0,0,0,82,12,0,0,19,0,40,0,0,3,43,0,0,0,0,0,0,0,0,19,0,115,0,0,0,0,28,0,20,32,0,0,7,0,48,54,1,0,0,0,0,0,0,0,37,0,0,0,0,0,32,6,0,0,0,3,7,0,0,0,0,12
,825,744,525,479,496,489,25,59,58,26,32,36,10,20,19,0,6,22,19,15,0,0,0,20,0,0,6,10,75,0,7,4,0,12,0,0,0,0,0,27,0,0,0,0,0,42,15,0,4,60,0,0,0,0,5,0,26,0,0,0,0,1,156,2,2,0,0,36,0,3,49,25,0,0,0,0,0,8,0,0,0,0,126,15,0,0,3,0,0,0,16,0,0,0,0,0,189
,830,528,370,335,335,331,73,42,41,22,37,31,4,10,15,0,2,0,25,0,0,13,0,12,0,0,28,0,0,0,0,0,0,0,0,0,18,0,0,30,0,56,138,0,0,67,57,0,5,0,0,44,0,0,0,0,37,0,0,0,17,61,0,6,4,0,14,0,0,0,62,44,0,0,0,0,0,8,0,0,0,0,0,26,0,9,17,0,0,0,16,46,18,0,0,42,64
,835,423,319,251,257,276,0,39,34,42,16,26,0,0,10,0,0,34,23,41,0,113,0,25,6,0,0,32,0,0,7,12,0,195,0,0,342,0,0,81,0,24,0,0,0,50,0,0,0,5,0,0,0,0,0,0,76,0,0,0,0,58,0,0,9,0,0,0,0,13,8,27,0,0,7,0,0,26,0,0,0,54,0,71,0,23,150,0,0,0,6,14,0,0,0,41,0
,840,306,225,202,203,210,0,143,37,18,20,65,0,6,0,0,3,41,12,37,0,0,0,23,0,0,0,30,0,0,0,17,0,0,0,0,0,0,0,89,0,90,0,0,0,85,0,4,0,40,0,0,0,0,12,0,87,0,212,0,0,36,0,6,4,0,0,9,0,4,25,76,0,0,0,83,0,20,0,0,0,0,0,63,0,0,0,0,60,0,26,607,0,0,0,0,152
,845,201,156,137,110,134,0,209,0,1,45,42,0,0,0,0,0,0,60,250,0,0,0,53,0,298,0,0,0,0,0,86,0,0,0,0,0,0,0,161,0,2,0,0,35,81,0,225,0,0,0,0,0,321,0,0,57,0,128,0,0,0,0,20,154,0,103,11,0,13,18,65,0,62,0,0,0,0,0,0,30,0,0,146,0,0,6,0,0,0,30,223,0,0,0,0,0
,850,142,115,128,27,131,0,0,23,20,34,38,0,123,0,0,0,6,11,352,2,0,0,127,0,0,0,112,0,0,0,0,0,837,0,0,62,0,803,239,0,63,0,0,119,0,0,0,0,64,0,0,0,0,0,0,266,0,0,0,93,99,0,158,18,0,76,126,118,113,107,0,0,0,0,0,0,0,0,0,0,0,0,0,170,0,23,0,0,0,114,0,0,0,0,2103,0
,,,,,,,,,,,,,,,,,,,,,,,,,,,,,,,,,,,,,,,,,,,,,,,,,,,,,,,,,,,,,,,,,,,,,,,,,,,,,,,,,,,,,,,,,,,,,,,,,
Read 27:EM Spectrum,,,,,,,,,,,,,,,,,,,,,,,,,,,,,,,,,,,,,,,,,,,,,,,,,,,,,,,,,,,,,,,,,,,,,,,,,,,,,,,,,,,,,,,,,,,,,,,,,
,,,,,,,,,,,,,,,,,,,,,,,,,,,,,,,,,,,,,,,,,,,,,,,,,,,,,,,,,,,,,,,,,,,,,,,,,,,,,,,,,,,,,,,,,,,,,,,,,
,Wavelength,A1,A2,A3,A4,A5,A6,A7,A8,A9,A10,A11,A12,B1,B2,B3,B4,B5,B6,B7,B8,B9,B10,B11,B12,C1,C2,C3,C4,C5,C6,C7,C8,C9,C10,C11,C12,D1,D2,D3,D4,D5,D6,D7,D8,D9,D10,D11,D12,E1,E2,E3,E4,E5,E6,E7,E8,E9,E10,E11,E12,F1,F2,F3,F4,F5,F6,F7,F8,F9,F10,F11,F12,G1,G2,G3,G4,G5,G6,G7,G8,G9,G10,G11,G12,H1,H2,H3,H4,H5,H6,H7,H8,H9,H10,H11,H12
,500,1,1,1,1,1,3,2,2,3,2,2,2,3,2,2,3,3,2,45,4,2,3,2,2,5,4,3,5,7,7,9,11,10,12,14,9,11,12,8,9,10,13,12,8,13,9,11,9,8,8,9,7,8,15,2,9,1,4,9,6,6,9,13,3,15,4,12,9,5,4,12,9,1,1,5,4,1,3,3,4,3,13,3,17,2,16,7,9,4,4,74,74,4,11,69,69
,505,1,0,1,1,1,2,2,2,3,3,2,3,3,3,2,2,3,3,103,3,2,3,4,3,3,3,4,7,10,6,9,8,7,10,13,9,11,12,8,6,8,7,8,7,8,9,11,8,11,7,9,7,5,14,2,12,1,5,12,5,11,9,9,3,12,3,17,6,5,6,14,10,1,1,4,3,1,4,5,4,4,7,3,7,4,13,6,9,4,3,177,165,4,12,156,150
,510,1,1,1,1,1,3,3,2,2,2,3,1,2,2,3,2,2,2,212,4,3,3,2,4,2,2,3,8,12,6,8,7,10,7,13,12,8,8,7,9,6,10,12,9,11,12,7,11,19,6,12,12,7,10,3,7,1,5,8,5,6,15,14,3,8,3,15,6,5,5,17,15,1,1,3,2,1,3,3,6,3,14,3,9,3,17,4,14,6,4,366,346,4,11,318,312
,515,1,0,1,1,1,1,2,3,3,1,4,3,3,1,2,3,3,2,535,2,1,3,2,2,4,4,4,6,9,9,6,6,7,11,9,8,10,10,10,9,5,11,8,5,13,8,7,7,7,7,12,12,5,9,2,7,1,3,9,6,11,7,14,4,8,3,14,9,5,6,10,13,1,1,4,2,1,3,3,4,2,6,5,15,3,11,8,12,6,3,961,920,3,18,831,872
,520,1,1,1,1,1,1,2,1,3,2,2,2,3,2,2,2,2,1,1118,3,1,3,3,3,2,2,4,6,7,8,8,9,10,6,8,6,6,6,7,5,5,7,8,6,11,7,9,11,12,7,7,12,6,13,3,11,2,5,11,4,10,12,7,3,14,2,9,5,4,4,14,8,1,1,5,3,1,3,5,4,2,8,5,10,4,9,6,10,5,4,2042,2002,4,33,1865,1796
,525,1,1,0,0,1,2,3,1,2,3,3,2,2,3,3,1,3,3,2052,3,1,2,3,3,3,3,2,4,5,6,7,6,6,8,11,6,5,9,5,9,4,9,8,5,11,8,10,7,12,4,5,11,7,12,2,8,1,3,8,6,3,7,12,4,6,2,10,5,2,5,8,5,1,1,5,2,1,2,3,5,3,10,5,13,4,14,14,13,9,5,3939,3523,5,42,3361,3241
,530,0,1,1,0,1,1,3,2,1,1,3,2,3,2,2,1,1,1,3706,3,1,1,3,1,2,2,4,6,6,7,6,5,5,7,7,5,9,7,8,4,7,5,10,4,7,10,6,9,5,3,11,8,3,10,2,10,1,2,6,7,3,6,6,4,9,4,14,7,2,6,6,8,1,1,3,3,1,3,3,5,5,19,10,28,7,28,11,25,11,7,6870,6371,8,94,5761,6156
,535,1,0,0,0,1,2,1,1,1,2,1,2,1,1,3,1,1,3,5480,3,3,5,2,1,3,2,1,6,3,4,4,7,5,5,6,9,4,5,5,7,8,9,7,6,10,10,6,7,10,2,5,4,4,13,1,12,1,4,17,6,2,5,18,4,18,4,7,4,2,8,7,8,1,1,2,3,2,3,3,6,8,33,13,40,12,51,19,59,19,11,9723,9238,11,160,8303,8544
,540,1,0,1,0,1,1,1,1,2,1,2,2,3,2,3,1,1,1,6372,1,1,3,1,3,3,3,3,2,6,6,3,6,4,4,5,5,5,4,5,3,5,5,8,9,9,10,6,9,8,3,9,4,3,11,2,16,1,3,12,4,3,10,11,4,5,4,14,5,4,6,11,16,1,1,6,4,2,5,6,5,12,56,17,74,20,67,33,84,32,19,11789,10488,17,213,9494,9575
,545,1,1,1,1,1,0,2,1,1,1,1,1,1,2,2,2,1,1,6422,2,1,2,3,1,1,2,3,5,5,6,6,3,3,6,6,9,8,3,9,3,3,12,8,5,8,6,6,9,12,2,3,3,5,12,2,12,1,3,9,5,9,7,11,2,13,4,16,5,4,6,14,20,1,2,4,6,2,4,7,8,18,80,27,103,24,107,42,121,45,26,11596,11095,26,269,9734,9861
,550,0,0,1,1,0,0,2,2,2,1,0,0,2,1,1,2,3,2,5735,3,2,4,1,2,2,1,4,5,3,3,5,6,2,7,6,5,4,5,8,7,4,10,11,9,10,10,8,9,5,6,6,3,8,8,2,12,2,4,13,6,12,9,16,3,17,3,20,12,7,11,31,20,2,2,9,6,2,6,8,9,23,114,36,136,34,144,55,143,52,35,10300,9466,29,313,8596,8467
,555,0,1,0,0,1,0,1,1,1,1,0,0,1,1,2,0,2,1,4363,1,1,1,4,1,4,3,3,2,4,4,4,5,5,4,15,9,8,7,11,6,8,10,12,12,17,18,14,17,14,5,13,11,8,16,3,15,2,8,24,14,14,24,19,7,19,6,26,16,9,16,42,43,2,2,16,8,3,6,9,9,33,132,41,155,34,164,61,156,56,36,7699,7225,34,287,6309,6381
,560,0,0,0,0,1,2,2,1,1,1,1,1,1,1,1,1,1,1,2809,1,2,1,2,0,4,2,1,3,3,3,4,8,6,3,16,13,15,12,12,12,18,15,19,21,29,33,23,26,24,9,28,19,11,28,5,28,4,15,43,20,26,36,35,11,34,11,40,27,14,24,68,67,3,3,20,11,2,6,9,9,35,136,43,160,34,164,63,150,52,36,5132,4843,31,221,4229,4686
,565,0,0,1,0,0,1,1,0,1,1,1,0,3,1,2,0,1,1,1967,1,3,3,2,1,1,2,1,3,3,3,3,4,7,4,22,26,18,17,19,23,30,24,29,31,41,47,31,37,48,12,36,29,17,45,9,45,6,23,61,32,45,50,53,17,52,15,66,39,23,32,87,77,3,3,25,9,2,6,8,8,36,124,42,136,30,144,56,133,46,32,3595,3296,28,186,3022,2914
,570,0,0,0,0,0,0,1,0,1,1,1,1,1,0,1,1,1,1,1218,1,1,1,2,1,1,2,1,2,4,4,6,4,9,9,30,31,29,28,29,30,43,39,44,45,57,62,45,50,67,21,57,48,31,72,12,71,9,33,102,46,70,76,78,26,76,23,88,54,28,38,101,89,3,2,28,9,2,6,8,7,33,97,34,114,24,131,50,103,35,26,2214,2101,23,137,1879,1956
,575,0,0,0,0,0,0,1,0,1,0,1,0,1,0,1,1,1,0,733,1,0,1,2,1,1,1,2,2,4,6,2,5,15,5,55,53,47,49,51,48,60,61,66,64,76,81,62,62,105,39,96,81,49,117,19,117,13,49,123,65,106,114,108,36,101,30,121,67,32,43,106,93,2,2,30,7,2,4,6,6,25,72,25,86,18,89,34,81,27,19,1366,1254,17,87,1079,1118
,580,0,0,0,0,0,0,1,0,1,1,1,0,1,0,1,1,1,1,408,1,0,1,1,0,1,2,1,2,7,8,5,5,26,10,85,85,78,77,65,72,86,79,86,85,97,105,83,83,156,62,147,131,74,166,28,165,17,63,163,74,140,142,135,45,128,38,131,75,34,40,102,89,2,2,28,5,2,3,4,4,20,49,20,59,12,63,24,50,19,14,761,756,12,55,633,643
,585,0,0,0,0,0,0,1,0,0,1,1,0,1,0,1,3,1,0,223,1,0,1,1,0,1,1,1,3,13,7,8,8,47,17,133,135,124,119,99,100,108,102,116,108,124,122,102,98,212,100,213,205,106,227,38,214,20,77,181,88,170,160,156,50,147,40,131,74,33,34,84,80,1,1,25,4,1,3,4,3,13,36,13,40,8,45,20,30,11,10,405,384,8,37,353,358
,590,0,0,0,0,0,0,2,0,1,1,0,0,1,0,1,0,1,0,142,2,0,1,1,1,1,1,1,3,20,9,10,14,73,27,182,200,170,165,124,128,126,127,127,125,146,143,126,112,247,132,261,249,128,274,43,248,21,85,197,94,190,164,156,51,142,38,124,65,29,31,72,58,1,1,20,3,1,3,3,3,9,26,10,31,6,28,12,26,10,8,268,253,5,27,219,227
,595,0,0,0,0,0,0,1,0,1,1,0,0,0,0,1,2,1,1,92,1,0,0,1,0,1,2,1,6,37,17,17,21,109,45,248,273,232,210,156,154,149,147,148,142,171,161,142,125,264,168,299,299,148,293,47,272,22,85,196,98,188,157,152,51,128,34,104,61,26,24,53,41,1,1,16,3,1,2,3,2,8,18,7,24,4,22,9,20,7,6,169,154,5,30,144,138
,600,0,0,0,0,0,0,1,1,1,1,1,0,0,0,1,1,1,0,50,1,0,0,1,0,2,2,1,10,61,27,35,38,179,81,349,372,322,281,202,185,167,164,169,161,194,179,164,159,274,202,319,328,156,283,47,265,20,83,191,87,181,136,136,42,104,27,77,43,17,17,38,31,1,1,11,2,1,2,2,2,5,10,6,16,3,14,7,11,5,4,104,93,3,13,90,88
,605,0,0,0,0,0,0,1,0,0,0,0,0,1,0,1,0,1,1,37,0,0,0,1,0,0,2,1,17,108,52,63,73,274,139,448,530,438,385,241,233,186,192,185,178,226,209,198,184,255,216,308,324,148,268,43,239,18,76,168,82,155,115,114,32,75,20,60,27,14,13,29,20,1,1,8,2,1,1,2,1,6,16,4,9,2,13,6,8,5,4,62,57,3,13,50,56
,610,0,0,1,0,0,0,1,0,1,0,0,0,1,0,1,1,0,0,23,1,0,0,1,0,2,2,2,33,175,85,100,121,388,214,570,654,545,478,294,277,218,220,204,197,266,242,222,208,237,228,286,316,142,245,40,212,15,69,145,71,139,85,83,26,56,15,39,22,9,9,22,14,1,1,6,1,0,1,1,1,3,4,4,9,2,9,5,7,4,2,44,41,3,10,39,39
,615,0,0,0,0,0,0,1,0,1,1,0,0,1,0,1,0,1,1,20,1,1,0,2,1,1,5,3,48,255,137,154,178,525,312,682,777,647,577,347,307,255,249,237,222,313,263,261,235,204,212,271,292,129,202,36,190,13,60,121,66,114,72,63,21,41,11,35,16,6,7,18,12,0,1,5,1,0,1,1,1,2,3,3,3,1,6,4,3,7,4,29,27,2,8,28,30
,620,0,0,0,0,0,0,1,0,1,0,1,0,1,0,2,1,1,0,14,1,1,1,2,1,3,2,4,81,385,217,246,278,694,472,790,869,763,690,426,378,306,296,256,254,335,295,286,256,171,206,236,255,114,183,30,149,11,48,94,50,82,42,46,13,31,9,24,15,5,6,10,9,0,0,4,3,1,1,1,1,2,0,3,11,1,4,5,1,3,3,19,21,2,4,22,22
,625,0,0,0,0,0,0,1,0,1,1,1,0,1,0,1,1,1,1,11,2,4,2,4,3,5,7,6,139,551,324,357,418,910,659,840,935,843,786,501,432,355,351,298,289,367,324,314,267,146,176,199,215,94,145,22,115,8,34,72,37,56,33,33,10,23,7,17,9,4,5,9,4,0,0,3,1,0,1,1,1,1,1,2,1,3,6,3,1,2,2,15,17,2,3,13,18
,630,1,0,0,0,0,0,3,0,1,1,2,0,2,0,2,1,4,0,9,3,2,4,7,5,8,7,11,222,766,464,533,605,1127,917,811,882,866,823,568,495,402,405,335,314,362,320,312,254,106,152,166,179,77,116,17,84,6,26,49,27,42,23,24,7,13,4,14,8,5,4,8,2,1,0,2,1,0,0,1,1,1,16,2,3,1,3,9,1,3,2,9,24,1,3,12,10
,635,0,0,0,0,1,1,1,0,2,2,2,1,2,1,5,2,2,2,4,5,5,6,9,10,14,9,18,305,974,603,686,811,1329,1151,788,819,821,800,608,536,425,440,365,320,340,296,291,231,82,138,144,160,63,92,14,67,4,20,43,23,30,16,33,6,10,4,11,7,3,3,6,5,0,0,7,1,0,3,1,0,1,0,2,0,0,1,2,15,3,2,11,11,1,0,11,27
,640,0,0,0,0,0,2,2,1,3,2,2,2,7,2,4,3,3,2,7,8,8,11,15,17,23,13,30,422,1209,792,883,1040,1421,1416,665,697,708,713,594,548,417,441,357,297,301,256,246,184,62,107,108,116,48,70,11,48,3,14,28,15,21,15,16,4,7,4,12,3,2,3,7,0,0,1,2,1,0,1,0,1,1,0,2,1,0,4,3,1,2,4,7,9,2,6,10,11
,645,0,0,0,0,0,2,3,1,4,4,5,3,6,3,5,5,5,5,7,13,15,19,25,30,38,24,49,568,1455,995,1126,1310,1511,1663,550,534,592,604,557,509,376,407,327,256,242,190,195,145,48,83,78,92,37,52,8,39,3,11,21,13,14,12,10,3,6,7,19,13,2,2,6,0,0,0,2,1,0,0,1,1,1,1,2,0,0,13,3,0,2,2,5,8,1,3,12,13
,650,0,0,0,0,0,5,4,4,7,7,8,12,12,5,11,11,12,8,22,24,26,36,43,53,67,41,88,791,1738,1233,1385,1641,1436,1800,414,384,437,459,447,440,308,346,271,207,165,138,142,102,33,63,57,65,25,37,5,37,2,10,16,9,8,8,10,6,6,6,4,2,2,2,2,0,0,0,2,1,1,1,0,1,1,0,1,0,0,2,3,0,3,2,4,8,1,21,10,5
,655,0,0,0,0,0,8,6,5,9,9,13,13,20,9,14,14,15,14,15,39,41,54,68,85,109,68,142,968,1881,1425,1612,1814,1327,1794,309,290,329,365,376,361,249,277,220,154,132,103,107,73,24,48,40,48,23,28,4,19,1,6,11,9,8,6,25,2,1,3,9,4,1,1,22,0,0,1,1,0,0,0,1,1,0,0,1,0,0,20,2,0,8,2,1,26,1,1,8,10
,660,0,1,1,0,1,14,8,12,16,16,19,23,30,13,23,23,24,20,3,57,63,85,112,133,170,106,214,1149,1927,1550,1724,1922,1161,1782,238,220,261,274,283,280,182,216,169,125,95,74,84,58,31,35,32,33,15,22,3,13,1,6,9,6,1,7,5,1,5,2,2,2,1,2,23,0,1,0,2,0,1,1,1,1,1,2,2,1,0,0,5,0,1,2,3,1,1,0,12,11
,665,1,1,1,0,1,23,14,17,24,24,31,37,48,23,36,37,37,34,1,97,106,138,173,208,259,162,315,1349,1893,1666,1815,1932,944,1609,170,159,184,194,214,204,136,159,131,87,71,57,60,42,14,26,21,26,13,20,3,28,1,10,7,6,1,4,24,2,5,2,3,2,0,1,2,0,1,0,0,1,1,0,1,0,1,0,2,0,0,1,3,0,2,2,4,2,1,0,8,10
,670,1,1,2,1,2,41,24,25,41,43,54,67,80,41,62,66,69,58,3,169,182,235,283,346,386,269,483,1511,1743,1667,1756,1866,694,1369,115,107,111,129,142,142,92,102,85,58,50,36,43,29,11,19,17,21,11,12,2,5,1,3,5,4,0,3,5,2,0,2,3,0,2,3,0,0,1,1,2,0,0,1,0,0,0,0,1,0,0,0,4,0,8,1,5,1,1,1,10,5
,675,2,2,3,3,3,66,35,41,65,68,87,106,129,68,96,100,105,89,1,261,271,350,400,475,521,404,631,1583,1574,1544,1671,1718,556,1122,76,82,86,88,108,104,66,80,65,40,45,28,33,26,6,15,12,14,8,15,2,3,1,6,3,5,0,7,5,0,1,7,6,2,8,0,0,0,0,2,1,1,0,0,0,2,0,0,3,0,0,4,3,0,2,2,2,0,2,4,4,4
,680,4,5,5,4,6,104,57,64,100,109,136,167,218,103,150,165,164,147,30,379,402,507,549,605,650,542,710,1539,1340,1415,1533,1444,386,918,66,75,63,69,82,85,44,68,45,34,29,21,29,19,3,9,3,14,8,21,2,5,0,3,2,4,0,6,0,0,0,7,6,17,1,4,4,4,1,1,2,1,0,5,0,0,1,0,2,20,0,0,2,0,2,2,2,1,0,26,8,6
,685,6,7,7,7,7,159,86,105,159,166,217,260,329,164,231,259,261,234,4,537,559,683,690,738,731,675,786,1464,1088,1203,1312,1243,277,696,51,39,43,47,62,53,27,39,40,19,46,20,20,19,1,8,8,9,8,6,1,21,1,3,5,6,0,10,3,0,0,2,0,2,1,2,2,0,1,1,1,1,0,2,0,1,0,0,2,0,0,0,2,0,3,3,0,2,1,2,7,12
,690,11,12,11,12,11,252,133,159,248,258,337,405,501,250,374,396,399,362,0,728,730,838,779,811,758,819,791,1374,864,1038,1085,996,208,529,39,30,39,31,43,31,20,52,28,20,18,11,13,32,6,4,4,7,3,5,1,0,0,3,3,5,0,0,4,1,0,2,0,2,0,1,7,0,1,1,0,1,1,0,0,0,2,0,3,1,0,0,6,0,5,2,0,7,0,0,10,4
,695,18,19,20,18,19,422,226,274,416,439,558,658,830,426,611,652,651,597,1,937,873,970,845,825,718,857,750,1170,627,804,845,743,145,390,22,23,26,18,34,21,9,26,27,15,17,9,15,9,0,5,17,6,5,7,3,0,1,1,1,6,0,0,3,1,0,2,1,3,3,3,7,0,1,1,2,1,0,2,1,1,1,0,2,0,0,0,2,0,2,2,0,3,12,0,8,21
,700,28,30,31,31,30,671,357,418,652,667,869,1010,1192,661,915,1018,983,922,2,1065,961,989,837,796,664,879,662,983,479,648,654,586,111,284,22,19,17,17,28,17,6,18,14,8,13,8,14,28,0,2,0,0,6,6,1,0,0,2,1,5,0,0,2,2,0,1,0,0,0,1,0,0,1,1,0,7,0,1,2,0,1,0,13,0,0,0,6,0,2,7,0,0,2,0,15,13
,705,43,46,46,47,46,992,533,626,957,996,1257,1463,1654,993,1293,1401,1382,1310,0,1121,996,980,798,717,588,813,567,856,369,503,486,443,88,204,18,12,16,14,19,9,3,13,10,6,10,12,14,12,29,2,0,0,23,3,1,0,0,3,5,5,0,6,2,3,0,3,1,2,2,2,2,0,1,1,1,1,1,1,1,2,9,0,3,24,0,0,4,0,5,4,0,0,2,2,3,3
,710,63,70,67,69,69,1384,769,909,1360,1405,1716,1917,2045,1388,1735,1834,1796,1734,7,1085,892,864,656,574,466,704,453,636,254,359,362,324,62,147,20,10,8,8,18,7,0,11,11,4,9,0,8,11,7,3,0,2,4,0,0,0,0,5,2,4,0,3,5,0,0,2,0,23,1,4,0,0,1,1,0,1,1,1,0,2,0,0,4,0,0,1,4,0,1,4,8,0,1,0,15,5
,715,104,112,106,108,110,1967,1169,1360,1918,1999,2237,2439,2389,1911,2218,2289,2213,2208,1,899,740,673,488,423,328,532,307,452,174,246,236,204,40,98,11,7,6,5,9,3,0,4,10,7,11,7,6,11,0,3,0,0,18,20,1,0,1,0,0,2,0,0,0,0,0,1,0,0,3,2,1,2,1,1,1,1,1,2,1,0,8,0,3,0,0,0,8,0,14,4,0,2,2,0,6,11
,720,148,161,159,164,158,2425,1597,1843,2402,2495,2657,2795,2568,2401,2502,2503,2448,2553,4,746,592,539,380,333,244,420,227,329,113,176,152,147,31,64,9,9,9,6,13,2,0,10,10,2,11,4,10,7,0,3,1,1,2,2,0,27,0,1,31,3,0,0,3,1,0,11,0,0,0,3,13,0,1,1,1,1,1,1,2,2,0,0,2,0,0,0,3,0,0,2,0,3,1,0,10,4
,725,215,237,225,237,226,2859,2082,2361,2921,2936,3087,3029,2609,2846,2774,2740,2613,2788,4,633,493,444,303,264,196,335,176,262,86,125,116,117,26,52,25,2,4,5,12,5,0,6,29,1,7,2,7,4,0,2,0,0,2,2,0,0,0,2,1,4,0,5,18,10,2,3,5,0,2,1,0,0,2,1,0,1,1,2,0,1,0,0,3,0,0,0,3,0,2,5,2,0,2,0,8,3
,730,324,349,327,345,330,3379,2653,2926,3467,3390,3328,3264,2593,3237,2901,2821,2674,2981,42,548,402,360,253,208,157,270,139,198,79,102,96,90,22,42,11,0,2,3,7,0,10,4,7,4,12,3,9,10,0,1,0,0,3,0,0,21,1,0,0,5,0,6,35,0,0,2,0,5,1,3,40,0,1,1,0,1,0,1,0,0,1,0,4,0,0,0,23,0,0,4,0,0,3,0,13,0
,735,486,516,506,512,498,3704,3334,3484,3864,3751,3426,3198,2474,3567,2959,2816,2644,2997,13,443,331,286,188,164,117,212,104,147,51,78,71,64,13,33,10,0,25,0,11,3,15,4,7,3,12,4,9,24,0,2,0,0,4,3,1,0,2,0,38,4,0,0,1,0,0,0,0,2,3,1,4,0,1,1,2,1,1,0,1,1,0,0,5,0,0,0,6,0,19,18,0,0,3,3,7,25
,740,767,826,798,820,786,3627,3767,3875,3847,3724,3224,2903,2112,3533,2707,2557,2383,2751,3,317,238,206,134,114,79,152,72,110,36,57,45,49,16,25,5,0,1,0,10,0,0,2,5,2,13,4,32,15,0,0,0,0,5,0,7,0,0,2,0,3,0,0,11,0,32,5,0,7,1,4,1,0,1,1,0,0,1,0,1,0,0,0,4,0,0,0,10,0,4,6,0,4,0,0,4,61
,745,1096,1155,1100,1137,1083,3466,3997,4020,3695,3521,2937,2698,1815,3425,2380,2194,2050,2508,5,251,175,169,112,81,65,123,62,84,29,49,38,36,16,28,10,4,2,0,16,31,0,9,0,0,12,0,2,13,0,0,1,0,9,0,0,0,1,3,2,6,0,3,0,0,0,18,3,2,1,3,0,0,1,2,3,2,1,2,2,2,0,27,7,0,0,0,7,0,6,18,55,10,2,12,22,18
,750,1502,1560,1491,1535,1443,3170,3939,3817,3361,3135,2611,2218,1470,2997,2000,1859,1706,2113,0,183,137,113,76,62,47,90,42,66,19,60,28,32,14,20,10,0,5,0,6,0,0,1,4,0,18,0,51,7,0,7,0,0,5,6,9,0,0,0,0,6,0,0,7,1,0,4,1,0,4,4,1,0,2,1,0,3,1,1,0,1,0,0,2,0,0,0,7,0,4,5,0,3,6,0,23,33
,755,2060,2124,2032,2060,1975,2553,3525,3363,2799,2601,2061,1688,1125,2460,1575,1452,1297,1608,0,132,94,72,53,38,29,65,34,45,19,52,17,20,16,11,7,0,1,0,10,0,0,1,12,0,13,14,8,15,0,4,0,0,7,2,0,0,0,4,0,8,0,0,6,1,0,2,0,4,2,3,0,0,1,1,3,4,1,2,0,2,2,0,3,0,0,0,9,0,23,2,0,5,0,0,8,23
,760,2732,2736,2601,2736,2580,2076,3152,2892,2262,2153,1603,1309,859,1988,1220,1077,982,1262,23,94,64,63,37,35,48,56,29,31,17,20,17,16,17,12,0,5,7,0,8,0,0,20,14,0,27,8,3,18,0,0,0,0,4,0,0,0,1,2,5,12,0,4,3,0,66,2,0,0,7,1,4,0,6,1,2,3,1,2,1,22,3,0,11,0,0,0,54,0,1,8,0,14,3,0,32,48
,765,3371,3395,3210,3316,3167,1566,2522,2277,1736,1550,1160,948,582,1474,875,764,697,918,0,69,53,41,34,11,23,37,20,51,5,21,11,14,15,8,11,59,0,0,12,0,0,0,5,0,23,28,10,21,0,1,0,0,8,0,0,0,1,4,0,11,0,0,0,34,0,2,5,0,5,8,14,0,2,2,1,3,2,3,0,3,3,0,2,0,0,0,10,0,0,6,0,0,1,74,35,29
,770,3865,3810,3615,3733,3526,1197,2079,1815,1315,1194,873,694,433,1166,647,576,518,676,0,44,26,27,21,7,13,32,18,19,3,11,4,16,8,6,9,0,13,0,0,0,0,0,16,0,15,2,8,24,0,0,0,0,11,0,1,0,1,11,0,4,0,0,4,0,0,3,16,0,0,8,0,0,2,1,2,3,2,3,0,2,0,0,10,89,0,1,8,0,10,10,124,8,3,13,27,42
,775,4120,4107,3874,4007,3829,905,1679,1451,1004,942,658,506,340,876,501,437,404,519,0,32,21,22,13,6,14,29,11,19,3,15,4,11,9,7,10,11,1,0,17,0,0,0,29,0,40,10,25,16,0,0,0,0,2,0,1,0,1,8,2,3,0,0,30,0,0,9,0,23,3,8,5,0,3,4,1,3,3,4,4,0,4,0,19,0,0,0,12,0,6,7,0,26,2,0,145,28
,780,4230,4077,3831,3941,3786,633,1180,1049,706,665,456,351,225,598,346,296,275,352,4,25,11,10,49,0,3,33,7,11,0,16,5,17,10,5,13,0,0,0,31,0,0,6,19,1,18,2,21,33,0,0,0,0,8,3,0,0,2,3,0,8,0,0,0,0,0,7,0,0,4,3,97,0,2,3,8,24,4,4,0,38,0,0,6,0,0,0,8,0,5,17,0,0,5,0,25,39
,785,4061,3874,3601,3659,3519,451,880,733,500,457,301,242,158,414,267,215,182,244,4,14,0,12,13,0,8,49,5,5,0,11,0,3,21,19,25,0,0,0,23,0,0,0,15,10,29,11,38,21,0,0,0,0,14,6,0,6,0,7,27,15,0,0,0,0,0,4,0,2,0,1,6,0,3,4,3,3,2,0,4,4,0,0,5,0,0,28,18,0,8,11,0,15,6,0,44,10
,790,3700,3452,3184,3211,3088,303,630,528,362,334,226,161,105,304,189,151,133,204,5,12,0,3,15,0,5,23,15,7,0,76,0,1,4,1,3,83,1,0,19,1,0,4,23,0,26,0,26,25,0,5,0,0,5,4,4,0,1,8,0,10,0,3,15,0,0,6,5,4,4,9,14,0,3,4,0,4,2,7,43,10,0,0,17,0,0,0,3,0,7,13,0,16,3,0,44,50
,795,3379,2979,2778,2874,2699,241,481,391,280,244,159,128,90,228,147,103,119,124,0,13,3,3,8,0,3,24,8,37,0,0,0,9,25,1,30,0,0,0,11,0,0,7,22,6,20,6,15,41,0,10,0,0,7,165,0,0,2,14,0,14,0,0,38,3,0,6,0,2,13,8,0,0,10,4,4,0,2,3,2,4,1,0,11,0,0,6,10,0,0,14,0,2,6,33,50,45
,800,2893,2429,2262,2341,2182,167,364,293,201,179,125,80,64,189,99,81,77,95,0,3,0,2,8,0,14,18,62,0,0,14,0,0,0,13,15,0,0,82,27,0,0,5,6,0,42,3,18,128,0,0,0,0,56,1,0,0,2,0,0,17,0,108,49,0,0,6,2,0,7,8,0,0,4,3,6,6,2,3,0,0,0,0,8,0,0,0,13,0,18,17,0,225,7,31,227,33
,805,2246,1771,1696,1694,1579,101,220,185,134,117,92,50,43,91,78,47,42,55,0,10,2,0,55,0,0,20,0,0,0,11,0,0,22,0,0,0,0,82,2,0,0,0,7,0,39,16,46,29,49,0,0,0,69,0,0,0,2,8,7,17,0,0,19,57,0,0,0,0,0,10,0,0,4,4,3,5,3,4,0,12,0,0,6,0,0,54,8,0,22,18,0,8,5,140,60,57
,810,1785,1402,1269,1283,1230,76,172,130,109,95,69,26,23,85,57,30,33,36,18,8,0,0,14,0,0,19,7,5,0,4,0,15,18,6,21,0,0,0,38,0,0,3,7,27,36,4,10,36,0,7,0,0,0,5,4,0,3,10,0,14,0,9,21,1,0,12,35,25,2,3,14,0,5,3,0,8,5,0,0,6,0,115,12,0,0,7,107,0,0,18,25,0,6,0,108,63
,815,1414,1064,980,994,945,36,126,92,80,53,46,7,28,50,44,21,29,29,0,5,0,0,7,0,9,28,8,11,0,5,0,4,40,0,22,0,2,0,35,0,0,13,28,0,13,0,17,39,0,0,0,0,14,6,0,0,1,10,0,0,0,0,33,0,0,24,0,0,7,4,14,0,6,5,20,12,5,9,0,2,2,0,15,0,0,2,17,0,90,10,0,10,5,52,63,76
,820,1055,775,704,726,728,45,95,70,62,51,31,12,18,28,50,19,7,10,15,7,0,0,6,0,3,23,16,4,0,3,0,0,3,1,50,0,0,0,35,0,0,0,35,0,19,0,33,48,152,115,0,0,40,0,2,0,3,3,0,20,0,0,0,0,0,10,0,127,8,16,4,0,4,7,4,3,20,3,1,15,8,0,6,0,0,0,10,0,26,4,0,0,12,0,331,39
,825,765,560,504,533,505,7,82,36,50,40,84,0,19,25,41,8,27,87,18,0,0,0,9,0,10,22,13,11,0,21,0,0,31,133,41,0,2,0,46,0,0,0,41,0,66,69,60,69,0,0,0,0,26,212,0,0,7,0,0,47,0,0,17,0,0,21,10,8,86,19,0,0,6,5,35,0,5,9,0,12,0,0,14,0,0,0,59,0,2,35,0,32,29,210,87,57
,830,553,387,360,364,354,11,59,33,34,34,26,0,1,1,35,0,2,0,23,76,0,0,19,0,83,17,33,7,1,8,0,8,53,0,27,0,28,190,15,0,0,17,47,0,73,0,69,108,0,0,0,21,25,0,1,0,0,10,0,12,0,0,123,0,0,20,0,0,114,10,0,0,10,25,3,3,7,0,0,13,1,0,24,0,0,0,57,156,41,23,12,63,6,13,102,129
,835,431,295,289,278,286,0,58,15,42,39,113,17,29,110,64,17,9,4,0,1,0,0,10,0,0,50,37,19,1,26,0,38,73,15,36,0,0,0,28,4,0,8,42,0,74,52,122,127,0,0,0,0,34,0,0,0,54,223,9,37,0,12,0,3,0,11,90,0,1,28,0,0,14,14,39,67,8,6,8,18,0,0,2,0,123,4,132,0,0,50,0,55,32,18,59,709
,840,336,230,202,197,200,0,53,13,29,0,21,0,0,0,58,0,12,0,901,0,0,0,5,0,0,103,34,0,0,8,2,0,57,13,0,0,6,211,118,0,0,0,72,357,134,0,102,169,0,359,0,0,312,0,0,0,7,21,0,17,0,0,60,0,0,35,0,85,13,47,32,0,19,8,38,25,19,6,0,16,0,0,42,0,146,0,91,0,87,69,23,0,7,26,200,0
,845,201,133,144,88,127,0,63,0,12,9,213,0,3,0,73,0,34,0,0,0,0,0,108,0,0,68,53,11,0,88,0,39,30,0,335,0,0,0,137,0,0,38,154,0,175,103,185,242,0,0,0,0,56,0,0,0,2,0,0,219,0,139,0,160,0,49,0,0,111,21,0,0,21,34,91,25,24,41,0,26,0,0,132,0,0,0,107,0,157,111,0,0,27,7,400,413
,850,138,98,78,68,107,0,120,0,88,16,0,0,0,0,87,0,10,0,250,0,0,0,0,0,0,575,59,0,0,0,0,41,76,10,175,0,0,0,439,0,0,151,195,0,295,209,365,338,0,0,0,0,136,0,273,0,221,56,0,66,0,138,0,0,0,143,118,0,0,113,0,0,69,53,34,0,36,7,0,14,156,0,159,0,0,0,156,0,0,138,0,93,141,0,723,509
,,,,,,,,,,,,,,,,,,,,,,,,,,,,,,,,,,,,,,,,,,,,,,,,,,,,,,,,,,,,,,,,,,,,,,,,,,,,,,,,,,,,,,,,,,,,,,,,,
Read 28:EM Spectrum,,,,,,,,,,,,,,,,,,,,,,,,,,,,,,,,,,,,,,,,,,,,,,,,,,,,,,,,,,,,,,,,,,,,,,,,,,,,,,,,,,,,,,,,,,,,,,,,,
,,,,,,,,,,,,,,,,,,,,,,,,,,,,,,,,,,,,,,,,,,,,,,,,,,,,,,,,,,,,,,,,,,,,,,,,,,,,,,,,,,,,,,,,,,,,,,,,,
,Wavelength,A1,A2,A3,A4,A5,A6,A7,A8,A9,A10,A11,A12,B1,B2,B3,B4,B5,B6,B7,B8,B9,B10,B11,B12,C1,C2,C3,C4,C5,C6,C7,C8,C9,C10,C11,C12,D1,D2,D3,D4,D5,D6,D7,D8,D9,D10,D11,D12,E1,E2,E3,E4,E5,E6,E7,E8,E9,E10,E11,E12,F1,F2,F3,F4,F5,F6,F7,F8,F9,F10,F11,F12,G1,G2,G3,G4,G5,G6,G7,G8,G9,G10,G11,G12,H1,H2,H3,H4,H5,H6,H7,H8,H9,H10,H11,H12
,500,1,1,0,1,1,3,3,3,2,3,2,3,3,3,3,2,2,3,52,3,4,2,3,2,4,3,5,6,9,9,9,12,10,14,14,9,10,10,9,11,8,9,9,12,8,13,15,3,9,9,12,15,11,15,11,10,17,14,10,14,8,7,9,4,2,7,6,10,7,1,2,10,11,2,8,15,2,1,2,3,13,6,16,5,7,10,10,1,3,10,72,72,11,17,65,68
,505,1,1,1,1,1,2,3,2,3,3,2,2,2,3,2,3,3,2,105,3,3,2,3,4,4,2,5,6,9,7,6,12,10,11,9,10,9,12,9,8,11,8,12,17,13,13,9,4,13,12,11,14,14,8,11,15,13,11,15,9,14,15,9,3,4,10,7,7,8,1,3,16,12,1,6,11,3,1,2,3,9,8,9,8,11,16,15,1,3,7,167,164,7,23,149,151
,510,1,1,1,1,1,3,2,2,3,2,3,2,2,1,3,2,2,3,213,2,2,3,4,2,2,3,4,7,10,8,9,11,10,12,14,13,13,8,10,10,7,10,16,13,7,9,17,4,12,8,15,14,13,9,8,8,13,11,12,7,13,8,7,3,2,9,5,10,8,1,1,17,17,1,9,11,2,1,2,5,13,3,14,8,7,14,14,1,2,7,375,346,7,14,318,315
,515,1,1,0,1,1,2,2,3,4,3,3,3,3,1,3,3,3,3,540,3,3,2,5,3,3,4,4,5,8,8,6,9,9,7,13,13,10,8,6,7,9,8,13,12,12,8,12,3,12,14,14,12,9,8,11,13,13,8,9,7,12,7,13,5,3,10,5,10,8,1,1,12,12,1,10,18,3,2,2,4,12,4,10,8,6,16,10,1,2,7,1003,909,7,22,867,844
,520,1,1,0,1,1,2,3,2,3,3,2,2,2,1,2,2,1,1,1145,3,3,1,4,3,2,2,2,5,12,7,6,10,6,11,7,8,10,7,10,6,5,6,7,12,7,7,8,4,7,8,9,7,8,13,7,6,10,9,9,16,11,8,6,3,2,10,5,5,7,1,2,10,15,1,10,10,2,2,2,4,10,6,16,6,7,10,18,1,3,9,2157,1916,8,34,1783,1794
,525,1,0,0,1,0,3,3,1,3,2,3,2,2,2,4,3,1,3,2046,2,3,1,1,4,4,2,4,6,7,8,6,11,5,10,13,7,8,7,8,5,6,8,11,10,9,5,11,4,5,7,12,7,8,12,9,12,13,7,12,6,11,7,7,4,2,5,7,10,12,0,2,10,12,1,8,10,2,1,2,3,9,8,14,10,13,16,11,2,4,10,3822,3415,10,63,3252,3292
,530,0,1,1,0,0,1,1,3,2,1,2,2,3,1,3,2,3,3,3760,2,1,1,3,4,1,3,2,4,9,4,6,9,8,6,11,7,11,6,6,5,5,6,7,8,6,7,11,3,9,10,10,11,11,12,11,15,5,14,6,11,11,14,6,3,3,8,7,8,7,1,1,8,12,1,8,20,2,1,3,4,22,11,29,15,21,23,24,3,9,18,6939,6474,21,126,5800,5900
,535,0,1,0,0,1,1,1,1,2,2,2,2,1,1,1,2,1,3,5521,1,1,2,3,3,3,3,4,3,8,7,5,5,5,6,6,5,10,9,10,4,4,9,11,11,5,11,6,3,9,11,8,12,5,6,6,11,11,13,9,6,10,6,10,3,2,4,7,4,7,1,2,14,23,1,8,20,3,1,2,4,26,18,43,23,30,51,45,5,11,35,10254,9189,30,200,8396,8452
,540,1,0,1,0,0,2,1,2,1,2,3,1,2,2,1,2,1,1,6268,1,1,1,1,1,1,2,3,3,8,4,6,8,7,7,10,11,6,4,10,5,6,7,10,9,6,6,9,2,4,4,14,7,6,9,9,5,8,12,13,11,6,12,11,2,2,9,6,6,13,1,2,12,21,2,10,21,3,1,3,4,41,29,73,38,53,75,71,8,18,52,11646,10345,56,299,9523,9834
,545,1,1,1,0,0,2,1,3,4,3,2,2,2,1,2,3,1,1,6480,1,3,2,3,1,1,4,3,6,12,6,6,5,6,8,6,5,6,10,5,8,8,10,6,10,6,8,7,3,5,12,11,11,12,11,9,9,8,15,14,9,9,12,7,4,5,6,8,10,13,1,3,22,29,2,7,26,3,2,3,7,74,37,107,55,73,103,107,12,23,68,11818,10546,68,386,9586,9710
,550,0,0,0,0,1,1,2,1,1,2,2,1,3,2,2,1,1,1,6044,1,3,2,0,1,0,1,1,2,9,6,2,7,6,7,13,11,12,10,9,8,11,8,12,8,9,10,15,4,10,8,17,14,12,9,10,14,12,19,13,16,16,11,9,5,4,7,10,15,15,2,4,31,40,3,16,35,4,3,3,8,95,52,145,79,96,140,125,14,30,88,10536,9617,94,394,8626,8553
,555,0,0,0,0,1,1,1,1,1,1,1,1,1,2,1,1,2,1,4407,2,2,1,1,1,2,3,1,3,5,3,4,5,4,4,13,12,10,12,10,11,11,13,14,17,20,21,18,8,19,12,20,18,14,20,14,22,26,27,32,32,24,22,19,7,5,14,12,21,27,3,7,52,58,3,26,48,6,3,5,8,120,56,161,83,101,160,138,15,30,92,7950,7094,97,367,6570,6711
,560,0,0,0,0,0,1,1,1,1,1,1,1,1,1,1,2,1,2,2875,1,1,1,1,2,2,1,1,2,6,4,3,6,6,8,19,18,18,21,21,15,23,25,22,28,31,38,32,12,33,17,33,33,30,37,26,41,47,45,49,54,35,38,34,13,9,24,20,35,44,5,10,80,77,4,38,52,5,3,5,8,135,57,168,83,98,169,141,16,28,90,5256,4768,89,295,4268,4410
,565,0,0,0,0,0,2,1,1,1,1,1,1,1,2,2,1,1,1,1966,2,1,1,1,1,1,1,0,3,6,3,4,8,7,6,28,27,27,25,24,22,33,30,35,42,43,47,42,17,53,31,50,44,47,65,38,64,71,74,73,83,63,59,49,18,14,40,30,49,66,6,14,92,67,4,45,57,4,3,5,7,136,51,156,74,83,152,120,14,24,79,3583,3265,82,235,2960,3050
,570,0,0,0,0,0,1,1,1,2,1,1,1,1,0,1,1,1,1,1243,2,1,0,1,1,3,2,1,5,5,4,6,5,13,7,43,45,42,41,37,35,51,43,50,58,60,63,56,22,83,50,82,67,73,89,60,92,104,100,106,106,84,96,68,25,20,54,41,66,81,7,16,111,60,3,56,44,4,3,4,6,124,39,127,61,70,117,100,11,19,63,2341,2141,61,178,1883,1999
,575,1,0,0,0,0,1,1,1,3,1,1,1,1,0,1,1,1,1,703,1,1,0,1,1,0,1,1,3,8,4,4,7,23,10,71,73,69,67,56,55,70,62,67,78,80,80,78,28,127,83,125,105,113,138,92,138,147,145,136,141,122,124,101,35,27,75,54,83,99,7,17,104,56,3,60,38,4,2,3,5,97,29,96,47,49,89,74,8,13,47,1369,1245,47,113,1134,1143
,580,0,1,0,0,0,1,2,1,1,1,1,1,1,0,1,3,0,0,400,1,1,0,1,2,1,1,1,3,13,6,6,9,42,17,104,114,109,100,84,85,97,85,97,105,100,102,96,34,176,135,169,167,169,188,120,187,187,185,170,167,161,152,116,43,32,88,62,91,108,7,16,99,39,2,60,29,3,2,2,4,74,22,66,33,38,63,51,5,10,34,756,716,32,69,642,689
,585,0,0,0,0,0,1,1,1,1,1,1,0,1,1,1,1,0,1,219,1,1,2,0,2,1,1,1,4,22,9,11,14,72,32,164,174,161,149,125,122,117,112,115,122,125,124,122,43,228,198,229,226,223,235,158,237,210,219,177,188,179,172,126,48,35,93,65,91,104,6,13,82,27,2,46,21,2,1,2,3,49,13,47,21,23,46,35,4,6,22,424,387,21,46,342,375
,590,0,0,0,0,0,1,1,0,1,1,1,0,1,1,1,1,0,0,144,1,1,0,0,1,0,1,1,6,36,19,17,23,111,54,220,241,216,199,161,152,135,133,136,148,143,143,153,50,261,240,268,279,265,272,173,256,214,222,191,195,184,173,132,47,34,95,59,81,90,5,10,67,22,1,35,16,3,1,1,2,38,10,32,16,18,35,26,3,5,17,266,246,16,35,221,239
,595,0,0,0,0,0,1,0,0,1,1,1,0,1,0,1,1,0,0,95,1,1,0,0,1,0,1,1,9,55,26,32,40,168,84,281,320,287,268,203,190,161,153,151,166,166,160,170,58,280,284,298,304,289,284,180,261,221,223,202,188,187,161,125,44,32,79,51,66,75,4,9,63,26,1,29,12,1,1,1,2,27,7,24,12,13,23,20,2,4,13,170,157,13,26,149,153
,600,0,0,0,0,0,1,0,0,1,1,0,1,1,0,1,1,0,0,52,1,1,0,0,1,1,1,1,12,101,44,55,68,261,146,392,444,391,355,275,248,190,187,168,195,201,197,206,71,272,327,301,326,300,272,177,261,199,213,184,184,178,145,108,39,26,69,39,51,48,3,6,36,13,2,22,16,1,1,1,4,19,6,15,9,10,26,14,1,3,10,100,95,9,16,80,85
,605,0,0,0,0,0,0,0,0,1,1,1,2,1,0,0,1,0,0,34,2,1,0,0,1,0,1,1,25,175,78,99,123,382,239,530,612,522,478,369,316,221,231,191,224,238,224,243,84,249,336,298,315,278,250,166,233,174,198,166,164,157,109,84,30,19,48,32,36,38,2,4,24,8,0,14,6,1,0,1,0,15,4,13,7,8,13,12,1,2,6,57,63,7,13,50,52
,610,0,0,0,0,0,1,0,1,1,0,1,0,1,0,1,1,0,0,24,1,1,0,1,1,0,1,2,42,259,125,159,192,545,355,616,718,623,570,437,389,268,269,227,250,271,258,288,98,220,340,271,298,260,222,141,207,148,176,148,147,135,86,63,23,16,36,21,27,28,1,3,31,6,1,13,4,1,1,0,0,10,2,7,6,5,13,10,1,1,5,40,39,4,9,32,38
,615,0,0,0,0,0,1,0,1,1,1,1,0,1,0,0,1,0,0,16,1,1,1,1,2,1,1,3,66,378,195,233,278,684,498,722,814,723,656,515,472,327,318,275,292,322,291,326,106,194,331,252,287,241,204,133,188,127,158,122,125,111,68,50,18,12,27,16,18,20,1,2,16,17,1,10,4,0,1,0,1,10,2,5,5,4,11,8,1,1,6,29,27,5,9,23,26
,620,0,0,0,0,0,1,0,1,0,1,1,1,1,0,1,0,0,0,14,1,1,1,2,3,3,2,4,121,530,296,361,429,944,731,780,853,800,743,612,554,391,380,312,342,357,318,360,111,166,307,225,262,208,163,112,147,101,123,87,100,85,51,33,13,8,19,12,16,14,1,2,12,3,0,5,2,0,0,0,1,7,1,10,3,4,6,6,1,1,3,15,22,5,8,15,24
,625,0,0,0,0,0,1,0,1,1,1,1,1,1,2,1,1,0,0,9,3,3,2,2,5,5,3,7,188,755,444,530,616,1162,994,783,829,790,762,674,616,428,445,363,372,373,329,372,107,132,281,189,216,175,134,86,117,70,94,66,72,58,35,26,10,6,15,9,10,11,1,2,9,5,0,4,0,0,0,0,0,5,1,4,4,2,6,4,1,0,3,17,15,4,8,11,14
,630,0,0,0,0,0,1,0,1,1,2,1,1,3,0,1,2,2,1,6,3,4,4,6,9,9,5,15,292,1056,631,748,872,1394,1284,686,748,768,736,682,648,457,470,402,384,350,316,336,93,101,247,159,174,145,100,66,84,49,58,49,54,51,26,20,7,5,11,7,8,8,1,1,6,1,0,2,1,0,0,0,0,5,1,4,3,2,8,4,0,1,2,6,9,2,4,8,13
,635,0,0,1,0,0,1,2,1,2,2,2,3,4,2,2,3,2,4,6,6,7,7,10,13,14,9,17,398,1278,812,961,1093,1513,1538,627,635,674,658,636,642,456,464,405,381,316,277,312,80,80,214,134,153,119,89,50,67,42,52,39,40,35,21,19,7,4,10,6,7,6,1,1,9,4,0,4,0,0,0,2,0,4,1,1,3,1,4,4,0,1,3,5,5,2,3,5,9
,640,0,0,1,0,0,2,1,2,3,3,4,3,5,1,3,4,3,3,3,9,11,11,15,22,25,15,33,536,1548,1051,1243,1389,1534,1777,518,503,565,576,547,569,414,432,384,340,263,228,250,63,57,185,106,119,86,61,49,48,32,39,25,31,24,16,13,6,3,9,6,7,6,0,0,5,1,0,3,0,0,0,0,0,4,1,3,3,3,4,5,0,0,1,4,4,2,4,3,9
,645,0,0,0,0,0,4,3,2,4,4,5,6,8,3,5,6,5,4,5,14,18,18,25,38,42,24,50,739,1839,1312,1542,1710,1488,1878,402,380,434,430,466,485,354,366,331,274,201,171,186,47,44,137,83,91,69,58,33,33,20,27,20,21,17,9,13,4,3,6,3,6,2,0,0,2,0,0,4,0,0,0,0,0,5,0,17,1,0,5,3,0,0,4,1,6,3,1,0,6
,650,0,0,0,0,0,7,3,5,7,8,10,11,13,6,9,11,10,8,2,26,30,34,47,67,76,41,98,976,2037,1610,1822,1981,1289,1866,303,273,315,311,346,358,268,270,271,219,143,123,134,32,28,98,60,64,49,29,22,29,17,21,13,16,13,12,11,5,2,6,3,3,3,0,0,0,2,0,1,0,0,1,0,0,2,3,0,2,0,4,5,0,0,2,1,3,4,1,1,8
,655,0,1,0,0,0,11,6,6,11,10,14,16,20,9,15,17,16,13,5,42,47,52,72,106,120,67,150,1205,2070,1802,2036,2080,1114,1776,222,199,232,244,264,276,206,211,206,153,110,82,102,24,22,81,48,48,35,17,17,30,11,17,12,8,12,6,6,3,2,4,2,0,3,0,0,18,0,0,3,0,0,0,0,0,3,1,0,1,1,2,0,0,0,3,0,0,4,3,6,8
,660,1,1,1,0,0,15,8,10,17,16,21,25,33,15,22,25,24,20,2,65,72,86,114,165,180,103,230,1419,2082,1904,2093,2121,886,1635,161,150,173,177,199,212,152,168,160,122,75,62,75,18,18,53,40,39,26,19,15,15,10,14,8,11,8,4,7,3,2,4,3,2,1,0,0,0,0,0,12,0,0,0,0,0,2,1,3,0,1,7,4,0,0,1,0,1,4,4,0,7
,665,1,3,1,1,1,25,13,18,27,28,35,41,50,26,35,42,38,34,0,104,125,138,182,249,273,165,338,1576,1960,1955,2127,2028,676,1405,117,107,135,129,160,147,113,119,114,82,72,51,68,12,16,42,27,29,22,12,14,27,5,10,9,4,22,3,6,3,2,6,11,1,2,0,0,3,0,0,1,0,0,0,0,0,4,0,0,3,1,4,4,0,0,4,0,0,3,2,0,7
,670,1,2,2,1,1,45,23,30,45,51,58,69,85,44,64,68,69,59,0,175,196,236,305,379,404,278,490,1695,1701,1850,1976,1830,484,1091,72,68,84,86,99,103,72,76,71,61,42,31,48,7,4,29,27,23,34,8,8,26,2,7,8,2,8,4,4,3,3,3,3,4,0,0,0,0,0,0,0,6,0,0,0,0,0,0,0,2,0,7,2,1,0,1,0,0,1,2,5,14
,675,3,3,3,3,3,77,37,46,68,74,97,111,138,71,100,109,107,98,0,271,304,345,429,518,521,402,629,1753,1389,1715,1770,1589,356,846,75,55,66,66,68,76,53,62,56,41,28,26,26,7,22,31,21,17,9,9,7,4,6,8,5,4,4,0,4,3,2,1,2,4,0,0,0,0,0,0,0,0,0,0,0,0,0,0,0,1,0,31,0,0,0,2,0,0,2,7,0,0
,680,4,5,5,5,5,108,58,68,107,119,146,179,227,113,155,172,169,154,0,410,445,498,567,636,635,555,733,1693,1137,1521,1510,1301,248,651,46,39,52,47,50,47,33,44,41,32,20,16,19,4,7,18,17,14,8,0,8,0,3,5,6,0,1,2,4,2,1,5,2,0,0,0,0,0,0,0,1,0,0,0,0,1,6,1,0,0,0,6,4,0,0,0,0,0,2,33,2,10
,685,7,8,7,7,7,176,89,109,174,181,235,277,345,175,244,280,276,241,1,599,625,665,721,731,704,705,799,1562,899,1241,1216,1075,184,501,36,33,37,40,36,34,26,32,33,27,15,12,18,2,5,20,16,11,5,0,9,1,3,6,8,1,4,4,5,2,2,9,3,1,0,0,0,3,0,0,0,0,0,0,0,0,0,1,0,1,1,2,2,3,0,5,0,0,2,1,0,1
,690,12,13,12,11,11,275,142,177,271,290,359,430,538,274,387,438,423,377,0,780,800,813,833,794,740,821,769,1418,646,1019,967,819,141,367,27,20,32,27,26,27,15,28,25,19,10,9,13,3,1,9,12,10,30,0,11,1,0,0,3,0,2,1,3,3,2,4,1,0,0,0,0,22,0,0,0,0,0,0,0,0,31,0,0,2,0,5,5,0,0,4,0,0,2,32,0,0
,695,17,23,19,19,20,449,243,288,458,469,607,720,869,456,633,707,694,612,0,1009,985,924,891,775,683,893,718,1162,478,776,733,600,82,255,25,16,23,22,24,22,9,18,32,14,28,9,16,6,2,16,12,8,0,0,9,0,0,12,2,0,0,3,5,2,2,5,0,3,0,0,0,0,4,0,1,0,0,0,0,0,0,0,0,3,0,0,2,0,0,0,0,11,3,1,0,0
,700,28,32,31,32,32,729,386,441,698,741,933,1099,1256,724,978,1061,1040,969,0,1139,1087,964,876,737,614,897,647,997,341,591,538,444,65,184,9,9,46,13,15,31,7,14,11,8,28,7,12,2,6,8,7,38,1,0,9,2,0,38,8,0,0,0,3,3,4,9,3,0,0,0,0,0,0,0,0,0,5,0,0,7,0,0,0,1,0,6,5,3,0,1,0,0,0,42,0,7
,705,42,51,48,48,49,1083,575,673,1051,1103,1315,1545,1691,1065,1374,1506,1451,1345,4,1191,1067,940,798,659,542,838,546,812,259,444,404,331,50,130,35,12,18,11,13,13,5,18,13,7,5,1,11,0,9,12,16,6,0,0,5,4,2,9,5,0,5,0,4,3,1,3,3,0,0,0,0,0,0,0,0,0,0,0,0,0,2,0,0,1,0,11,0,1,0,0,0,0,6,4,0,50
,710,63,75,71,73,73,1521,844,999,1461,1528,1840,2057,2185,1480,1851,1967,1858,1825,0,1167,1009,836,672,531,417,709,416,612,189,301,282,239,34,99,11,8,17,10,11,2,0,10,6,10,5,3,3,0,0,4,9,11,0,0,5,0,0,21,2,0,32,0,32,6,2,2,0,0,0,0,0,7,0,0,0,0,0,0,0,0,0,0,0,2,0,3,9,0,0,0,0,1,3,0,0,6
,715,97,117,113,116,112,2045,1258,1449,2096,2175,2383,2639,2533,2080,2381,2464,2363,2356,0,956,796,650,511,395,299,543,295,406,117,202,177,152,21,67,7,8,12,6,7,6,1,11,8,4,1,0,1,0,0,1,10,16,1,0,5,4,0,4,1,0,5,2,5,12,3,0,0,0,0,0,0,0,0,0,2,0,0,0,0,0,2,1,0,0,0,2,3,0,0,0,0,4,0,1,0,10
,720,143,170,164,165,171,2609,1726,1971,2653,2712,2839,2959,2606,2581,2626,2730,2604,2686,0,791,655,524,384,299,221,429,218,297,85,142,128,105,18,44,3,8,11,5,9,0,0,10,12,0,0,1,10,2,0,8,4,1,0,0,5,0,0,0,3,3,1,2,3,3,2,19,4,2,0,0,0,4,0,0,0,0,0,0,0,0,0,2,0,8,0,6,4,1,0,5,0,0,6,4,0,0
,725,206,241,240,243,242,3089,2248,2531,3195,3229,3226,3268,2700,3046,2897,2980,2748,2928,0,660,544,427,312,229,173,340,159,228,68,112,91,84,13,39,5,3,11,5,7,14,0,11,5,4,0,0,1,0,0,3,8,4,0,0,4,7,0,4,0,0,1,0,4,3,2,2,2,0,0,0,0,0,0,3,0,0,0,0,4,4,0,0,0,2,2,4,0,0,0,3,0,1,3,1,0,0
,730,311,351,336,354,350,3588,2870,3165,3702,3688,3536,3421,2723,3494,3073,3010,2857,3148,0,578,454,347,270,191,131,278,126,187,54,87,74,66,10,50,10,24,15,5,15,1,0,10,6,7,2,0,9,1,0,5,7,12,0,0,6,0,0,11,0,0,0,0,3,2,3,7,3,3,0,0,0,0,23,0,1,0,0,0,0,0,0,2,17,0,0,6,2,0,0,2,0,2,2,41,0,5
,735,468,533,522,527,531,3924,3574,3759,4132,3990,3662,3524,2576,3833,3132,3011,2816,3197,10,457,365,273,196,145,107,215,103,136,44,71,52,50,12,25,0,7,9,6,3,0,0,7,3,0,0,5,2,0,0,3,18,5,0,0,6,0,0,4,0,0,0,2,7,4,2,4,3,3,0,0,0,0,6,0,5,0,0,0,0,0,0,0,0,0,4,6,3,0,0,1,0,0,3,0,0,7
,740,735,839,813,845,834,3891,4075,4150,4238,3997,3432,3136,2170,3832,2884,2722,2450,2908,1,339,267,208,142,95,68,149,70,101,38,47,37,41,6,16,8,7,17,6,1,0,0,9,3,5,26,1,4,0,0,6,12,4,0,0,6,0,0,3,0,0,0,35,8,2,5,9,5,0,0,0,0,7,0,0,0,0,0,0,0,0,0,0,0,0,11,0,4,0,0,0,0,2,0,0,0,7
,745,1061,1172,1141,1170,1180,3666,4268,4253,3970,3880,3108,2781,1865,3609,2506,2388,2175,2577,65,271,207,147,104,74,50,115,54,78,38,39,21,35,35,19,4,0,20,12,2,39,0,9,9,1,0,0,8,0,0,13,24,7,11,0,12,0,0,9,4,0,1,0,0,4,3,8,6,0,38,0,0,0,1,0,0,0,1,0,0,8,1,0,0,3,1,10,8,0,0,0,19,0,18,0,0,4
,750,1436,1592,1563,1588,1592,3373,4173,4076,3625,3408,2725,2326,1496,3162,2131,1959,1800,2212,0,199,149,112,74,61,42,90,46,55,58,25,17,34,0,6,4,0,20,0,0,0,0,7,0,10,8,0,0,0,0,13,18,46,12,0,10,0,0,0,3,0,6,7,17,6,17,0,4,2,39,0,0,0,0,0,0,50,0,0,0,2,0,0,0,0,0,7,0,0,0,3,0,0,11,3,0,102
,755,2003,2169,2106,2170,2121,2749,3865,3617,3045,2855,2143,1813,1161,2700,1634,1496,1407,1727,0,131,109,77,51,47,29,58,47,37,24,19,7,18,0,7,64,0,12,10,0,0,0,8,39,0,0,0,5,15,0,10,8,20,0,0,11,0,0,4,0,0,3,0,3,7,1,37,1,6,0,0,0,0,0,0,1,0,0,0,0,0,1,0,0,4,0,10,6,0,0,4,0,0,0,0,71,21
,760,2663,2824,2765,2859,2790,2224,3388,3118,2447,2302,1662,1427,896,2132,1286,1227,1032,1342,0,104,79,74,39,32,24,50,43,28,23,18,10,59,0,8,8,2,75,10,0,0,0,13,8,13,0,5,0,0,0,15,14,14,8,0,4,0,0,74,4,0,2,0,73,7,7,11,2,0,5,0,0,0,23,7,0,0,0,1,0,0,16,1,0,6,0,7,4,0,0,4,0,0,22,22,0,22
,765,3301,3472,3349,3432,3423,1625,2686,2432,1826,1713,1186,1009,594,1547,897,839,747,941,0,77,51,33,28,19,14,34,16,25,20,15,0,36,0,34,8,0,13,0,16,0,0,13,0,1,0,64,18,10,0,0,16,4,3,0,8,0,0,6,0,0,0,5,8,7,27,4,5,0,0,0,0,0,0,0,0,0,0,0,0,0,1,2,0,1,0,5,0,0,0,0,0,79,7,22,4,16
,770,3757,3916,3828,3892,3872,1287,2192,1934,1441,1298,919,732,446,1240,694,615,536,730,0,53,42,24,21,23,7,25,15,26,15,5,0,15,0,0,10,0,14,4,2,0,0,16,14,2,0,58,4,2,0,0,27,13,0,0,11,0,0,0,7,0,69,1,55,7,2,3,0,0,0,0,0,0,0,8,13,0,0,0,0,0,0,0,0,0,0,3,0,0,0,0,0,17,0,15,0,0
,775,4166,4231,4064,4149,4104,964,1764,1543,1126,976,701,556,339,959,517,469,421,527,0,39,32,48,16,8,6,21,11,19,31,0,1,7,0,7,13,2,9,0,8,50,0,16,4,2,0,0,0,0,0,99,13,22,97,0,13,0,0,12,11,0,8,0,6,8,7,15,7,0,0,0,0,5,0,0,0,0,0,0,0,0,4,0,0,4,0,10,9,0,12,0,70,9,23,0,0,19
,780,4144,4238,4041,4119,4067,703,1267,1116,784,713,485,411,241,646,367,323,264,353,11,27,23,6,14,8,0,17,0,6,15,0,0,0,0,0,14,0,22,3,7,0,0,14,0,2,0,0,6,0,0,0,27,3,0,0,18,0,0,13,0,0,0,0,13,11,13,16,2,0,0,0,0,0,0,0,0,0,0,0,0,0,7,4,0,0,0,17,4,0,0,8,0,25,7,0,0,0
,785,3920,3963,3768,3851,3772,476,916,797,565,495,341,273,169,451,276,224,175,258,0,22,19,0,8,5,0,16,7,10,23,1,0,71,0,46,23,67,14,12,5,62,0,15,0,0,0,0,10,0,0,5,0,0,27,14,18,0,0,18,18,0,24,0,0,34,10,0,7,0,0,0,13,20,0,0,0,0,0,8,1,0,0,2,0,0,0,19,53,0,0,0,0,0,0,0,0,14
,790,3745,3515,3345,3450,3362,353,684,578,400,369,251,223,132,331,193,168,136,178,0,21,13,7,8,5,0,8,10,7,32,0,0,10,0,2,4,3,20,3,0,0,0,23,0,14,0,0,8,0,0,9,38,31,0,88,13,0,0,6,26,0,20,12,31,9,8,25,12,0,15,0,0,14,0,0,0,0,0,0,0,36,12,0,0,3,9,21,18,0,0,0,0,0,0,0,29,29
,795,3372,3126,2928,3025,2966,255,499,431,319,275,208,152,91,244,143,119,107,144,0,21,13,3,2,5,0,9,3,5,25,6,59,11,0,0,30,0,21,9,8,0,0,8,0,0,7,1,11,0,0,0,41,30,0,0,37,0,0,148,8,0,0,0,0,13,5,104,6,8,0,0,0,0,0,0,0,0,0,0,0,0,2,6,2,0,0,52,0,0,0,119,0,0,12,8,0,32
,800,2974,2528,2381,2446,2382,187,357,301,213,202,145,101,76,209,103,90,71,87,0,16,17,0,0,12,0,1,0,25,30,0,0,62,0,0,2,0,39,12,0,0,0,31,0,8,0,0,9,15,0,175,48,25,0,0,96,0,0,14,8,0,0,0,15,18,10,7,5,0,120,0,0,0,0,0,0,0,0,0,0,0,14,0,0,11,0,19,9,0,0,2,0,0,13,30,0,34
,805,2301,1857,1747,1783,1714,123,239,211,146,124,86,68,46,127,68,69,38,55,0,4,18,0,0,6,0,8,0,1,7,23,0,4,13,0,0,7,65,16,6,0,0,29,4,33,2,0,16,0,83,15,21,27,29,0,11,3,0,3,0,0,4,0,30,14,21,151,79,1,0,0,0,0,0,13,0,0,0,0,0,3,0,0,0,7,123,0,1,1,0,0,0,189,8,4,0,8
,810,1844,1461,1358,1368,1358,88,164,155,119,98,66,54,56,90,48,50,36,54,0,14,11,37,0,47,0,14,4,10,14,18,0,12,0,0,0,97,42,39,0,0,0,16,0,6,0,0,14,0,1,49,44,0,0,0,46,4,0,0,160,0,0,16,4,15,15,23,18,0,0,0,0,0,0,0,0,0,0,12,0,39,0,12,0,18,2,28,0,0,0,17,0,4,154,0,0,77
,815,1462,1117,1032,1067,1037,69,126,120,92,126,55,42,39,48,26,41,16,26,0,4,7,0,0,0,0,15,1,12,23,91,0,10,2,0,14,0,37,8,0,0,0,43,0,42,125,0,12,0,0,22,38,14,0,0,0,0,0,18,11,12,0,0,39,0,3,6,18,0,0,0,0,0,0,0,10,0,0,0,0,0,32,0,3,22,0,13,6,1,0,15,0,0,0,18,0,37
,820,1095,802,750,768,741,63,129,79,75,49,39,25,36,40,34,36,17,16,0,6,9,0,0,6,0,11,0,5,29,0,0,0,0,0,0,0,36,13,0,0,0,21,0,0,0,0,0,0,0,25,64,36,28,0,22,0,0,21,12,139,5,0,0,22,15,21,0,131,0,1,15,0,0,0,0,0,0,0,0,0,0,0,0,12,153,1,0,24,0,0,0,19,10,0,34,34
,825,794,583,534,549,575,54,71,59,64,45,38,16,28,22,9,30,0,17,0,1,57,65,0,16,23,15,0,6,11,2,0,14,0,0,51,17,40,31,11,0,0,25,7,0,18,0,1,0,0,65,82,24,0,0,47,0,0,18,27,204,46,0,32,7,22,34,8,6,0,0,0,0,0,0,0,0,42,0,0,0,44,0,0,7,0,49,66,4,0,141,0,0,23,0,0,386
,830,575,400,376,396,403,27,42,49,46,37,31,24,42,21,23,27,0,3,0,19,16,0,0,0,0,2,10,0,27,0,0,22,0,0,11,0,51,47,14,0,0,59,0,24,0,0,217,0,0,0,27,56,0,0,55,0,0,0,11,216,0,40,55,31,15,54,59,0,0,0,0,0,0,0,17,0,0,0,39,0,0,0,0,13,10,173,38,0,0,19,2,0,36,0,0,64
,835,445,324,302,317,295,21,35,25,62,51,24,13,30,0,40,23,0,0,0,21,19,0,0,0,47,32,22,66,55,36,0,0,0,0,6,0,107,28,2,0,0,304,36,24,14,0,0,20,0,0,80,0,0,0,83,0,0,137,0,0,70,91,0,174,18,66,19,62,0,0,0,0,13,0,0,0,0,2,0,0,19,0,0,5,0,0,65,0,0,26,0,0,0,58,0,183
,840,349,247,229,245,212,0,16,156,66,34,43,31,176,130,30,46,110,0,155,10,3,0,0,0,1,0,4,37,0,0,0,0,0,0,0,414,130,67,27,0,0,516,138,0,0,0,274,0,0,92,195,16,0,0,78,0,0,134,38,0,0,0,162,81,43,21,45,0,0,0,110,0,0,50,0,0,0,41,0,0,80,119,0,27,0,24,41,0,0,0,0,0,31,109,0,0
,845,236,177,129,149,157,8,12,79,38,55,69,0,64,0,9,33,0,162,0,16,69,0,0,25,0,53,0,502,103,0,0,170,0,0,0,4,168,46,149,0,0,300,10,0,115,0,297,0,0,148,314,103,0,0,268,0,0,48,0,0,0,44,0,61,37,142,59,0,0,0,0,0,0,0,95,0,0,0,0,0,0,173,0,11,0,7,155,4,162,40,0,0,50,0,1140,91
,850,196,128,103,101,224,4,27,0,121,21,74,0,142,0,14,0,0,0,0,49,496,0,139,27,0,0,10,0,244,0,0,119,0,108,61,0,314,0,0,0,0,198,145,195,0,0,145,334,0,40,190,128,0,0,150,0,0,173,0,0,0,0,111,90,148,145,142,0,0,113,0,0,0,0,0,0,0,0,0,39,162,0,0,177,0,0,60,159,0,141,0,0,0,0,0,152
,,,,,,,,,,,,,,,,,,,,,,,,,,,,,,,,,,,,,,,,,,,,,,,,,,,,,,,,,,,,,,,,,,,,,,,,,,,,,,,,,,,,,,,,,,,,,,,,,
Read 29:EM Spectrum,,,,,,,,,,,,,,,,,,,,,,,,,,,,,,,,,,,,,,,,,,,,,,,,,,,,,,,,,,,,,,,,,,,,,,,,,,,,,,,,,,,,,,,,,,,,,,,,,
,,,,,,,,,,,,,,,,,,,,,,,,,,,,,,,,,,,,,,,,,,,,,,,,,,,,,,,,,,,,,,,,,,,,,,,,,,,,,,,,,,,,,,,,,,,,,,,,,
,Wavelength,A1,A2,A3,A4,A5,A6,A7,A8,A9,A10,A11,A12,B1,B2,B3,B4,B5,B6,B7,B8,B9,B10,B11,B12,C1,C2,C3,C4,C5,C6,C7,C8,C9,C10,C11,C12,D1,D2,D3,D4,D5,D6,D7,D8,D9,D10,D11,D12,E1,E2,E3,E4,E5,E6,E7,E8,E9,E10,E11,E12,F1,F2,F3,F4,F5,F6,F7,F8,F9,F10,F11,F12,G1,G2,G3,G4,G5,G6,G7,G8,G9,G10,G11,G12,H1,H2,H3,H4,H5,H6,H7,H8,H9,H10,H11,H12
,500,1,1,1,1,1,2,3,2,3,3,2,2,2,3,3,3,2,3,51,2,2,3,4,3,5,4,5,7,9,12,10,12,13,9,14,9,13,5,9,12,9,11,10,12,10,9,12,11,13,2,14,9,15,8,17,9,14,10,7,10,9,3,14,9,3,11,14,6,10,10,3,2,17,18,6,9,5,16,2,5,7,16,17,4,6,8,24,4,9,4,79,65,1,12,69,61
,505,1,1,1,1,1,3,2,3,3,2,2,4,3,2,3,2,4,2,102,3,2,4,3,5,4,3,3,7,13,8,12,8,12,10,9,8,13,5,15,12,9,8,8,13,10,8,9,9,13,2,12,6,15,5,11,10,10,10,11,12,9,3,13,13,4,11,11,5,8,6,3,2,11,12,6,16,7,22,3,4,12,11,16,3,10,15,20,5,9,4,182,171,1,12,152,138
,510,1,1,1,1,2,2,2,2,3,2,2,2,3,3,2,1,3,3,215,1,3,4,2,4,5,3,4,6,8,13,8,10,8,13,15,7,12,5,13,11,8,13,13,11,13,8,11,9,12,2,7,6,14,8,15,7,15,15,8,10,13,3,12,13,3,16,18,4,10,11,3,3,16,13,4,11,5,15,2,6,12,11,11,4,7,14,16,3,22,7,358,339,1,15,312,304
,515,1,1,1,1,1,2,2,1,3,2,3,2,3,3,2,1,2,3,543,1,3,3,3,3,3,3,4,6,9,10,10,10,12,12,9,11,8,4,12,7,10,10,9,9,9,10,11,8,8,2,11,9,9,5,15,10,14,9,7,11,12,2,6,9,3,9,16,5,8,9,2,3,15,19,4,11,6,17,3,4,6,12,19,5,8,9,12,4,16,4,985,851,1,30,798,805
,520,1,1,1,0,1,3,2,2,3,1,3,2,2,1,2,1,3,2,1216,3,3,3,4,3,3,3,2,7,12,10,7,10,7,11,9,11,11,6,10,7,7,8,9,6,9,7,7,12,9,2,7,5,13,5,12,10,13,11,6,10,11,3,6,14,3,14,10,4,9,9,2,2,18,12,6,11,9,13,2,3,10,9,12,4,13,12,16,5,11,8,2097,1878,2,39,1775,1712
,525,1,0,1,1,1,4,1,2,2,2,2,3,3,2,3,2,4,3,2229,2,1,2,2,4,5,2,4,4,10,6,8,6,6,14,12,9,12,4,5,7,10,6,12,7,7,11,10,12,19,1,13,7,7,8,15,6,6,15,5,9,12,1,7,12,4,13,13,6,13,9,2,3,8,17,5,13,6,14,2,3,9,11,23,6,11,25,17,4,18,10,3710,3470,1,81,3229,3081
,530,0,1,0,1,1,2,1,2,2,1,2,2,2,1,3,2,3,1,3797,2,2,3,2,4,4,1,6,4,7,9,9,7,6,9,6,5,6,4,7,9,10,6,11,9,12,10,6,11,11,1,12,4,6,4,14,6,11,6,6,15,11,2,5,6,4,9,9,6,11,10,2,2,17,18,6,19,6,20,2,5,15,25,31,10,17,29,27,7,38,11,6994,6295,3,156,5763,5615
,535,0,0,1,1,1,2,2,1,1,1,3,1,2,2,2,1,3,3,5755,0,1,3,3,2,4,2,2,7,10,8,9,5,7,6,11,4,9,3,5,10,7,8,7,9,13,5,10,13,11,2,5,3,11,4,7,4,6,5,11,8,9,1,10,6,3,7,7,3,7,5,4,2,14,14,3,14,6,15,2,4,31,38,45,19,34,50,62,17,60,19,10167,8857,4,259,8148,8024
,540,1,0,0,1,0,2,2,1,2,0,1,2,2,0,2,2,3,3,6423,2,1,2,3,2,3,1,6,5,8,8,6,4,6,5,7,11,7,6,6,9,11,4,10,11,6,8,10,12,10,1,11,7,15,5,9,9,14,9,5,12,11,1,6,7,3,7,15,8,9,8,3,2,26,20,6,18,6,30,3,6,48,63,79,31,57,85,89,25,88,33,11405,10420,7,357,9485,9340
,545,1,1,0,0,1,1,1,2,2,0,1,2,2,2,1,0,3,1,6740,3,2,1,1,4,3,3,1,3,7,4,5,7,9,6,11,4,10,6,6,6,7,8,12,7,13,17,12,10,9,1,9,8,12,6,10,10,16,17,22,23,8,3,8,10,2,17,9,8,15,12,4,6,30,35,8,29,10,25,4,5,66,86,122,47,78,116,122,34,119,45,11642,10577,9,450,9507,9456
,550,0,1,1,1,1,2,2,1,2,0,1,2,0,2,2,0,2,2,6283,0,2,2,3,1,2,3,2,3,8,8,7,6,8,8,7,10,6,6,7,7,14,7,14,10,18,12,16,23,18,3,11,5,12,11,27,10,18,17,23,37,18,2,10,16,4,12,19,7,16,22,9,4,40,35,9,40,12,35,5,7,95,115,155,61,101,150,159,41,146,57,10516,9259,13,470,8336,8438
,555,1,0,0,0,1,3,1,1,1,1,1,1,1,1,2,0,2,3,4665,0,2,2,1,2,2,2,1,3,6,5,6,7,8,7,14,14,14,7,16,11,23,19,15,19,23,24,20,33,26,3,31,13,21,16,28,18,37,35,33,49,27,5,24,30,6,29,32,14,33,34,12,11,55,56,17,44,13,39,5,9,116,127,167,68,104,177,173,43,157,60,8005,7096,14,432,6345,6277
,560,0,0,0,0,0,1,1,1,1,0,1,1,1,1,1,1,2,1,2978,1,1,1,1,1,2,1,2,6,7,6,4,3,10,8,22,25,28,11,20,19,27,25,27,32,36,41,32,43,45,6,49,26,39,27,48,35,63,58,56,76,46,10,53,50,11,47,48,25,63,54,18,13,68,49,26,48,14,45,5,9,133,124,176,67,102,177,169,46,143,59,5302,4810,13,341,4296,4241
,565,0,0,0,0,0,2,2,1,1,0,1,1,1,1,3,0,1,1,2005,2,3,1,1,1,1,1,1,5,8,5,7,5,13,8,32,36,34,16,35,30,40,36,36,44,59,51,47,55,72,9,64,38,59,40,72,51,93,86,86,106,81,15,62,68,17,76,74,33,76,64,24,17,70,54,33,50,11,44,5,8,131,105,161,59,89,155,151,37,122,50,3600,3366,12,274,3047,2991
,570,0,0,0,0,0,1,1,0,1,0,1,1,1,1,1,0,1,1,1375,0,1,1,1,1,4,1,1,2,10,5,6,5,22,12,51,60,49,25,42,48,56,52,53,64,67,66,62,75,106,14,95,60,95,58,107,77,128,122,116,142,106,21,93,96,23,96,109,44,100,78,29,20,64,46,39,45,11,37,4,7,115,86,140,48,71,135,121,29,97,40,2408,2125,9,194,1998,1994
,575,0,0,0,0,0,1,0,0,1,0,3,1,1,1,1,0,2,1,733,0,1,1,1,1,1,1,1,3,13,8,8,8,39,22,83,94,87,40,70,69,79,78,74,87,88,88,83,92,145,20,149,90,140,86,146,105,165,152,148,173,136,27,125,127,31,127,126,56,125,84,31,21,53,39,43,36,9,29,3,7,100,68,101,38,49,96,88,20,66,31,1371,1222,7,130,1148,1100
,580,0,0,0,0,0,1,0,2,0,0,1,1,1,1,2,0,1,3,425,0,1,1,1,1,1,1,2,4,23,11,13,14,64,32,128,137,127,58,103,101,104,101,93,105,111,103,98,111,198,31,205,131,190,110,201,135,204,189,175,195,166,34,149,156,36,156,153,63,136,78,28,19,38,29,42,30,8,24,3,4,69,42,67,25,37,69,60,14,46,21,782,720,4,79,630,642
,585,0,0,0,0,0,1,0,0,1,0,1,1,0,1,1,0,1,1,235,0,1,1,1,0,2,1,1,6,41,16,25,25,110,59,184,220,184,93,147,139,127,135,121,128,132,128,130,142,240,41,257,167,247,133,233,162,210,209,187,208,189,37,159,165,39,167,145,61,119,67,24,15,25,21,31,23,5,20,2,3,48,30,54,17,24,44,42,10,34,14,432,379,3,49,363,344
,590,0,0,0,0,0,1,1,0,0,0,1,1,0,1,3,0,1,1,156,0,1,1,1,0,2,3,1,8,64,27,36,41,160,96,240,290,250,117,183,186,155,164,130,144,153,142,146,157,257,51,285,195,278,146,263,166,234,223,188,206,189,38,165,175,40,155,135,53,103,58,20,13,23,23,25,16,5,16,2,2,33,21,34,13,17,33,31,6,24,11,282,253,2,37,231,229
,595,0,0,0,0,0,1,0,0,0,0,0,1,0,0,1,0,1,1,97,0,1,1,1,0,1,0,0,12,102,44,60,68,223,145,321,389,328,149,240,237,176,192,154,169,183,167,177,187,265,59,307,210,294,150,260,173,221,222,190,206,191,35,154,165,37,139,122,44,87,44,14,8,16,11,21,15,3,12,1,2,32,15,28,10,13,32,23,4,18,7,183,161,2,27,154,144
,600,0,0,0,0,0,1,0,0,0,0,0,1,0,0,1,0,1,1,57,0,0,1,1,2,2,3,1,22,176,81,102,126,349,239,417,532,465,200,319,302,221,242,182,206,218,197,218,229,247,60,299,223,284,141,251,160,199,211,197,198,174,31,131,137,30,111,90,35,58,31,10,7,9,11,14,10,3,9,1,2,17,12,21,8,9,16,16,4,13,6,107,93,1,17,82,91
,605,0,0,1,0,0,1,0,0,0,0,1,1,0,0,1,0,1,1,40,0,1,1,1,2,3,0,1,40,284,137,183,206,504,369,537,678,570,259,403,397,266,310,222,240,262,241,262,267,223,62,289,205,285,125,223,146,182,191,170,185,167,24,104,110,24,79,63,24,42,26,7,5,10,8,10,8,3,7,1,1,12,8,14,6,7,13,13,1,10,4,63,58,1,10,54,53
,610,0,0,0,0,0,0,0,0,1,0,2,1,2,0,1,0,0,1,27,0,1,1,1,5,3,1,2,66,414,214,273,319,666,535,647,762,672,309,489,471,330,367,258,278,302,277,295,299,209,61,266,191,248,111,203,130,158,176,141,169,142,19,79,83,17,60,56,18,30,16,6,3,4,4,7,8,3,5,1,0,8,6,9,8,5,10,12,2,10,4,49,40,1,10,37,36
,615,0,0,0,0,1,1,0,0,0,0,1,2,0,0,1,0,4,0,22,0,3,2,2,6,5,1,3,106,576,318,380,445,861,737,676,813,751,346,566,550,381,442,305,326,346,309,333,326,181,59,237,181,235,101,187,120,138,147,118,145,113,14,57,63,12,45,33,18,23,12,5,3,4,4,5,5,6,5,0,0,7,7,11,4,5,4,5,0,4,4,34,30,0,7,26,36
,620,1,0,0,0,0,0,1,0,0,0,3,1,1,3,1,0,1,1,13,1,2,2,3,8,7,3,4,176,824,463,579,656,1094,1004,717,800,759,367,601,596,426,486,357,362,371,333,350,315,154,56,210,162,221,90,152,97,102,120,87,109,86,11,56,46,9,33,25,10,18,9,4,2,3,4,4,3,2,16,1,1,6,3,6,3,1,3,20,0,5,3,25,20,0,5,19,17
,625,0,0,0,0,0,2,2,0,1,0,1,1,1,1,1,3,2,1,16,1,2,5,4,14,12,3,9,281,1104,690,832,942,1294,1290,683,744,713,349,627,628,455,516,393,378,370,319,335,296,121,52,190,141,177,76,125,70,81,89,61,88,61,8,29,31,6,24,21,8,14,10,3,2,2,4,3,5,2,5,0,1,3,2,4,3,2,3,7,0,4,3,17,14,0,6,15,13
,630,0,0,0,0,0,2,1,0,1,0,2,2,1,1,2,1,2,2,11,2,4,5,7,22,20,6,15,437,1450,981,1137,1248,1426,1607,567,600,625,302,581,581,440,492,423,386,327,293,294,249,96,49,154,124,138,54,97,53,57,67,42,63,46,5,18,21,5,18,11,6,8,7,3,3,2,2,3,3,1,4,1,0,4,2,6,3,3,2,10,0,3,2,12,10,0,2,12,8
,635,0,0,1,0,0,1,3,0,1,1,2,3,3,2,3,2,3,2,9,4,9,9,11,34,31,10,25,575,1720,1220,1431,1528,1449,1785,475,482,532,276,525,535,424,470,393,357,288,242,247,201,75,43,128,101,117,47,75,50,45,51,33,50,36,4,16,18,4,16,12,6,8,6,2,1,1,3,2,4,2,2,0,0,4,3,7,3,4,2,3,0,9,3,12,20,0,1,10,9
,640,0,0,0,0,0,3,4,1,2,1,3,4,4,5,5,6,4,4,7,7,9,12,16,53,48,14,47,785,1968,1569,1737,1828,1354,1891,384,375,432,219,420,438,361,397,354,303,235,190,194,156,57,34,102,81,91,33,53,32,31,37,21,37,26,3,12,13,3,13,9,5,8,3,2,1,1,3,1,3,6,1,1,0,1,1,2,3,1,0,1,0,3,0,11,11,0,0,10,6
,645,0,0,0,0,1,5,2,2,7,3,6,7,8,3,6,5,7,6,9,13,20,24,28,78,75,23,77,1056,2197,1850,2063,2083,1218,1889,287,270,324,163,328,350,297,320,284,239,164,142,149,113,43,26,74,57,63,25,42,22,25,27,15,30,16,2,10,11,3,10,8,4,4,4,1,1,1,0,0,3,1,6,1,0,0,0,1,1,2,1,4,3,3,2,9,8,0,2,12,8
,650,0,1,0,0,0,10,3,4,7,6,9,13,13,7,11,10,12,11,8,25,31,36,51,124,120,44,125,1348,2206,2120,2308,2242,987,1658,203,187,215,115,237,253,208,218,211,168,124,98,106,81,28,20,55,41,49,19,29,20,16,21,11,19,12,2,3,9,2,8,5,9,3,5,1,0,2,2,0,3,2,8,1,0,0,1,3,3,1,2,7,0,0,2,9,1,0,0,6,2
,655,0,0,0,0,0,12,8,7,11,11,15,18,21,11,16,16,18,16,4,40,46,60,80,184,184,68,189,1574,2125,2266,2356,2241,783,1471,152,132,166,83,169,187,167,168,163,124,86,71,71,55,23,14,46,26,41,14,20,16,10,17,6,18,20,1,4,7,2,5,3,4,2,4,2,0,0,0,1,0,2,3,2,0,0,0,4,3,1,0,16,0,2,1,7,7,0,0,7,7
,660,0,1,1,0,1,16,9,10,16,17,23,28,34,17,25,27,29,25,13,63,74,94,127,248,254,110,281,1826,1964,2262,2308,2098,634,1271,107,93,124,63,120,141,118,115,124,89,64,54,55,41,17,11,27,23,26,11,19,13,9,10,20,14,7,1,2,6,2,6,4,3,0,3,2,0,0,0,1,0,1,1,0,0,0,0,1,4,0,21,2,0,0,1,14,4,0,0,26,2
,665,1,1,1,1,1,29,14,17,29,28,36,45,56,27,39,40,42,39,18,103,116,147,199,347,345,169,403,2022,1698,2182,2128,1899,476,1047,78,66,88,50,90,98,88,88,90,66,50,39,49,33,12,8,23,17,21,8,13,9,9,13,5,10,5,5,20,4,2,3,6,3,1,5,2,0,0,0,1,1,1,2,0,0,0,0,1,2,6,0,5,0,13,2,10,3,0,0,3,2
,670,1,2,2,2,2,49,24,28,49,50,62,80,95,47,68,73,75,68,5,182,197,252,323,476,471,282,559,2093,1354,1911,1811,1548,319,750,54,46,58,31,63,62,58,53,59,46,35,28,22,36,12,6,20,9,15,9,11,8,4,10,0,4,5,2,1,3,1,3,1,3,2,3,1,0,0,0,0,2,3,1,1,0,0,0,1,3,2,3,5,0,0,1,0,1,1,0,6,24
,675,3,5,3,3,3,75,37,47,75,76,97,121,153,78,110,121,117,104,7,280,305,375,449,574,576,422,683,2033,1035,1635,1524,1259,240,556,43,30,42,22,49,49,45,42,42,31,24,23,16,17,16,5,9,9,18,7,6,20,2,3,0,9,2,1,1,0,2,6,0,3,0,3,1,0,0,0,0,0,0,24,0,0,0,0,8,3,0,2,7,0,0,1,14,3,0,0,0,3
,680,4,5,5,5,5,122,66,77,114,121,157,194,241,119,170,185,179,167,2,426,439,519,586,688,633,561,761,1948,781,1364,1209,971,162,417,31,22,50,16,36,34,33,25,31,37,18,13,15,12,3,6,8,3,9,5,8,8,5,4,0,6,0,0,0,1,1,3,0,4,0,0,1,0,0,0,0,1,11,0,0,0,0,0,0,1,3,0,0,0,2,0,6,7,0,0,5,0
,685,6,8,8,7,8,184,94,117,186,188,251,305,369,187,273,296,299,253,5,603,610,690,730,738,690,711,757,1718,595,1091,929,748,123,312,23,15,23,15,27,25,24,18,22,20,16,8,9,7,4,2,6,4,10,20,2,5,3,4,0,4,0,0,0,2,2,2,0,3,0,3,2,0,0,0,1,0,2,7,0,0,0,0,0,5,1,0,11,0,6,4,5,0,0,0,4,4
,690,10,13,12,11,12,297,152,183,289,305,383,481,574,292,412,463,462,412,2,809,795,860,807,762,665,832,737,1482,441,824,701,568,90,235,20,10,18,9,22,24,23,8,13,14,16,9,1,9,5,2,0,2,7,3,3,2,0,0,0,3,0,0,0,1,1,0,3,2,0,2,2,0,0,15,0,3,2,1,0,0,0,0,3,3,15,0,5,0,0,1,12,25,0,0,1,0
,695,16,20,21,20,21,488,247,305,486,506,633,788,962,498,677,744,745,677,11,1013,950,948,873,714,600,899,659,1182,310,584,494,385,63,161,14,0,15,7,16,12,15,10,15,1,9,9,1,8,0,1,2,1,7,19,4,4,0,3,0,3,27,0,0,7,1,6,0,4,0,3,2,0,0,0,0,1,2,2,3,0,0,0,0,2,0,3,9,0,0,2,9,0,0,0,1,0
,700,25,33,33,34,32,769,397,475,743,789,984,1181,1373,781,1059,1153,1148,1047,0,1156,1058,990,827,637,533,896,596,942,229,443,359,278,45,111,12,0,5,19,11,12,12,28,11,3,10,2,0,4,0,1,28,0,6,5,4,7,0,0,0,6,0,0,0,2,1,4,0,10,0,0,2,0,0,0,0,8,2,2,0,0,0,0,0,1,20,0,3,0,0,2,3,0,0,0,2,1
,705,39,52,49,50,52,1142,591,712,1097,1147,1411,1713,1886,1149,1497,1618,1562,1482,8,1222,1056,970,747,570,449,830,487,741,168,323,257,197,38,83,5,0,2,6,13,7,13,0,4,9,5,1,0,1,7,1,0,3,5,4,0,4,0,3,0,7,1,0,0,1,4,3,0,14,1,1,0,0,33,0,0,2,0,4,1,0,29,3,0,5,0,0,6,0,0,3,28,6,0,0,9,1
,710,59,72,72,73,74,1617,857,1048,1572,1611,1929,2236,2336,1582,2027,2090,2000,1945,7,1134,982,842,639,459,364,720,375,561,120,232,190,130,28,67,9,0,4,7,8,11,0,0,4,0,10,3,0,3,6,1,3,0,0,5,0,6,1,0,0,3,0,0,23,1,3,0,0,1,0,22,0,0,0,0,0,8,1,0,0,0,0,19,11,20,0,0,9,0,0,2,8,0,0,0,0,1
,715,95,118,115,117,114,2211,1306,1560,2244,2289,2544,2856,2739,2218,2533,2606,2479,2521,9,986,789,660,464,340,254,557,247,364,77,154,121,93,21,41,0,0,20,6,5,4,6,0,6,2,3,1,0,6,6,1,7,0,0,4,0,4,0,0,0,0,0,0,0,3,0,7,0,2,0,23,1,0,1,0,0,0,0,3,0,0,0,26,0,4,0,1,5,0,30,3,5,2,0,0,6,0
,720,137,174,168,171,173,2760,1815,2104,2855,2885,3046,3244,2911,2778,2900,2897,2760,2889,3,801,632,527,363,247,187,422,183,265,61,103,80,61,15,37,1,0,0,2,2,6,4,1,5,3,3,0,0,2,7,1,0,0,0,2,0,3,0,0,0,5,0,0,0,7,1,5,0,0,0,0,1,0,0,2,10,0,3,7,1,0,0,0,0,2,0,0,1,0,3,3,0,0,0,0,0,5
,725,196,243,235,243,249,3365,2349,2696,3425,3394,3469,3534,2934,3349,3171,3190,2933,3179,7,676,533,441,292,210,148,348,147,195,50,80,70,46,11,30,0,15,0,2,1,4,10,0,2,0,1,0,0,0,3,0,0,0,0,8,0,1,1,4,0,3,0,0,0,2,1,3,1,3,15,2,1,0,0,0,0,0,1,3,1,0,0,0,0,14,0,0,10,0,0,2,4,0,0,0,10,3
,730,291,362,350,354,356,3838,3030,3338,3964,3971,3746,3763,2925,3791,3326,3269,3048,3369,14,575,443,345,235,161,109,275,114,167,40,87,54,32,14,21,1,0,0,2,4,1,9,0,5,0,7,4,0,5,7,3,0,0,0,21,2,4,0,0,0,2,0,0,0,4,1,8,0,4,0,0,3,0,0,0,0,8,1,2,0,0,16,1,0,1,1,0,0,8,0,2,3,0,0,0,34,0
,735,446,548,529,544,548,4177,3728,4044,4408,4339,3913,3773,2808,4142,3380,3258,2988,3466,7,460,363,282,177,126,84,212,80,117,52,58,41,31,9,16,2,0,5,2,3,0,4,0,2,0,6,0,0,4,0,1,0,1,0,2,1,6,2,0,0,4,0,0,0,0,2,4,0,0,0,0,0,0,5,0,0,0,3,3,1,0,0,0,3,6,0,0,7,0,1,3,4,0,0,0,1,0
,740,701,865,831,860,856,4218,4314,4481,4450,4275,3651,3344,2343,4094,3019,2897,2622,3118,8,335,251,212,133,83,62,145,56,85,28,46,32,18,36,17,2,0,0,6,2,4,2,0,0,4,24,0,0,0,12,1,0,23,0,0,34,9,0,0,15,6,0,0,3,1,0,0,34,3,0,0,12,0,0,50,0,0,4,0,0,0,30,0,1,4,0,0,2,0,0,2,8,0,0,0,5,0
,745,1019,1222,1177,1206,1194,3990,4489,4609,4254,4053,3309,2988,2002,3877,2720,2589,2273,2753,13,257,195,151,99,67,51,115,42,64,27,63,29,27,6,17,0,0,0,2,13,1,3,0,5,35,8,0,0,43,10,1,0,0,0,4,0,13,0,0,0,8,0,0,0,14,3,0,0,6,0,0,3,0,0,0,0,0,1,7,0,0,0,0,4,3,0,0,10,0,0,3,0,0,0,0,71,56
,750,1397,1626,1595,1643,1591,3550,4448,4372,3856,3589,2812,2528,1639,3478,2319,2128,1938,2408,14,195,155,114,80,49,36,78,33,50,24,33,25,4,4,17,0,0,0,2,4,0,48,0,2,8,7,0,0,2,0,2,0,0,0,12,0,17,0,0,0,2,0,0,0,2,3,2,0,1,0,0,1,0,0,1,0,5,5,16,0,16,0,0,70,33,0,0,5,0,5,7,9,7,0,0,82,1
,755,1907,2216,2136,2195,2173,2912,4019,3911,3266,3011,2278,1971,1231,2856,1793,1614,1491,1884,5,126,107,85,53,34,22,58,22,41,20,30,19,2,8,7,2,0,48,3,0,0,7,0,0,6,18,0,0,0,4,0,0,0,0,6,4,4,0,0,0,10,6,0,0,0,1,0,0,6,0,5,1,0,0,0,20,0,3,0,7,0,0,0,0,2,0,0,9,4,0,0,5,0,0,0,0,0
,760,2528,2942,2807,2878,2883,2420,3533,3351,2589,2415,1763,1514,949,2327,1390,1240,1104,1422,9,106,76,56,42,23,22,46,13,34,23,32,17,0,8,12,4,0,5,4,4,4,11,0,3,0,37,3,0,0,2,0,4,0,4,6,0,13,0,14,0,8,0,0,0,0,5,0,0,0,8,2,6,7,0,0,0,6,0,10,1,0,0,0,10,13,0,0,13,0,0,2,21,7,0,0,13,19
,765,3174,3576,3431,3537,3489,1770,2865,2590,1986,1778,1298,1079,656,1695,1004,851,796,1033,21,60,54,43,32,15,14,52,3,29,13,27,19,0,0,0,0,0,0,0,6,49,8,0,8,0,17,0,0,3,11,1,0,0,0,2,0,19,0,0,0,38,0,0,0,0,5,0,0,8,0,11,4,0,0,0,0,0,3,4,0,0,0,0,0,45,0,0,28,0,98,12,0,11,0,0,0,10
,770,3675,4066,3954,4010,3947,1348,2329,2095,1521,1341,978,833,498,1297,719,641,593,753,29,40,46,33,24,7,9,30,2,18,18,20,5,0,3,10,11,0,0,0,3,0,3,0,1,0,11,0,0,0,0,1,55,0,0,7,4,13,0,0,0,0,0,0,0,0,5,17,0,11,2,0,1,0,0,0,0,0,4,13,4,0,0,0,0,10,0,0,19,0,101,2,27,0,0,0,0,120
,775,3952,4395,4198,4297,4201,1060,1849,1660,1149,1072,757,630,368,1014,572,483,445,589,8,30,33,26,17,4,11,16,3,19,33,27,6,0,18,6,0,0,0,11,2,0,7,0,4,0,2,0,0,0,0,2,0,0,1,9,12,14,0,0,0,16,0,0,0,12,4,24,0,5,0,10,3,3,0,0,0,13,0,11,1,19,0,2,1,4,6,1,17,0,0,8,25,0,0,59,18,0
,780,4082,4422,4227,4320,4166,756,1326,1181,810,737,521,417,249,710,372,348,309,426,35,16,22,20,11,0,4,15,0,17,91,29,0,0,6,15,2,0,0,9,13,0,25,0,0,4,7,0,0,67,0,1,0,0,9,5,0,16,0,1,0,0,0,0,0,0,7,0,0,12,0,5,29,0,0,0,0,6,2,2,0,0,0,5,25,10,0,0,0,0,19,0,13,0,0,90,16,0
,785,3978,4160,3960,4005,3956,520,964,864,570,534,353,309,176,487,282,212,219,289,2,10,16,15,6,0,9,13,0,20,15,82,12,0,0,5,16,0,0,5,0,0,0,0,0,0,8,0,0,2,0,0,0,0,0,8,0,0,0,8,0,0,0,0,2,29,2,13,10,5,0,0,2,0,0,0,0,0,2,13,0,0,0,0,9,13,0,0,17,21,0,2,18,0,0,0,5,15
,790,3667,3664,3538,3584,3439,377,705,607,417,362,261,219,117,347,196,147,156,205,37,0,14,16,45,0,0,9,0,16,12,22,4,0,7,0,2,0,0,7,12,2,10,0,1,0,11,0,0,0,10,2,0,0,0,28,0,0,0,0,0,11,3,0,0,0,4,7,0,2,0,91,4,0,0,0,0,0,1,0,1,0,0,85,0,0,0,1,0,0,1,13,46,13,0,0,23,25
,795,3413,3222,3062,3078,3021,279,521,494,307,270,190,162,93,263,157,137,121,153,197,2,18,19,7,0,10,9,0,9,24,32,8,0,0,21,16,0,0,4,0,0,18,0,11,0,1,0,0,0,18,0,0,0,0,3,0,29,0,0,0,16,3,0,0,12,7,12,0,9,0,4,1,0,0,0,0,0,12,0,0,0,0,0,151,24,0,0,11,0,17,5,45,9,0,0,25,0
,800,2934,2660,2505,2500,2467,205,375,321,216,188,137,129,56,198,116,84,87,127,70,0,3,19,7,4,8,0,0,9,39,46,3,0,0,0,0,0,0,2,20,2,0,0,0,2,0,0,0,3,168,27,0,43,0,0,0,19,108,0,0,13,0,0,0,0,0,13,0,1,0,15,11,0,0,0,0,0,0,0,0,0,0,0,0,11,0,0,22,0,0,0,0,0,0,0,0,3
,805,2329,1973,1828,1879,1787,134,244,214,145,152,92,81,41,111,69,37,57,80,30,0,0,9,7,0,0,0,0,19,26,18,68,0,3,12,0,0,0,7,13,5,18,0,0,0,7,0,0,0,0,2,0,0,0,8,7,10,0,0,0,27,0,0,0,0,7,0,0,14,0,19,1,0,0,0,0,0,4,13,2,29,0,0,0,10,0,0,3,0,0,0,20,5,0,163,35,0
,810,1859,1472,1408,1406,1382,91,179,139,112,93,66,71,30,92,65,34,52,59,21,0,1,11,62,0,18,5,0,12,22,31,0,0,7,19,0,0,0,7,7,6,23,0,0,0,0,0,0,7,14,1,0,0,0,18,0,25,0,7,85,10,0,0,0,0,13,34,0,11,0,130,0,0,0,0,0,57,11,0,0,0,0,0,0,78,22,0,15,0,181,11,3,17,0,0,218,10
,815,1503,1177,1085,1112,1092,81,122,120,73,58,57,55,63,57,34,18,39,48,16,0,0,20,11,0,11,5,66,0,52,26,0,0,0,5,0,0,0,0,7,28,11,0,5,0,0,0,103,15,0,0,0,0,0,0,0,28,0,2,0,16,0,0,0,0,7,41,10,4,0,5,0,0,0,0,0,31,7,0,3,37,0,0,0,25,20,0,0,0,0,3,291,111,0,0,0,11
,820,1144,850,774,796,790,52,96,112,54,41,80,36,19,45,41,0,35,33,119,0,5,14,1,0,0,1,0,1,44,30,0,0,0,16,0,0,0,56,4,0,172,0,0,7,18,0,0,0,7,0,0,0,2,22,0,24,0,0,0,18,0,0,0,0,17,24,0,0,5,2,13,0,0,0,0,12,27,0,0,0,170,0,0,102,164,0,32,0,8,6,0,0,0,0,1,0
,825,830,603,569,573,558,38,70,50,44,14,36,26,12,90,37,0,37,38,0,0,5,7,54,0,11,9,0,15,26,59,9,0,0,57,36,0,0,32,0,0,0,0,7,0,6,0,0,15,0,0,0,0,0,16,0,29,0,23,0,84,0,8,0,24,0,0,0,8,0,21,1,0,0,0,103,14,0,0,0,0,0,0,0,13,0,0,0,0,31,50,22,0,0,0,10,78
,830,596,440,403,417,399,85,47,30,34,0,28,108,0,36,98,0,29,25,17,0,0,11,16,0,22,5,0,16,22,55,0,0,7,36,0,0,0,0,32,17,44,0,0,0,28,0,0,0,115,0,0,0,0,30,22,43,0,55,0,19,0,0,0,13,9,27,0,0,8,62,99,0,0,0,2,0,0,16,45,0,0,179,0,13,0,0,102,0,0,13,516,0,0,0,36,31
,835,460,354,320,322,306,51,34,22,26,0,12,28,0,31,15,0,99,29,0,0,0,0,19,0,11,19,0,32,78,68,0,0,1,20,8,0,0,42,35,0,0,0,11,0,0,0,0,75,81,0,0,0,0,40,0,35,0,0,0,2,0,0,0,76,4,133,0,45,0,62,29,0,0,0,0,0,39,36,0,0,0,0,0,23,0,0,9,0,0,29,39,0,0,0,48,0
,840,348,263,246,243,245,19,129,0,0,0,21,20,0,31,35,0,45,185,55,0,0,25,0,0,210,0,0,53,55,99,40,0,0,0,0,0,0,0,38,0,37,0,40,0,96,0,0,0,0,0,0,323,0,42,0,41,0,0,0,0,0,173,0,77,156,38,0,67,0,6,27,117,0,50,0,0,43,0,0,0,0,13,0,78,0,0,94,173,24,50,195,0,0,0,116,0
,845,241,181,158,130,144,19,0,0,0,0,22,39,0,224,56,126,32,9,54,0,53,28,67,0,45,0,0,171,326,158,626,404,214,29,62,0,0,11,0,0,61,0,0,0,266,41,0,0,87,6,0,0,0,280,0,0,0,0,0,0,0,0,0,0,8,149,0,147,0,29,52,0,0,0,0,0,4,17,0,0,0,0,0,0,0,0,156,0,127,29,130,34,0,0,115,26
,850,148,157,109,96,113,41,0,0,0,0,467,77,0,0,60,0,7,15,329,0,21,58,35,0,0,0,0,164,225,341,0,0,0,945,0,0,0,721,136,0,0,0,78,0,0,0,0,0,0,325,0,0,0,161,0,259,0,0,0,57,0,0,0,0,85,0,0,97,0,0,125,36,0,0,0,0,0,0,0,0,0,0,0,190,0,0,34,0,0,157,0,56,153,0,258,0
,,,,,,,,,,,,,,,,,,,,,,,,,,,,,,,,,,,,,,,,,,,,,,,,,,,,,,,,,,,,,,,,,,,,,,,,,,,,,,,,,,,,,,,,,,,,,,,,,
Read 30:EM Spectrum,,,,,,,,,,,,,,,,,,,,,,,,,,,,,,,,,,,,,,,,,,,,,,,,,,,,,,,,,,,,,,,,,,,,,,,,,,,,,,,,,,,,,,,,,,,,,,,,,
,,,,,,,,,,,,,,,,,,,,,,,,,,,,,,,,,,,,,,,,,,,,,,,,,,,,,,,,,,,,,,,,,,,,,,,,,,,,,,,,,,,,,,,,,,,,,,,,,
,Wavelength,A1,A2,A3,A4,A5,A6,A7,A8,A9,A10,A11,A12,B1,B2,B3,B4,B5,B6,B7,B8,B9,B10,B11,B12,C1,C2,C3,C4,C5,C6,C7,C8,C9,C10,C11,C12,D1,D2,D3,D4,D5,D6,D7,D8,D9,D10,D11,D12,E1,E2,E3,E4,E5,E6,E7,E8,E9,E10,E11,E12,F1,F2,F3,F4,F5,F6,F7,F8,F9,F10,F11,F12,G1,G2,G3,G4,G5,G6,G7,G8,G9,G10,G11,G12,H1,H2,H3,H4,H5,H6,H7,H8,H9,H10,H11,H12
,500,1,1,1,1,1,3,2,3,2,3,3,2,3,2,2,3,2,4,56,2,4,4,5,4,4,3,4,6,10,11,14,11,7,11,13,10,5,9,9,12,11,4,9,9,10,14,9,15,11,14,14,4,9,12,25,10,6,7,10,11,3,16,5,8,16,2,14,8,15,16,6,8,13,2,2,1,20,13,1,6,18,10,8,5,6,10,11,3,1,5,75,67,8,19,57,68
,505,1,1,1,1,1,3,2,2,2,3,2,2,2,3,2,2,4,3,117,2,4,2,4,4,4,2,3,5,8,11,10,11,10,10,12,14,6,9,12,11,13,5,10,11,13,12,13,9,13,11,8,4,7,17,12,10,6,8,14,15,4,11,5,12,12,2,10,11,11,16,6,11,17,4,2,1,19,12,1,7,20,14,7,8,10,8,18,4,2,3,173,156,4,28,141,146
,510,1,1,1,1,1,2,2,2,3,2,2,3,1,3,2,3,2,3,244,2,2,2,3,3,4,3,6,8,9,11,10,8,7,13,12,14,6,10,11,10,10,5,10,8,8,10,8,13,9,13,11,6,8,10,12,12,9,10,14,9,3,9,7,12,11,3,9,14,10,10,5,12,18,4,2,1,15,13,1,6,17,9,7,6,9,14,13,4,1,4,353,343,4,20,300,304
,515,1,1,1,0,1,2,3,3,3,2,3,2,1,2,3,3,3,2,599,2,2,2,5,4,6,2,4,5,7,13,9,8,7,9,16,9,4,12,12,8,11,3,8,10,8,9,11,10,11,8,12,6,7,10,11,7,9,12,10,14,4,8,5,8,8,2,17,7,19,15,8,9,25,3,2,1,21,20,1,9,12,19,5,7,10,14,15,3,1,5,991,880,4,29,796,774
,520,1,1,1,1,1,1,2,2,1,2,2,2,3,2,3,3,3,3,1251,3,2,3,3,5,5,2,5,7,8,10,11,10,11,14,17,14,4,8,7,9,11,3,12,9,17,13,8,14,11,9,6,3,8,8,15,13,5,10,15,13,3,14,4,6,16,2,13,9,8,10,6,7,10,2,2,1,18,14,1,7,11,11,8,7,12,16,18,3,2,5,2119,1871,8,52,1705,1625
,525,0,1,1,1,1,2,1,1,1,3,1,3,1,1,2,2,3,3,2357,3,2,3,5,2,3,2,6,7,13,9,11,7,10,9,10,12,5,6,10,12,14,4,8,6,10,12,11,13,10,9,5,5,4,9,17,6,9,5,12,12,2,7,7,15,14,3,15,6,15,8,5,11,9,4,1,1,14,16,1,9,14,31,7,8,11,16,15,5,2,7,3851,3398,10,96,3010,3047
,530,0,1,0,1,1,1,2,2,1,2,2,2,2,3,2,2,3,3,4139,1,3,3,2,4,5,1,2,4,9,6,7,6,5,8,9,6,4,7,15,11,7,4,8,13,10,11,7,15,9,6,4,3,7,8,14,12,5,5,12,12,3,7,6,9,7,3,14,12,7,16,7,7,10,2,2,1,18,12,1,7,28,32,14,16,17,28,26,10,4,11,6944,6277,12,183,5478,5553
,535,0,1,1,1,1,2,2,1,2,3,2,1,1,3,1,3,2,1,5986,1,1,1,4,4,4,1,4,3,4,6,9,7,8,6,9,10,3,11,5,10,11,3,8,8,9,7,11,12,5,12,4,3,7,9,14,7,8,12,8,8,3,6,7,12,7,2,14,7,7,10,6,13,18,4,2,1,20,13,1,7,37,68,21,28,31,61,48,15,7,15,10120,9028,24,314,7912,7848
,540,0,0,1,0,0,2,2,1,3,2,2,3,2,2,1,3,1,2,7431,1,3,2,3,3,5,1,3,5,5,4,6,9,4,5,9,7,5,7,9,7,8,4,8,18,6,9,8,14,6,12,10,6,6,10,11,13,6,13,10,14,5,12,4,7,13,2,9,11,18,13,7,12,20,5,1,1,17,25,2,8,68,103,38,43,49,86,76,23,11,23,11753,10593,38,430,9134,8816
,545,0,1,1,0,0,1,1,1,1,2,1,1,1,1,1,3,1,1,7279,2,2,2,1,6,4,3,3,2,7,7,8,5,3,4,20,12,6,10,11,12,10,5,8,13,14,15,13,14,7,8,12,4,8,12,13,11,13,12,23,19,5,14,8,10,11,2,15,15,19,21,13,14,35,6,2,2,22,22,2,15,98,143,53,59,68,130,106,32,14,33,11815,10740,47,507,9275,8906
,550,0,0,0,1,0,2,1,2,2,1,2,1,0,1,1,1,1,2,6737,1,1,2,3,2,2,1,1,1,3,4,8,8,4,5,11,9,4,11,7,12,11,3,15,12,15,16,18,17,15,12,12,6,8,21,18,16,14,27,25,34,5,21,8,22,20,4,20,15,18,36,18,22,44,8,3,3,34,38,2,14,131,184,72,74,92,162,137,40,18,42,10576,9308,65,542,8120,8253
,555,0,1,0,0,0,1,1,1,1,1,1,1,1,2,1,2,1,2,5119,1,1,2,2,2,2,1,2,3,5,5,11,6,7,7,26,18,7,17,14,17,20,7,18,24,26,27,28,31,36,23,26,12,17,39,36,33,26,41,50,62,10,32,16,33,31,6,28,32,34,69,28,39,58,10,5,3,36,40,2,20,175,205,82,84,93,193,150,42,19,45,8144,7191,66,504,6561,6363
,560,0,0,0,0,0,1,1,1,1,2,1,2,0,1,1,1,2,1,3269,1,1,1,2,1,2,1,1,3,6,4,6,5,11,9,31,35,11,24,23,25,35,11,29,40,40,42,38,53,59,43,55,21,30,69,64,60,45,79,78,93,17,57,29,57,55,11,58,60,67,90,46,67,68,13,7,4,39,41,3,17,193,198,85,83,93,194,145,41,18,44,5588,4746,60,378,4195,4102
,565,0,0,0,0,0,1,1,1,1,2,1,1,0,1,1,2,1,1,2275,0,1,1,1,2,2,1,4,2,7,5,8,6,17,13,47,60,17,38,37,38,46,16,42,53,53,58,53,62,90,64,77,33,45,95,93,90,62,97,107,121,24,77,37,84,75,16,78,87,86,113,56,73,69,11,10,4,35,46,3,16,185,173,78,77,80,173,126,36,15,38,3760,3284,56,292,2921,2997
,570,0,0,0,0,0,0,3,1,1,1,3,1,0,2,1,1,1,1,1437,0,1,0,1,4,1,1,2,2,11,6,9,10,27,21,68,84,27,57,54,57,66,23,61,71,70,73,70,82,133,97,117,49,66,134,127,128,82,128,133,147,32,106,52,107,102,21,115,109,115,132,64,84,64,10,10,3,34,32,2,14,156,129,63,61,66,142,109,29,11,32,2492,2117,43,212,1878,1909
,575,0,0,0,0,0,1,1,1,2,1,1,1,0,1,1,1,1,1,842,0,1,1,1,1,1,1,1,3,19,10,15,15,51,34,102,135,41,90,80,87,87,30,81,95,88,89,88,100,168,135,161,70,96,182,178,168,101,167,172,180,41,133,65,134,136,29,132,138,145,148,70,86,54,7,11,3,33,28,2,11,130,98,49,45,44,102,75,20,8,22,1417,1257,31,134,1127,1101
,580,0,0,0,0,0,0,1,1,0,1,1,1,0,1,1,1,1,1,439,1,1,0,1,1,1,1,1,7,37,18,25,27,85,56,159,190,64,136,119,118,118,41,99,115,113,110,108,123,217,191,211,96,121,226,225,208,113,193,189,186,47,163,78,163,164,33,147,150,140,136,64,78,38,7,10,2,19,22,1,9,96,70,30,30,31,70,50,13,5,18,808,725,22,84,629,644
,585,0,1,0,0,0,0,0,0,1,1,1,1,0,1,1,1,1,1,258,0,1,1,1,1,2,1,1,6,70,31,44,51,138,104,227,285,93,191,172,167,145,55,126,138,134,132,138,148,241,241,257,113,147,266,254,235,123,205,205,199,51,176,80,180,174,34,152,140,130,114,51,62,28,5,9,1,12,15,1,7,68,45,21,22,23,45,34,10,4,11,451,390,16,54,354,360
,590,0,0,0,0,0,1,1,1,1,1,1,1,0,1,1,1,1,1,169,0,3,1,1,2,2,1,1,11,111,50,74,81,200,153,294,376,116,261,220,215,174,66,141,162,154,147,165,167,258,283,277,127,158,273,261,242,124,221,208,203,51,180,82,196,171,32,137,128,115,92,41,49,21,4,7,1,9,12,1,5,47,34,15,17,16,32,26,7,2,8,285,258,11,39,218,220
,595,0,0,0,0,0,0,1,1,1,1,1,0,0,1,1,1,0,1,102,0,1,1,2,2,2,1,2,19,171,85,115,124,279,232,382,486,155,325,286,266,210,79,176,189,188,175,197,200,254,311,289,141,164,275,261,247,122,211,204,199,52,166,76,166,145,29,121,103,95,72,34,39,17,3,6,1,6,10,1,4,36,25,13,12,11,24,18,5,2,6,187,168,9,27,138,149
,600,0,0,0,0,0,0,1,0,0,1,1,1,0,1,0,1,0,1,60,0,1,1,1,3,3,1,2,36,290,148,198,212,416,369,497,652,210,427,382,348,250,101,215,220,230,209,239,242,242,324,286,133,159,248,247,235,112,213,193,196,48,154,67,140,123,22,91,77,66,50,23,29,11,2,4,1,4,7,0,3,25,17,9,10,9,28,12,4,1,4,105,96,7,23,83,84
,605,0,0,0,0,1,0,1,1,0,1,2,3,0,2,0,1,0,1,42,0,1,0,1,5,5,1,3,70,431,247,323,343,580,538,614,778,258,534,466,436,315,126,259,271,279,261,283,281,215,317,263,129,145,236,227,208,103,189,174,179,44,115,50,108,87,16,63,53,48,36,17,19,8,1,3,0,6,6,0,1,19,12,6,6,12,20,13,3,1,3,65,54,6,17,49,51
,610,0,0,0,0,0,0,0,0,1,1,3,1,0,1,1,1,1,1,25,1,1,1,2,7,9,1,4,115,610,354,467,481,749,749,674,839,281,606,541,505,373,149,304,317,308,285,315,308,195,321,240,117,138,202,206,186,89,169,149,163,39,91,38,82,67,12,44,35,34,30,12,14,7,1,2,0,3,4,0,1,14,5,5,5,7,11,9,2,1,4,41,46,4,13,32,35
,615,0,1,0,0,0,1,0,0,0,1,1,0,0,2,0,1,0,1,17,0,2,1,3,12,14,1,7,177,831,507,653,695,928,979,691,841,293,633,601,571,409,163,355,368,334,306,341,307,176,320,228,121,128,197,188,168,74,154,125,138,31,69,31,61,51,10,35,29,25,19,10,11,4,1,2,0,12,1,0,3,11,9,5,5,5,7,6,2,0,3,30,29,3,11,24,27
,620,0,0,0,0,0,0,1,0,0,1,1,1,1,1,1,1,1,1,9,1,2,1,4,20,23,2,13,290,1107,752,929,938,1128,1270,676,782,287,644,602,608,460,177,397,391,342,325,339,290,152,300,206,103,117,169,161,133,60,113,97,112,23,44,21,43,38,7,27,21,20,16,9,9,5,1,2,0,0,0,0,1,10,2,4,3,4,7,6,2,0,1,16,23,3,8,17,16
,625,0,0,0,0,0,1,1,1,1,1,1,1,0,1,1,2,3,1,21,2,3,3,8,37,41,3,22,461,1417,1058,1268,1281,1251,1533,591,651,251,571,582,565,459,178,412,396,328,286,308,262,114,268,189,94,99,132,125,105,45,83,76,81,16,32,17,31,25,5,17,14,14,13,7,6,3,1,1,0,0,2,0,1,11,2,3,4,3,3,6,2,0,4,8,16,3,10,13,16
,630,0,1,0,0,0,1,1,0,1,2,2,2,1,2,1,2,1,2,9,3,5,5,13,62,67,5,38,665,1751,1405,1692,1633,1268,1763,492,482,207,491,508,532,432,155,407,363,275,251,251,204,93,257,153,79,83,109,94,78,33,58,49,59,11,25,12,22,31,3,11,12,12,11,11,7,3,0,1,0,0,1,0,0,6,2,3,2,3,0,5,4,0,3,6,11,2,6,9,9
,635,0,0,0,0,0,1,1,1,1,2,2,3,1,3,3,4,2,6,5,5,6,9,19,90,95,9,56,902,1991,1746,2008,1937,1230,1855,404,399,177,395,432,428,380,138,374,322,243,208,214,164,68,223,130,69,64,95,77,60,31,45,38,45,9,26,10,14,28,3,10,9,9,7,4,4,0,1,1,0,0,1,0,8,4,16,1,3,4,1,13,2,0,1,3,9,3,11,9,12
,640,0,0,0,0,0,2,2,1,3,3,4,5,4,4,4,6,4,4,3,8,11,16,34,136,143,14,85,1198,2115,2051,2318,2118,1120,1776,306,280,133,319,352,343,308,110,320,255,183,165,165,125,56,186,98,59,47,63,57,44,20,31,38,30,6,15,12,12,13,3,6,5,6,8,5,5,14,0,1,0,0,1,1,1,4,0,8,10,11,1,2,2,0,2,21,10,2,11,25,5
,645,0,0,0,0,0,3,2,3,5,5,7,7,7,5,7,8,6,6,0,14,19,24,52,207,223,28,130,1529,2151,2276,2551,2253,911,1582,220,199,91,225,249,269,239,86,246,194,139,118,119,87,38,144,78,38,38,50,45,36,14,23,22,24,8,9,7,11,13,2,5,3,5,5,4,2,0,0,3,0,0,2,0,0,2,0,2,2,2,1,3,1,1,2,0,5,8,6,9,6
,650,0,1,0,0,1,7,5,5,7,8,10,12,13,8,10,13,9,15,3,26,33,44,88,297,329,48,209,1916,2003,2424,2487,2147,713,1341,153,136,69,160,163,176,176,62,171,137,95,84,83,66,24,99,58,29,29,35,28,19,12,12,18,14,2,10,4,6,8,2,17,6,6,5,4,2,0,0,1,0,0,0,0,0,6,7,1,2,2,0,2,1,0,1,0,8,1,8,3,6
,655,0,1,0,0,0,11,6,8,12,13,17,20,21,12,16,19,17,19,0,42,50,73,131,408,440,73,283,2204,1820,2368,2413,2002,561,1096,114,102,50,114,126,135,131,44,140,105,71,60,60,57,20,80,38,20,18,27,24,17,11,8,7,13,2,9,5,7,5,2,2,4,3,2,4,3,0,0,3,0,0,0,0,8,2,0,2,2,1,1,0,1,0,1,0,1,2,3,7,2
,660,1,1,1,1,1,19,10,12,17,20,25,33,35,19,27,29,29,27,5,68,79,112,188,534,578,115,385,2365,1560,2185,2165,1793,434,938,88,67,36,101,95,105,95,32,90,80,49,45,46,32,12,58,24,16,15,21,23,12,7,3,7,10,1,8,4,2,6,0,2,4,0,5,4,3,15,0,1,1,1,0,0,1,2,0,1,1,3,0,2,0,0,1,0,6,1,3,4,5
,665,1,1,1,1,1,30,15,19,29,32,39,50,55,29,44,46,45,43,0,109,129,178,279,699,751,189,508,2432,1251,1918,1812,1479,298,681,64,53,30,61,63,69,74,21,70,53,35,30,33,24,7,44,20,11,18,18,17,6,7,3,6,4,2,3,4,1,7,2,0,4,0,5,4,4,0,0,1,1,0,0,0,0,3,0,1,3,3,0,1,1,0,2,0,0,2,2,0,0
,670,2,3,2,2,2,53,26,34,48,54,69,84,101,53,69,80,77,72,0,186,221,291,400,898,946,315,660,2342,919,1561,1468,1143,204,483,53,35,21,43,45,64,47,16,56,40,23,25,17,16,3,35,11,9,10,13,9,4,7,0,2,4,0,5,2,0,4,1,1,1,1,5,5,12,0,0,1,0,0,0,0,0,0,1,12,2,3,0,2,1,0,1,0,7,2,8,0,0
,675,2,3,3,3,3,77,42,51,80,82,104,136,160,84,120,124,125,115,0,291,326,412,528,1080,1103,429,715,2154,699,1255,1133,881,148,354,40,25,17,33,36,36,40,11,34,26,24,16,17,14,6,23,6,6,7,9,9,6,7,16,8,20,1,6,1,0,24,1,1,0,4,4,3,4,0,0,1,0,0,0,0,0,5,26,0,4,0,0,0,0,0,2,0,1,3,4,5,0
,680,4,5,5,4,5,124,67,84,126,130,171,211,246,126,186,193,199,181,0,436,483,553,631,1183,1156,579,741,1892,515,947,829,646,113,259,31,12,11,18,19,25,29,9,26,21,15,14,12,12,0,24,1,3,4,13,11,17,8,0,5,0,0,0,4,3,3,1,2,0,1,3,5,3,0,0,4,0,0,0,0,0,6,0,2,3,2,0,0,8,0,2,0,0,4,5,0,0
,685,6,9,8,9,8,199,100,127,196,203,273,333,387,199,291,301,301,288,3,613,648,705,740,1228,1165,714,734,1571,370,725,625,472,83,173,28,12,11,17,20,23,17,4,20,23,11,15,8,8,0,17,1,4,4,7,11,0,5,0,6,0,0,5,2,2,8,0,0,0,2,7,3,3,0,0,1,0,0,0,0,1,0,0,1,3,5,0,2,1,0,0,0,0,0,8,7,26
,690,11,14,12,12,12,309,159,197,305,324,416,509,605,308,437,485,480,443,0,842,843,827,799,1228,1116,812,672,1299,263,521,456,347,60,146,20,5,9,14,12,20,17,4,12,11,7,10,10,6,0,9,0,4,6,6,8,0,6,0,0,1,0,1,5,0,0,1,0,0,3,0,2,5,0,0,3,0,0,0,0,0,3,0,1,0,13,0,1,1,0,1,0,5,2,12,0,0
,695,16,23,21,21,21,525,259,332,521,538,682,853,971,519,728,792,786,729,0,1056,1017,906,762,1129,999,894,597,980,194,365,309,247,38,99,18,3,9,9,6,13,17,2,7,15,7,5,0,7,0,13,1,2,4,7,3,0,5,0,0,0,0,2,2,0,6,1,3,0,0,4,4,2,0,0,2,0,0,0,0,0,0,0,2,4,9,0,1,2,0,2,0,8,2,10,0,1
,700,26,33,33,32,34,812,419,520,795,847,1052,1309,1465,822,1113,1194,1178,1135,0,1195,1106,899,724,1039,890,849,522,726,136,273,233,173,24,73,17,0,7,4,6,14,38,2,4,5,3,6,0,2,0,16,19,0,3,7,2,0,7,0,0,0,0,0,2,1,37,2,0,0,0,0,3,0,0,0,1,0,0,0,0,12,1,0,0,4,0,0,5,8,0,2,0,2,4,7,0,0
,705,38,52,49,49,49,1199,627,782,1176,1245,1519,1869,1999,1194,1588,1688,1681,1593,0,1256,1103,841,666,897,732,814,431,562,91,197,171,130,17,58,19,1,4,7,17,10,10,0,3,6,1,11,0,5,0,41,0,0,3,3,7,0,9,0,0,0,0,1,3,0,11,1,0,32,0,3,9,2,0,0,1,0,0,0,0,0,1,0,0,4,4,0,0,3,1,2,0,5,2,11,0,2
,710,58,78,74,76,77,1672,921,1143,1694,1736,2112,2453,2503,1671,2163,2176,2151,2155,0,1163,1005,738,542,710,593,670,334,396,68,135,125,89,13,45,14,0,3,2,7,10,13,1,2,0,0,7,0,9,0,7,0,0,2,2,6,2,5,21,37,0,0,4,1,0,3,0,0,0,6,1,0,0,0,0,5,0,0,0,0,0,1,0,1,5,2,0,0,2,0,1,0,5,5,6,1,0
,715,89,121,119,120,119,2361,1389,1694,2364,2466,2762,3128,2950,2347,2654,2723,2649,2760,0,973,819,546,412,527,404,508,233,248,40,106,80,57,5,29,14,0,4,2,2,10,8,0,1,5,1,7,0,4,0,5,0,0,1,29,4,0,8,18,2,0,0,0,4,22,25,1,0,0,0,15,4,0,0,0,2,0,0,0,0,0,8,0,1,4,7,0,0,0,0,0,0,5,2,9,41,5
,720,132,176,165,173,172,2971,1901,2257,2992,3070,3328,3523,3045,2921,3040,3039,2948,3154,0,843,661,451,308,392,302,399,169,170,28,60,57,43,6,24,10,0,6,1,5,9,9,0,3,5,0,8,3,2,2,33,0,0,4,1,3,0,3,0,0,0,0,0,1,0,2,0,0,0,0,0,3,0,0,0,2,0,0,0,0,12,1,0,2,12,3,0,0,2,0,0,0,1,4,11,0,0
,725,188,256,250,247,248,3515,2486,2914,3630,3619,3748,3957,3156,3539,3359,3266,3109,3474,0,687,562,360,238,315,234,317,130,158,23,49,69,33,1,17,13,0,3,0,2,8,7,0,0,26,1,7,0,27,0,7,0,0,1,0,38,0,6,0,0,0,0,0,4,0,10,1,0,0,0,4,6,1,0,0,1,0,0,0,0,0,7,0,2,5,4,30,0,0,3,0,0,0,2,3,0,0
,730,278,368,353,365,362,4045,3185,3661,4227,4198,4039,4073,3120,3998,3549,3436,3252,3688,0,582,452,294,191,254,185,246,104,101,17,44,36,31,0,18,13,0,3,0,2,4,9,0,4,6,2,9,2,0,21,8,0,0,1,4,0,0,7,0,2,0,0,39,3,0,0,0,0,0,0,0,19,4,0,0,1,1,0,0,2,0,3,0,2,3,3,0,7,2,0,2,0,0,3,8,4,0
,735,422,554,538,555,548,4468,3961,4438,4684,4622,4264,4149,2985,4409,3523,3392,3180,3704,0,474,375,229,156,202,154,196,78,75,15,34,32,20,0,15,10,0,4,0,0,6,7,0,0,4,5,8,0,4,0,9,0,0,0,3,0,23,7,0,0,0,0,0,2,0,9,0,0,0,1,7,3,1,0,4,2,0,0,0,0,0,5,0,6,6,4,0,0,9,0,4,0,1,20,4,0,4
,740,676,886,843,864,870,4386,4522,4867,4745,4619,3912,3701,2508,4280,3244,2993,2790,3418,0,352,268,163,101,134,96,140,49,53,10,27,20,17,0,8,15,0,7,6,0,9,9,0,0,44,0,11,0,2,0,3,0,0,0,0,18,0,7,0,0,0,0,0,2,0,8,0,0,0,0,0,5,2,0,0,2,0,0,0,0,4,2,9,1,5,7,0,6,3,0,0,0,59,3,11,1,0
,745,968,1236,1181,1221,1199,4156,4797,4898,4522,4390,3529,3276,2120,4030,2845,2627,2428,3037,2,262,206,127,86,97,79,104,39,37,0,26,21,11,0,5,19,0,7,16,1,11,5,0,0,12,0,9,42,10,0,2,0,1,0,4,8,0,12,0,0,0,0,2,2,0,0,3,0,53,0,4,3,0,0,0,3,0,0,0,0,0,0,0,0,3,6,0,8,0,0,6,0,0,32,17,0,9
,750,1331,1683,1627,1659,1632,3766,4659,4724,4123,3922,3082,2756,1750,3603,2388,2236,2037,2563,0,194,156,90,61,71,54,73,30,32,0,12,16,11,0,7,21,0,9,0,6,12,18,0,0,4,0,11,0,0,0,6,0,0,8,0,0,0,9,0,6,0,0,7,0,0,17,1,0,0,0,5,2,10,0,0,2,0,0,0,0,0,77,0,1,9,7,0,0,17,0,0,0,34,0,1,0,0
,755,1819,2301,2184,2210,2181,3119,4186,4155,3376,3187,2438,2179,1286,2971,1865,1705,1529,1955,0,138,113,60,58,48,40,61,21,19,0,49,8,1,0,2,19,0,4,0,0,59,4,0,0,4,0,1,0,0,0,9,0,0,1,16,74,0,7,0,4,0,0,0,0,45,2,0,5,0,0,81,6,4,0,0,2,0,0,0,0,0,6,0,0,1,0,0,0,7,0,2,0,0,33,11,0,9
,760,2474,3000,2864,2929,2933,2535,3713,3541,2835,2578,1874,1627,976,2400,1436,1301,1187,1540,0,87,79,45,29,32,35,39,4,17,0,10,11,6,0,8,30,0,34,1,48,0,66,0,0,3,0,13,0,7,0,8,0,0,7,45,8,0,18,0,1,0,0,14,9,0,65,3,0,0,0,9,7,11,0,1,5,0,0,0,0,2,8,0,1,7,11,0,67,11,0,7,0,24,13,22,0,0
,765,3077,3715,3534,3594,3540,1849,2984,2796,2082,1905,1354,1194,675,1788,1057,909,862,1080,0,68,59,29,27,22,17,23,7,4,0,0,7,0,9,6,27,0,9,0,0,25,3,0,0,8,2,21,0,0,0,7,0,0,0,0,10,0,14,0,0,0,0,0,7,0,7,0,0,0,18,12,49,6,0,0,11,0,0,0,0,0,11,0,0,2,8,0,0,6,0,1,0,0,8,20,0,0
,770,3542,4271,3989,4099,3982,1445,2423,2203,1583,1493,1042,883,503,1350,800,673,606,826,0,47,41,21,12,13,16,20,6,0,0,8,5,0,0,10,41,0,5,0,0,14,72,17,0,23,0,13,0,0,0,0,0,0,4,67,8,0,10,0,0,0,0,0,6,0,8,0,0,1,0,19,3,20,0,0,4,0,0,0,0,0,7,0,2,4,2,0,0,0,0,0,0,15,1,148,0,3
,775,3864,4547,4273,4388,4307,1095,1952,1792,1263,1173,798,652,390,1045,613,526,455,623,0,34,32,16,19,21,15,9,7,0,0,4,6,10,0,6,37,0,12,0,0,13,10,5,17,12,0,22,0,3,0,9,0,0,0,18,14,0,23,0,0,0,0,11,7,0,0,1,0,0,20,3,14,2,0,0,6,0,0,0,0,44,0,57,12,14,15,0,0,0,0,11,0,3,14,43,0,0
,780,3985,4558,4291,4441,4311,774,1405,1260,862,830,550,480,255,738,428,354,309,449,0,29,26,7,10,0,13,8,0,0,0,1,0,1,0,0,8,0,5,0,0,17,0,0,0,11,0,13,0,0,60,13,0,0,2,3,1,0,84,0,0,0,0,0,1,0,24,0,0,0,0,34,1,8,0,0,7,4,0,0,0,0,4,0,8,13,3,0,0,4,0,1,0,3,51,33,0,8
,785,3901,4290,4016,4135,3986,552,1051,927,620,600,393,337,177,526,294,265,225,329,92,13,20,6,6,0,10,8,0,0,0,0,0,1,0,5,31,0,12,0,0,18,16,0,0,7,0,12,0,6,0,0,0,0,0,0,8,0,20,0,0,0,0,119,2,0,33,1,3,0,0,0,83,5,0,0,6,0,0,0,0,0,0,0,9,6,13,9,0,5,0,7,0,12,10,44,0,21
,790,3618,3837,3630,3662,3562,388,769,644,482,422,271,237,113,385,203,186,154,224,0,9,10,0,47,0,10,3,0,25,0,0,4,0,0,7,51,0,10,6,1,17,23,0,7,0,0,10,0,4,0,11,76,0,0,0,25,0,25,0,0,0,0,11,2,0,0,2,0,0,34,22,3,0,0,0,9,5,0,0,0,0,38,0,0,12,12,0,118,3,0,0,0,0,13,35,0,0
,795,3406,3415,3113,3176,3163,276,565,490,324,310,212,179,100,305,164,144,121,165,0,4,19,0,2,0,15,10,0,0,0,17,0,5,0,17,55,0,7,0,0,27,36,0,0,16,0,34,0,11,0,22,0,2,0,22,37,0,22,120,0,0,0,0,11,9,0,7,0,0,0,16,11,2,0,0,9,0,0,0,0,0,15,1,3,12,25,0,0,11,0,3,0,4,22,15,28,0
,800,2953,2745,2530,2642,2544,215,393,352,250,224,163,134,62,221,117,94,84,122,0,9,14,0,3,0,0,0,0,0,0,12,0,1,0,1,24,0,13,0,0,14,11,0,0,12,0,12,61,0,70,0,0,0,0,43,2,0,32,0,0,0,0,1,3,0,13,2,0,0,0,22,19,0,0,0,7,8,0,0,0,0,16,0,1,16,9,0,149,18,0,67,0,9,5,31,0,0
,805,2347,1995,1863,1945,1863,120,258,242,166,150,110,89,27,141,71,83,44,70,0,0,6,0,3,0,3,1,61,0,0,0,2,0,0,0,43,0,10,0,0,15,25,0,0,0,0,29,0,0,0,50,0,6,6,4,6,0,6,0,0,0,0,0,0,0,0,5,131,0,0,0,26,0,0,0,8,0,0,0,0,0,22,0,14,30,12,0,0,12,0,3,0,0,16,7,0,0
,810,1957,1562,1422,1485,1443,96,190,162,117,125,86,73,76,104,47,66,35,57,0,0,15,13,0,0,0,0,0,0,0,2,0,0,0,1,69,0,23,1,0,20,6,0,3,17,0,32,0,2,0,16,0,0,87,0,21,0,25,0,0,0,0,0,23,0,20,14,0,0,0,0,20,17,0,0,12,0,0,0,0,0,24,0,18,14,7,177,7,13,0,7,0,0,22,82,0,0
,815,1553,1228,1126,1151,1110,81,138,135,83,115,101,53,17,91,47,51,23,53,0,0,7,0,39,0,0,56,0,0,0,16,0,0,0,0,63,0,21,0,110,29,29,0,11,23,0,50,0,2,0,59,0,0,0,4,17,0,13,0,167,147,0,59,22,0,6,2,0,0,0,11,24,0,0,0,9,0,0,0,0,1,26,0,0,18,0,0,0,8,0,18,0,0,112,52,12,0
,820,1157,898,827,814,832,38,113,94,64,68,47,84,0,57,25,41,20,50,0,0,9,0,0,0,0,0,0,0,0,0,6,0,0,23,58,0,17,0,0,7,39,0,0,26,0,31,0,30,0,9,0,0,0,0,227,0,50,0,0,0,0,7,12,0,0,7,0,0,0,0,24,21,0,0,10,0,3,0,11,0,2,0,14,34,50,0,0,4,0,6,0,0,10,30,247,0
,825,867,640,579,632,581,38,87,78,44,52,70,30,0,66,26,46,15,66,0,0,16,0,0,0,0,0,0,0,0,0,0,0,0,189,87,0,27,7,0,39,15,0,0,20,0,15,0,19,0,30,0,0,0,13,38,0,37,0,0,175,0,0,44,0,0,0,0,0,7,60,18,15,0,62,27,0,0,0,0,0,19,0,0,21,29,0,0,7,0,5,0,78,0,54,0,28
,830,636,459,410,426,419,97,61,51,24,33,43,15,66,65,18,31,0,28,0,0,14,0,0,0,0,7,0,0,0,132,9,17,0,0,82,0,20,16,0,64,66,0,0,39,0,0,0,11,0,0,0,0,0,0,0,0,46,0,3,0,0,69,23,160,0,0,0,0,0,116,72,25,0,0,14,0,0,0,0,0,45,13,7,4,0,0,0,21,0,25,0,0,58,47,9,0
,835,512,361,330,341,321,0,46,35,5,65,27,41,0,58,31,47,0,26,0,0,8,0,5,0,0,0,118,0,0,0,13,0,0,33,51,0,47,13,14,69,35,0,347,63,11,101,0,25,0,74,0,0,286,0,64,0,50,0,0,0,0,0,9,7,0,16,0,0,0,0,51,26,0,0,12,0,0,0,0,0,47,0,16,57,57,0,6,187,0,157,0,137,39,92,0,0
,840,407,295,270,228,253,0,48,0,43,67,0,48,0,82,16,90,0,0,0,0,7,0,17,69,4,0,0,0,0,18,354,0,423,0,246,0,68,0,7,99,51,0,0,0,0,67,288,50,0,107,0,319,13,0,0,0,111,0,58,0,0,0,77,0,0,166,0,0,0,0,103,127,0,0,22,0,0,0,43,0,89,0,85,88,0,0,0,17,0,0,0,18,32,6,423,0
,845,267,206,162,143,127,0,208,83,64,54,75,9,0,74,0,104,0,0,0,0,19,0,0,0,0,0,0,0,0,0,63,0,0,6,390,0,100,140,0,0,0,0,38,212,4,215,0,225,0,70,0,1,0,53,237,0,104,0,0,0,189,61,179,0,0,9,0,0,0,34,138,19,0,0,44,57,0,0,0,0,45,0,53,28,176,0,182,20,0,91,0,0,80,82,0,0
,850,167,168,146,83,106,0,41,0,69,131,12,118,0,160,0,154,0,57,0,0,0,0,76,449,0,0,5,0,0,0,0,0,0,0,625,0,704,0,0,235,285,486,0,141,44,0,0,250,0,74,0,0,0,0,209,0,223,0,0,0,0,55,35,0,106,25,0,0,0,5,16,0,0,0,109,0,0,0,0,0,128,0,205,209,105,0,0,87,193,0,0,174,174,196,0,2338
,,,,,,,,,,,,,,,,,,,,,,,,,,,,,,,,,,,,,,,,,,,,,,,,,,,,,,,,,,,,,,,,,,,,,,,,,,,,,,,,,,,,,,,,,,,,,,,,,
Read 31:EM Spectrum,,,,,,,,,,,,,,,,,,,,,,,,,,,,,,,,,,,,,,,,,,,,,,,,,,,,,,,,,,,,,,,,,,,,,,,,,,,,,,,,,,,,,,,,,,,,,,,,,
,,,,,,,,,,,,,,,,,,,,,,,,,,,,,,,,,,,,,,,,,,,,,,,,,,,,,,,,,,,,,,,,,,,,,,,,,,,,,,,,,,,,,,,,,,,,,,,,,
,Wavelength,A1,A2,A3,A4,A5,A6,A7,A8,A9,A10,A11,A12,B1,B2,B3,B4,B5,B6,B7,B8,B9,B10,B11,B12,C1,C2,C3,C4,C5,C6,C7,C8,C9,C10,C11,C12,D1,D2,D3,D4,D5,D6,D7,D8,D9,D10,D11,D12,E1,E2,E3,E4,E5,E6,E7,E8,E9,E10,E11,E12,F1,F2,F3,F4,F5,F6,F7,F8,F9,F10,F11,F12,G1,G2,G3,G4,G5,G6,G7,G8,G9,G10,G11,G12,H1,H2,H3,H4,H5,H6,H7,H8,H9,H10,H11,H12
,500,1,1,1,1,1,2,3,2,2,2,4,3,2,1,2,2,3,4,61,4,3,4,6,7,7,3,8,8,10,9,11,12,16,12,17,16,10,10,15,10,9,11,5,9,10,10,7,10,7,10,10,16,7,15,11,2,17,10,14,10,7,2,15,6,6,9,4,18,11,12,6,9,12,11,11,1,2,4,15,12,11,9,14,8,16,7,4,2,4,9,71,64,8,13,64,61
,505,1,1,1,1,1,3,3,2,2,3,2,4,2,1,2,2,2,4,121,2,4,3,4,7,6,4,5,8,13,10,15,11,10,14,12,12,13,9,10,10,12,13,7,14,10,9,7,13,10,9,15,7,9,11,16,3,10,7,9,10,10,1,13,10,7,14,3,16,13,13,9,12,13,18,18,1,3,3,15,13,16,9,13,8,9,4,4,2,7,6,175,148,5,21,131,140
,510,1,1,1,1,1,2,3,2,2,2,3,3,3,1,2,3,2,3,244,2,3,3,5,5,5,4,6,10,14,14,10,14,14,13,10,15,14,8,11,9,12,9,7,12,10,9,10,10,6,14,10,7,5,10,10,2,14,10,9,9,7,1,14,7,6,8,5,11,14,9,5,8,18,18,17,1,2,3,14,12,17,12,14,8,9,4,3,2,7,7,365,312,5,22,311,300
,515,1,1,1,1,1,2,2,2,2,2,3,2,2,1,2,4,3,3,613,4,2,3,4,6,6,4,4,10,11,11,11,10,13,18,13,11,7,9,14,9,7,13,7,9,6,12,7,14,9,10,15,12,9,16,9,2,9,12,13,13,9,2,9,9,5,13,3,9,14,13,10,9,13,16,10,1,2,3,15,12,12,17,10,10,11,8,2,4,5,10,982,847,10,28,765,730
,520,0,1,1,1,1,3,2,2,2,1,2,2,2,2,3,3,2,2,1363,2,5,3,5,5,4,2,6,6,11,14,10,9,9,13,14,11,10,7,12,13,6,13,7,12,9,12,9,14,10,11,9,12,8,14,14,2,14,11,8,13,9,1,7,6,6,13,6,7,13,20,8,8,18,16,10,1,2,3,19,10,11,10,11,20,12,6,3,5,8,10,2088,1803,6,48,1648,1664
,525,0,1,1,1,1,1,3,1,1,2,2,3,3,1,3,3,3,2,2385,2,3,2,5,8,4,2,5,9,7,7,11,7,12,9,13,13,6,7,14,8,7,6,4,12,9,12,5,13,5,13,11,7,4,10,10,2,13,7,15,8,9,1,10,10,4,4,3,12,7,14,5,13,15,8,7,1,2,3,12,12,22,18,15,23,17,9,4,5,9,10,3739,3136,11,91,2915,2971
,530,0,0,0,1,1,2,2,2,1,2,2,2,1,1,2,3,3,3,4394,3,2,2,5,6,3,3,5,6,10,6,8,11,8,6,10,12,7,6,12,7,5,7,5,7,8,17,8,12,6,14,8,5,7,7,9,3,8,11,16,13,5,2,6,8,7,4,4,13,21,14,8,14,11,16,8,1,2,4,21,8,25,32,22,36,40,13,10,10,17,24,6985,6049,15,162,5426,5198
,535,0,0,0,1,1,2,1,1,1,2,2,1,2,0,1,1,3,3,6347,2,2,3,3,5,4,1,2,8,6,6,6,10,13,8,6,9,12,9,6,7,9,10,6,10,9,11,6,8,6,8,13,5,5,13,7,2,8,8,8,13,9,2,8,6,5,5,4,13,16,23,6,18,21,13,15,1,2,4,15,11,47,65,47,60,59,27,14,16,30,33,10202,8593,30,282,7690,7731
,540,1,1,1,1,1,1,2,2,2,2,2,1,1,0,1,1,2,3,7577,1,2,3,3,5,4,3,4,7,9,5,6,6,12,6,12,9,11,12,13,11,7,11,4,11,10,12,10,10,8,7,8,6,5,12,18,2,10,13,13,19,11,1,9,7,4,6,3,9,14,20,11,14,27,23,16,1,3,5,21,12,72,97,78,102,102,44,25,25,43,51,11553,9955,43,401,8918,8865
,545,1,0,0,1,0,2,1,3,1,1,3,1,2,1,1,3,2,1,7648,3,3,1,3,3,5,2,4,7,5,5,10,9,8,5,11,14,10,11,8,7,6,12,4,10,11,14,9,20,14,22,13,15,10,15,12,3,26,15,25,35,14,2,18,10,5,10,4,18,13,35,14,33,29,35,20,2,3,5,24,18,96,146,107,149,138,58,32,38,57,67,11750,10079,64,459,8974,8866
,550,1,0,0,1,1,0,1,2,1,2,4,2,1,1,2,1,1,2,6765,2,1,0,4,4,1,2,2,4,8,7,9,6,8,6,17,21,9,13,17,11,11,12,6,14,11,15,15,21,21,16,20,25,14,26,22,5,30,28,35,50,21,3,27,22,8,18,7,26,29,44,18,41,49,45,36,2,5,5,40,18,134,185,142,192,162,79,42,44,70,84,10601,9123,73,484,7925,8171
,555,0,0,0,0,1,1,1,1,1,1,1,1,1,0,1,1,1,2,5309,2,1,4,3,4,3,2,3,4,7,5,7,12,12,9,22,26,20,22,18,19,21,23,11,27,20,29,20,37,33,30,43,39,21,48,47,10,60,45,60,76,36,5,41,36,14,32,11,42,45,75,34,76,62,48,47,3,5,7,43,22,173,203,171,208,178,88,43,46,72,91,7947,6916,81,425,6443,6078
,560,0,0,0,1,1,1,1,1,1,0,1,1,2,0,1,1,3,2,3372,1,3,1,3,3,5,1,2,4,8,10,8,9,20,12,38,45,34,30,30,31,36,33,18,47,30,44,35,51,57,58,75,68,42,81,79,17,101,71,106,120,48,9,68,59,26,54,17,70,72,111,55,101,78,55,73,3,5,8,47,20,181,192,155,210,164,88,40,43,68,85,5565,4692,81,353,4146,4172
,565,0,0,1,0,1,1,1,1,1,1,1,1,1,0,1,1,1,2,2340,3,1,1,3,3,2,1,2,5,14,9,10,11,26,22,56,70,49,47,43,45,53,50,24,57,39,55,42,67,77,85,100,96,56,113,106,24,133,92,125,140,67,13,94,81,38,84,24,93,102,125,67,124,77,56,90,3,6,6,40,20,182,173,147,180,152,76,38,37,59,73,3811,3264,67,263,2952,2972
,570,0,0,0,0,1,2,1,1,1,2,1,1,1,0,1,1,1,2,1544,1,1,1,3,2,2,0,2,6,22,11,15,15,47,34,81,112,83,70,65,65,75,70,34,75,50,70,52,79,102,117,147,132,81,145,146,32,161,123,151,178,82,16,118,106,49,125,32,120,126,150,79,134,69,48,104,3,5,6,35,19,164,138,123,143,120,62,31,32,44,63,2493,2143,56,191,1960,1915
,575,0,0,1,0,1,1,1,1,0,0,1,1,1,0,1,2,3,2,850,1,1,0,3,2,2,1,2,6,40,19,25,31,77,58,121,165,121,107,100,96,95,95,45,96,62,82,62,104,123,164,189,179,111,199,187,41,193,149,181,183,98,20,149,135,63,146,40,154,153,150,84,133,56,36,110,2,4,5,25,15,136,101,89,109,84,48,23,21,33,43,1444,1261,39,128,1104,1134
,580,0,0,0,0,0,1,1,1,1,0,2,1,1,0,1,1,3,1,487,0,1,1,2,3,2,0,2,10,72,36,42,52,126,100,178,236,171,154,140,139,119,126,57,117,77,100,80,121,149,218,234,225,134,240,218,48,219,153,194,196,112,23,169,146,71,171,43,163,155,139,77,124,44,29,106,2,3,4,20,11,96,63,65,71,56,32,14,14,21,28,812,701,27,79,653,628
,585,0,0,0,0,0,1,1,2,0,0,1,1,3,0,3,1,1,1,272,0,1,1,2,3,2,0,2,16,128,64,78,96,189,163,254,359,246,226,196,199,146,154,69,147,94,119,96,149,167,267,268,268,155,262,247,53,221,163,209,209,115,24,181,157,75,174,45,150,138,119,65,93,40,21,87,1,2,3,17,11,64,42,52,54,37,22,10,10,15,21,461,408,20,49,342,352
,590,0,0,0,0,0,0,0,0,1,0,1,1,1,0,1,1,1,2,185,1,2,0,3,3,3,2,2,25,188,97,124,148,265,238,340,466,322,292,248,251,179,200,83,160,113,137,115,177,167,285,284,296,164,267,247,55,220,169,207,201,119,25,179,163,76,164,39,135,117,97,50,79,23,14,69,1,2,3,13,6,49,32,32,34,28,16,7,7,10,16,294,242,14,32,230,223
,595,0,1,0,0,0,0,1,2,0,0,1,1,1,0,1,1,1,1,113,1,1,1,3,4,6,0,3,45,271,159,193,218,362,342,442,572,434,366,307,306,231,238,95,198,129,162,139,212,163,323,284,296,158,257,243,52,215,170,203,203,118,24,172,152,68,141,34,111,91,77,39,57,17,10,57,1,2,2,8,7,35,22,24,25,17,13,6,5,8,13,183,160,16,26,138,145
,600,0,0,0,0,0,0,0,0,0,0,1,1,1,0,1,1,1,1,67,1,1,0,4,5,6,0,5,78,421,262,300,346,513,516,549,703,516,466,406,385,267,305,120,246,159,197,166,247,152,327,283,298,162,246,219,49,203,160,204,192,108,20,149,130,52,112,26,81,66,51,26,36,12,7,36,1,1,2,8,5,24,18,16,14,14,9,4,3,5,8,114,97,8,25,85,87
,605,0,0,0,0,0,1,0,1,0,0,1,0,1,0,1,1,1,1,44,0,3,1,4,10,11,0,11,143,613,410,468,521,711,747,618,799,613,550,501,484,326,372,150,286,194,233,198,277,137,312,260,274,152,224,208,45,177,153,173,187,99,15,115,91,37,81,18,58,47,39,17,27,8,17,28,1,2,1,4,4,20,8,13,10,10,6,3,3,5,7,62,60,7,12,52,53
,610,0,0,0,0,0,1,0,0,1,0,1,1,1,0,1,1,0,1,33,1,1,2,8,15,17,0,14,222,846,584,665,730,886,973,639,798,655,596,542,540,371,413,171,323,209,252,211,290,130,314,240,268,142,201,193,40,157,143,155,167,87,12,89,67,28,57,14,41,35,26,13,19,7,4,21,1,1,2,4,2,15,6,11,7,6,4,2,2,4,6,43,41,11,11,34,37
,615,0,0,0,0,0,0,1,1,1,0,1,0,1,0,1,1,1,2,22,0,2,4,10,23,25,1,20,339,1074,813,894,975,1055,1226,654,762,665,622,557,568,416,456,193,355,220,277,225,293,118,319,228,256,138,182,179,36,138,125,130,150,75,9,64,58,22,43,11,33,26,19,10,16,4,3,14,0,1,1,1,4,22,1,8,5,6,5,2,2,4,7,36,30,5,7,22,23
,620,0,1,0,0,0,1,0,2,0,0,1,1,1,0,1,1,1,1,18,1,2,6,16,41,43,3,35,522,1389,1136,1237,1306,1216,1483,590,654,613,572,544,562,437,469,205,370,221,265,208,276,99,319,212,243,117,160,150,29,108,97,92,113,56,7,46,37,14,29,9,23,18,14,7,12,6,0,11,0,1,2,4,2,6,1,6,3,16,4,2,1,3,5,18,20,10,5,13,18
,625,0,0,0,0,0,1,1,1,1,1,1,2,2,0,5,1,2,2,13,3,3,12,28,71,77,5,61,783,1732,1516,1611,1650,1253,1683,488,507,527,505,501,511,413,425,205,354,202,228,183,215,84,294,185,214,103,130,120,24,80,67,71,82,40,5,31,24,9,30,7,29,14,21,4,5,4,2,9,0,2,1,0,3,7,3,6,6,0,3,1,1,2,5,17,15,3,7,7,14
,630,0,0,0,0,0,1,1,1,1,1,2,3,3,0,3,3,2,2,27,4,6,20,44,118,121,10,100,1118,1973,1938,1979,2012,1192,1733,384,368,390,391,415,432,352,364,187,309,165,195,157,172,61,278,158,182,84,106,90,18,55,49,46,57,31,3,20,18,8,24,5,8,11,10,4,4,0,0,7,0,1,0,0,1,9,0,5,1,2,4,1,1,2,5,11,12,4,5,3,11
,635,0,1,0,0,0,2,1,1,3,2,3,6,4,0,3,4,3,3,14,6,9,30,62,174,175,16,146,1437,2086,2210,2237,2204,1070,1676,301,281,312,321,350,355,310,310,165,260,143,155,132,141,51,239,142,153,69,86,67,13,44,38,35,44,29,3,19,13,7,12,4,9,9,7,4,1,17,2,3,0,2,1,2,1,7,2,4,2,0,3,1,1,2,3,8,12,4,3,21,26
,640,0,0,0,1,0,2,2,4,3,6,4,5,5,1,5,6,4,5,12,10,14,46,101,255,259,26,215,1843,2104,2387,2393,2296,910,1506,221,211,238,229,258,280,245,239,131,207,109,124,93,105,36,196,102,119,54,67,51,9,32,28,25,31,19,2,12,9,4,5,3,9,4,5,2,1,0,14,19,0,1,1,0,1,6,0,4,0,0,3,0,1,1,3,4,9,3,3,0,7
,645,0,0,0,0,0,5,2,5,8,4,7,7,9,2,7,9,11,8,9,17,25,74,152,357,362,44,310,2233,1969,2447,2424,2171,719,1312,167,144,172,165,187,203,187,174,97,150,79,90,69,73,29,149,79,105,41,43,36,6,26,25,24,20,15,1,10,6,3,5,4,8,5,5,0,2,1,0,4,0,1,1,0,2,20,0,4,0,0,1,0,1,2,14,7,8,2,2,4,9
,650,1,2,0,1,1,11,4,5,9,8,12,14,15,6,11,13,13,10,10,28,42,107,227,513,532,75,446,2530,1654,2357,2178,1981,526,1034,111,99,117,118,132,133,123,125,67,97,56,68,50,53,23,112,56,64,30,31,29,5,15,16,12,17,11,1,6,1,3,1,3,20,4,1,1,0,0,0,5,0,1,1,0,4,21,0,1,0,0,2,0,1,2,3,4,9,4,3,0,3
,655,0,1,1,0,2,12,6,8,13,12,17,21,25,10,18,19,18,20,6,47,67,159,316,685,679,114,600,2696,1414,2143,1930,1711,410,806,75,70,81,85,96,97,92,88,51,83,38,49,37,35,17,76,40,45,29,27,24,3,13,15,8,13,11,1,4,5,1,0,3,4,6,0,0,11,0,17,5,0,1,1,0,4,3,0,6,0,0,2,0,0,0,1,7,3,4,2,0,6
,660,1,1,1,1,1,19,10,12,18,20,28,33,39,17,28,31,31,28,10,72,100,217,411,831,845,177,755,2658,1176,1862,1651,1432,306,611,59,54,63,61,72,79,67,62,38,50,30,35,31,27,14,60,32,38,17,19,10,3,16,13,5,9,5,1,3,2,1,0,3,0,1,2,0,0,0,0,4,0,1,1,0,3,22,0,2,0,18,1,0,0,1,3,9,6,2,4,0,5
,665,1,1,1,1,1,30,16,19,30,32,40,52,64,30,45,48,47,44,9,122,155,296,559,1033,1049,246,939,2467,894,1494,1322,1131,222,463,44,46,45,52,59,54,45,50,28,36,23,39,23,21,13,44,27,24,12,12,6,2,7,10,4,5,6,1,24,2,2,0,2,4,2,1,0,0,0,16,2,0,1,1,0,5,5,0,5,13,0,0,0,0,2,3,4,8,1,3,0,5
,670,1,2,2,2,3,54,28,35,49,56,74,90,110,51,79,82,91,78,9,201,259,413,731,1280,1265,384,1078,2108,635,1104,963,796,158,311,32,28,30,30,31,38,30,31,16,23,20,17,16,15,10,32,15,21,9,21,9,1,6,10,4,0,6,1,2,0,1,0,3,2,2,2,0,14,21,0,24,0,1,1,0,0,0,0,2,16,0,3,0,0,0,2,6,6,2,0,0,5
,675,2,4,3,3,4,86,43,53,84,88,112,145,167,83,127,131,132,123,11,320,371,544,907,1422,1373,494,1175,1806,475,841,697,584,109,242,27,23,20,23,29,32,25,25,10,29,12,14,12,13,9,21,14,9,6,6,6,2,0,22,0,3,8,0,0,0,2,0,2,5,0,0,0,0,0,0,3,0,1,1,0,2,2,0,5,0,0,1,0,0,1,4,4,6,4,27,0,4
,680,3,7,5,5,6,134,66,86,127,138,178,225,267,131,189,206,211,191,5,465,520,661,1057,1510,1414,606,1180,1460,331,612,538,432,83,187,16,22,17,18,27,23,31,14,8,11,11,13,8,11,9,21,11,4,5,3,20,0,3,6,3,1,7,0,0,0,0,0,2,1,0,0,0,0,0,0,1,0,1,1,0,1,23,0,0,0,0,2,0,0,1,3,5,9,0,1,21,0
,685,5,8,8,8,8,211,107,134,204,223,279,353,417,208,307,325,323,298,16,646,671,788,1164,1488,1368,718,1146,1128,231,463,383,316,66,118,33,12,14,14,19,17,10,19,6,10,11,11,9,12,24,9,5,2,3,4,2,1,5,7,4,1,6,0,2,0,2,0,3,0,1,0,0,0,21,0,8,0,5,1,0,0,3,0,0,0,0,2,4,3,0,0,5,5,3,1,0,3
,690,10,13,13,13,15,326,168,205,322,348,430,549,646,320,493,511,515,466,10,892,824,875,1200,1443,1267,792,1026,879,176,333,272,232,49,89,12,14,7,12,16,11,8,8,3,6,10,9,14,5,6,12,0,3,5,5,0,0,8,4,0,0,19,0,0,0,0,0,2,7,28,0,0,0,0,0,1,0,1,1,0,0,35,0,0,0,3,0,0,0,1,5,0,8,5,0,0,37
,695,15,21,21,22,22,552,283,351,528,580,732,908,1033,545,774,836,848,764,29,1115,924,890,1134,1315,1142,801,941,640,117,217,192,163,39,67,6,6,6,4,16,8,1,5,0,4,8,11,8,3,10,14,6,0,4,1,0,2,0,2,0,0,9,0,0,0,0,0,3,0,0,0,0,0,0,0,1,0,2,1,0,2,0,31,7,0,0,1,0,0,1,2,7,7,1,7,0,2
,700,25,33,33,34,35,869,453,550,823,885,1133,1411,1570,859,1183,1251,1261,1151,10,1244,987,880,1054,1134,957,763,777,471,89,165,139,140,37,43,30,4,2,4,13,6,0,3,0,0,7,6,6,3,4,0,0,0,0,0,0,0,0,4,0,0,10,3,4,0,0,0,2,0,0,24,0,0,0,0,2,0,2,2,0,4,0,24,35,0,0,1,0,0,1,4,5,5,2,3,0,6
,705,37,54,53,50,52,1290,656,826,1216,1334,1631,1966,2104,1269,1717,1800,1772,1677,19,1306,956,801,944,1000,809,682,644,337,67,129,113,89,29,35,6,9,11,3,12,8,0,0,0,5,11,8,6,5,10,7,5,0,0,2,0,0,1,4,0,1,7,0,0,19,15,0,4,0,0,0,0,0,0,0,0,1,3,2,26,7,34,0,5,0,0,0,0,2,1,2,10,7,6,0,0,9
,710,53,75,73,76,77,1834,981,1206,1720,1879,2249,2627,2645,1784,2253,2318,2346,2270,18,1200,852,690,817,786,634,573,498,255,46,82,75,67,18,29,4,9,1,3,9,9,1,2,0,9,6,9,7,6,2,4,0,0,0,0,0,5,3,6,0,0,4,0,1,0,0,0,5,0,0,0,0,0,0,18,3,0,2,1,21,0,0,0,0,0,0,1,1,0,1,2,2,2,5,4,0,0
,715,87,118,114,121,120,2527,1507,1807,2447,2623,2946,3366,3050,2493,2902,2914,2846,2917,12,1011,690,516,595,560,445,428,358,168,30,60,60,43,13,21,30,8,0,1,11,10,0,0,0,0,20,7,0,4,8,0,0,0,1,0,0,0,0,8,0,0,6,0,0,0,0,0,2,3,0,23,0,0,0,0,0,0,1,1,0,0,5,0,7,24,0,0,0,8,1,0,0,4,3,0,37,0
,720,124,180,174,173,178,3148,2022,2407,3165,3364,3520,3785,3252,3090,3351,3273,3191,3299,11,833,550,417,483,435,337,340,264,105,25,43,37,37,8,13,0,5,2,1,12,3,0,2,0,1,6,5,6,0,6,4,0,0,5,0,0,0,0,5,0,0,7,0,4,15,3,0,3,0,0,0,0,0,13,0,1,0,1,1,0,2,11,0,4,0,0,0,1,0,0,3,0,5,5,37,0,39
,725,176,252,247,250,257,3784,2692,3114,3771,3969,3957,4187,3318,3718,3579,3428,3366,3687,14,720,451,332,364,336,257,266,201,86,22,32,31,27,15,9,1,2,0,0,11,4,0,1,0,2,6,9,6,23,5,5,0,0,0,0,0,0,0,5,0,0,8,0,0,0,1,0,4,0,0,0,0,0,0,13,0,0,1,1,0,1,3,0,7,0,0,12,0,0,0,6,0,3,1,0,0,29
,730,262,375,353,372,375,4350,3389,3841,4433,4560,4300,4371,3289,4206,3783,3603,3497,3896,17,590,380,276,311,269,195,213,160,71,15,50,24,19,11,10,2,4,0,0,9,7,0,0,0,3,9,8,10,10,3,5,0,0,0,0,0,0,7,9,0,0,7,0,24,0,0,0,3,0,0,0,0,0,0,0,0,1,1,1,0,4,0,0,4,0,0,2,0,0,1,5,44,4,6,2,0,7
,735,397,563,539,554,567,4758,4238,4656,4837,4987,4450,4377,3060,4573,3860,3535,3431,3942,18,474,306,219,229,215,170,169,120,57,11,24,23,23,12,8,3,8,1,0,11,6,0,0,0,0,10,10,7,7,5,2,0,0,0,0,0,0,5,6,0,0,4,0,0,0,4,0,4,0,0,0,0,0,5,0,8,1,3,1,0,2,3,0,35,0,0,0,0,0,3,6,0,7,4,10,34,61
,740,632,886,855,882,903,4733,4841,5071,4993,4910,4161,3975,2647,4522,3402,3111,2944,3518,25,357,208,167,170,146,112,114,79,44,8,17,18,28,44,6,33,41,0,0,26,3,0,2,6,2,7,41,5,9,3,6,0,0,0,0,0,0,5,2,0,0,12,0,0,0,0,0,2,0,0,0,0,0,0,0,2,0,3,2,0,0,0,0,5,38,0,1,0,0,0,5,7,5,2,0,0,4
,745,901,1260,1190,1247,1263,4418,5066,5301,4729,4697,3774,3458,2268,4282,3006,2770,2633,3185,18,267,163,113,136,116,86,83,71,40,2,15,13,24,1,9,0,7,16,0,55,10,28,0,0,1,12,12,6,2,6,11,15,0,0,2,0,0,5,11,2,7,11,0,0,0,2,0,6,0,0,0,0,0,0,18,0,0,2,2,0,2,4,0,0,0,0,6,1,0,0,0,1,15,3,16,0,14
,750,1250,1724,1612,1707,1725,3996,5057,4992,4203,4220,3261,2988,1833,3796,2558,2327,2150,2711,25,212,118,76,100,87,59,57,50,27,0,5,5,11,7,0,0,2,0,0,9,9,0,0,0,0,9,19,13,4,9,0,0,0,6,0,0,0,5,9,0,0,4,0,0,0,0,0,8,0,0,0,0,0,0,0,3,1,2,3,0,3,6,0,11,0,0,0,0,0,2,0,0,7,10,1,57,21
,755,1732,2314,2206,2293,2285,3289,4535,4355,3554,3402,2569,2277,1356,3119,1976,1764,1656,2053,31,138,87,60,72,65,45,49,37,19,3,6,6,6,22,0,0,0,0,0,2,52,0,0,0,0,10,10,13,5,9,9,0,0,2,0,0,0,8,9,0,0,4,0,0,0,0,31,5,0,0,0,0,0,0,0,0,0,3,5,0,4,24,0,6,0,0,0,0,0,0,0,72,0,15,0,0,0
,760,2295,3060,2885,3020,3018,2634,3982,3713,2845,2714,1984,1749,1036,2539,1537,1350,1268,1596,33,111,62,37,55,52,31,42,24,31,5,3,29,12,19,3,8,6,6,0,31,18,0,1,0,4,14,22,7,3,23,3,0,0,2,0,0,0,0,0,0,0,57,0,0,0,34,0,6,3,0,28,0,0,0,0,4,1,3,5,0,7,10,0,9,0,78,1,0,0,3,10,24,19,16,4,0,20
,765,2956,3764,3606,3679,3703,1967,3185,2953,2113,2013,1453,1254,725,1868,1114,968,873,1155,26,65,45,24,39,31,22,19,18,14,14,51,3,6,26,5,2,72,0,0,15,3,40,43,0,0,47,21,16,5,58,0,0,0,9,0,0,0,0,5,0,0,20,0,2,0,0,0,7,0,0,0,10,0,0,0,6,0,4,16,0,0,0,0,4,0,0,4,0,0,10,5,0,15,6,0,0,3
,770,3400,4282,4052,4188,4182,1509,2580,2362,1678,1587,1132,929,547,1410,853,709,663,876,29,55,37,14,33,29,24,7,11,10,0,0,0,5,17,0,0,1,45,0,7,7,0,0,0,0,9,26,13,0,15,1,0,0,0,0,0,0,0,25,76,0,43,0,0,0,0,0,8,0,4,0,0,0,0,0,0,1,2,5,0,0,10,0,16,0,0,0,0,0,3,10,1,11,6,2,0,28
,775,3717,4595,4389,4524,4512,1195,2129,1867,1310,1232,823,706,408,1113,632,547,500,705,70,63,36,1,30,25,17,7,0,63,0,4,0,2,78,6,9,10,4,0,35,12,0,0,0,2,24,16,14,20,11,90,100,60,11,0,0,0,7,24,0,0,22,0,2,0,0,0,7,0,0,0,0,0,0,0,7,1,6,4,0,13,10,0,0,0,0,0,25,2,2,4,1,16,61,0,0,13
,780,3806,4653,4369,4529,4473,847,1481,1349,885,847,581,495,280,755,448,379,344,497,193,27,29,6,22,18,46,0,9,30,0,0,0,13,31,0,0,13,0,0,28,22,0,0,26,0,12,28,16,19,12,0,0,0,1,0,0,0,0,31,0,7,75,0,0,0,0,0,9,0,0,0,0,0,0,0,0,1,1,6,0,16,8,0,19,0,89,2,4,0,8,12,2,148,10,0,0,15
,785,3786,4358,4115,4272,4208,562,1074,989,640,586,422,352,205,560,306,264,255,322,63,22,18,0,22,11,8,0,1,16,0,0,4,2,28,0,0,14,0,0,10,10,59,0,0,0,13,102,17,8,5,0,0,0,1,0,0,0,11,9,0,0,3,0,0,0,0,0,5,0,0,0,0,0,0,0,0,1,4,7,0,14,0,0,0,0,0,0,0,0,63,20,31,0,15,7,0,90
,790,3596,3862,3642,3770,3709,409,782,714,472,448,310,256,160,400,222,193,179,244,13,33,17,0,27,2,18,0,12,30,0,0,0,5,13,0,0,124,0,5,2,0,0,0,0,34,11,24,24,22,19,0,0,0,7,0,0,29,2,18,101,105,26,0,0,0,0,0,11,0,0,0,0,0,0,0,42,1,4,10,0,0,0,0,0,0,0,6,0,0,0,23,20,0,16,3,0,0
,795,3366,3435,3223,3330,3318,314,613,544,345,320,217,188,118,314,168,154,137,182,82,6,10,0,21,21,6,0,4,11,0,0,0,9,28,0,112,17,0,0,32,20,0,15,0,0,94,33,42,0,13,2,117,0,0,0,0,0,0,25,0,0,25,0,0,0,0,0,9,0,17,0,0,0,30,0,7,8,5,0,0,18,61,0,7,0,0,4,26,0,16,8,2,41,3,0,0,0
,800,2980,2816,2643,2694,2697,225,455,383,237,224,164,142,84,196,122,115,92,134,57,6,9,0,26,1,2,0,4,13,81,9,0,0,22,0,0,0,0,0,35,37,0,0,0,0,13,19,21,25,27,0,0,0,0,0,0,0,0,0,0,0,25,0,0,0,0,0,4,10,0,0,0,0,0,0,0,2,9,5,0,7,16,0,8,0,0,3,0,0,22,0,12,13,15,0,0,62
,805,2436,2062,1899,1967,1950,168,274,231,162,152,102,93,67,122,91,77,67,137,0,7,8,0,17,15,9,0,31,11,0,0,0,103,7,0,4,20,0,0,41,20,0,0,0,0,36,15,37,0,16,0,0,0,0,0,0,0,33,16,0,0,25,0,0,0,5,0,9,0,0,0,0,0,0,0,17,2,0,9,0,0,0,0,20,0,0,23,0,0,0,21,0,26,31,203,0,17
,810,1969,1587,1466,1571,1499,103,200,214,117,105,82,76,45,105,82,51,63,77,73,0,12,0,34,19,0,0,0,8,0,0,3,17,32,0,0,49,0,0,49,14,0,0,0,0,37,48,23,23,11,0,0,0,0,0,0,0,0,28,0,130,32,0,0,0,0,0,21,0,0,0,0,0,0,0,0,12,2,7,0,2,0,0,31,0,0,8,0,3,4,17,15,16,22,0,0,18
,815,1588,1230,1126,1178,1169,77,143,132,88,78,57,58,38,57,63,45,44,69,74,0,15,0,20,19,0,0,9,33,0,0,94,0,35,0,0,1,0,0,12,0,0,128,0,0,8,60,5,169,12,3,0,0,0,156,0,0,3,26,0,0,25,0,144,0,0,0,20,12,0,0,74,0,0,0,25,0,10,5,0,0,49,0,0,0,0,1,0,40,0,15,9,30,18,11,0,6
,820,1192,918,845,876,864,56,100,94,66,47,45,35,15,52,48,38,24,58,99,11,9,0,26,15,10,0,10,27,0,10,0,22,31,0,1,0,0,0,78,0,124,143,0,0,33,40,47,9,0,9,0,0,8,0,0,0,0,30,0,0,26,0,21,128,0,0,17,0,0,0,0,0,0,0,65,0,6,11,0,0,0,0,32,0,0,0,0,0,18,9,0,27,20,13,198,7
,825,909,664,609,630,615,38,83,63,52,38,49,21,25,21,42,36,25,50,128,11,14,0,27,31,0,0,0,39,0,0,0,0,27,5,0,25,0,0,0,21,0,2,0,11,32,76,34,16,3,37,44,0,0,0,0,0,0,15,10,0,35,0,0,0,2,0,7,0,0,0,0,0,0,0,27,2,10,20,0,17,0,0,32,0,0,0,0,0,19,38,0,58,37,0,0,0
,830,658,451,425,443,451,38,51,45,37,86,36,17,23,0,40,38,20,50,137,6,7,0,40,18,6,0,0,33,0,20,0,0,28,0,104,93,14,0,71,0,0,50,0,0,62,12,58,14,93,0,0,0,18,0,0,0,0,19,0,0,140,0,0,189,0,0,16,13,0,0,0,0,11,0,35,5,6,18,0,0,0,0,75,0,0,15,10,0,16,0,0,41,36,0,0,10
,835,516,361,329,355,347,23,34,16,27,26,31,29,43,0,42,36,32,68,144,7,25,0,36,0,0,0,0,44,0,0,0,16,419,0,0,34,0,0,124,26,0,142,0,0,87,101,26,19,52,52,0,0,0,0,0,0,0,35,0,0,82,0,0,0,174,0,45,0,0,0,0,0,0,0,22,1,17,12,0,0,0,0,0,0,0,198,0,0,0,91,0,9,77,0,0,427
,840,414,282,254,277,278,12,0,42,0,0,48,50,45,1,32,57,26,58,229,165,41,0,73,29,0,0,5,0,0,0,0,0,137,0,0,93,0,0,154,126,0,0,0,0,127,0,121,70,142,0,0,0,0,0,0,0,0,132,0,0,119,0,0,0,0,0,70,0,0,0,0,0,2,0,0,6,10,12,0,43,29,0,114,0,0,11,0,195,0,0,78,0,44,0,672,0
,845,262,199,170,163,201,0,23,33,7,0,89,33,64,136,74,82,8,61,456,45,80,0,76,27,0,0,8,146,0,0,0,0,90,0,52,56,0,0,182,0,0,0,0,0,134,317,213,45,212,0,0,0,0,129,0,257,0,61,0,0,196,0,0,0,0,0,138,0,0,0,134,0,0,0,0,65,47,44,0,0,0,0,56,0,0,3,187,0,77,141,0,350,150,0,0,0
,850,205,138,130,122,162,0,0,0,41,0,97,0,143,0,98,54,36,155,766,8,84,0,153,62,14,0,0,313,0,0,0,122,436,0,0,94,0,0,261,108,0,0,394,0,345,163,331,0,263,0,0,0,280,0,0,0,0,211,0,0,130,187,0,0,0,0,166,0,0,0,0,0,0,0,36,20,27,57,0,0,0,0,225,0,0,0,0,0,193,164,529,0,172,0,0,182
,,,,,,,,,,,,,,,,,,,,,,,,,,,,,,,,,,,,,,,,,,,,,,,,,,,,,,,,,,,,,,,,,,,,,,,,,,,,,,,,,,,,,,,,,,,,,,,,,
Read 32:EM Spectrum,,,,,,,,,,,,,,,,,,,,,,,,,,,,,,,,,,,,,,,,,,,,,,,,,,,,,,,,,,,,,,,,,,,,,,,,,,,,,,,,,,,,,,,,,,,,,,,,,
,,,,,,,,,,,,,,,,,,,,,,,,,,,,,,,,,,,,,,,,,,,,,,,,,,,,,,,,,,,,,,,,,,,,,,,,,,,,,,,,,,,,,,,,,,,,,,,,,
,Wavelength,A1,A2,A3,A4,A5,A6,A7,A8,A9,A10,A11,A12,B1,B2,B3,B4,B5,B6,B7,B8,B9,B10,B11,B12,C1,C2,C3,C4,C5,C6,C7,C8,C9,C10,C11,C12,D1,D2,D3,D4,D5,D6,D7,D8,D9,D10,D11,D12,E1,E2,E3,E4,E5,E6,E7,E8,E9,E10,E11,E12,F1,F2,F3,F4,F5,F6,F7,F8,F9,F10,F11,F12,G1,G2,G3,G4,G5,G6,G7,G8,G9,G10,G11,G12,H1,H2,H3,H4,H5,H6,H7,H8,H9,H10,H11,H12
,500,1,1,1,1,1,2,2,2,2,3,2,2,1,3,3,3,2,2,54,4,5,5,4,8,7,4,5,8,12,14,15,11,12,12,12,15,17,10,9,10,9,4,14,11,11,8,11,15,15,2,9,16,17,13,12,10,8,6,9,16,9,4,15,14,14,16,5,14,12,16,11,4,5,3,5,5,1,3,1,2,2,10,10,11,4,11,18,13,11,17,83,62,12,16,63,66
,505,1,0,1,1,1,1,2,2,3,1,3,2,3,2,2,2,2,2,125,4,5,6,6,8,7,5,5,12,12,12,11,11,9,12,12,12,12,11,14,9,9,4,10,10,11,7,14,21,10,2,15,10,16,10,17,15,13,4,9,18,9,4,9,14,8,10,9,14,11,17,15,6,5,4,5,6,1,3,1,2,3,11,10,15,7,16,18,10,11,18,171,144,10,19,142,132
,510,1,1,1,1,1,2,1,2,3,1,3,2,2,3,2,3,2,3,259,3,3,4,4,5,7,4,6,11,12,16,10,13,10,11,12,17,11,9,13,10,9,3,9,8,14,6,15,10,10,1,9,14,15,14,21,12,9,4,6,15,19,8,14,10,14,11,9,15,11,16,17,5,4,3,8,8,1,4,1,2,2,10,9,17,5,16,18,7,18,11,360,332,16,21,279,284
,515,1,0,1,1,1,2,2,3,2,2,3,2,3,2,2,3,3,3,666,2,4,4,4,5,6,3,6,6,10,10,13,10,9,16,12,9,9,9,12,9,11,4,10,14,8,9,12,10,13,1,15,10,14,14,16,8,13,4,7,11,8,4,15,15,9,9,6,9,15,24,9,3,5,2,7,6,1,3,1,2,3,14,10,12,8,11,11,16,19,18,970,816,18,24,740,733
,520,1,1,1,1,1,1,1,2,1,1,3,3,1,2,3,3,4,2,1361,2,3,5,5,5,5,4,4,7,10,12,10,9,12,13,9,14,10,13,9,12,7,3,7,8,9,7,9,8,8,1,10,7,14,8,8,10,13,7,5,15,7,4,9,12,7,15,7,8,13,9,8,4,4,4,5,7,1,3,1,2,3,15,20,13,9,12,21,19,15,13,1981,1739,15,50,1553,1531
,525,0,0,1,1,1,1,4,2,2,1,3,2,1,2,2,3,2,2,2541,3,4,5,5,5,7,3,5,12,10,9,12,9,8,13,14,16,9,12,7,12,9,2,8,9,10,9,13,14,10,2,11,12,8,10,12,9,8,6,5,15,12,12,7,13,12,9,8,13,9,14,15,3,3,3,5,8,1,4,1,2,2,25,24,25,8,19,20,26,25,19,3777,3089,25,73,2893,2809
,530,0,0,0,1,0,1,2,2,1,2,4,1,2,2,2,1,3,2,4649,1,3,5,3,4,5,4,3,9,7,7,8,11,8,12,7,14,15,7,12,12,8,3,11,10,8,5,13,13,13,2,7,14,8,9,13,13,8,4,5,13,14,7,12,8,12,8,8,6,11,13,14,5,3,4,4,5,1,2,1,2,4,43,30,41,17,32,40,36,43,39,6824,5847,41,145,5267,5266
,535,1,1,1,1,1,0,1,2,1,1,3,2,1,2,2,2,2,2,6547,1,2,3,2,6,3,3,4,5,9,6,6,12,10,13,12,13,11,10,5,11,7,2,12,11,7,6,13,16,15,1,8,9,13,13,10,11,16,5,9,17,20,5,8,14,10,8,8,15,12,21,10,4,5,3,8,7,1,4,1,2,6,69,67,66,29,79,70,65,78,68,9844,8453,71,263,8012,7496
,540,0,0,0,1,0,1,1,2,1,1,2,2,1,3,1,1,2,1,7877,2,2,4,4,4,3,2,3,5,7,9,9,5,10,11,8,12,8,7,12,12,9,4,14,9,9,10,8,11,18,3,9,10,17,13,13,12,15,9,11,33,14,7,17,13,14,17,9,13,15,22,13,5,7,5,9,12,1,4,1,3,11,118,100,113,43,115,107,107,133,90,11527,9569,102,359,8832,8725
,545,0,1,1,0,1,1,1,1,1,0,2,0,1,2,0,2,2,2,7889,2,2,4,2,2,5,1,4,6,12,9,10,5,11,9,13,13,15,8,8,11,8,4,14,11,12,13,17,16,22,2,22,27,23,20,17,24,21,10,18,46,29,12,23,23,14,20,12,20,19,40,28,8,10,6,9,12,2,4,1,4,17,169,149,151,58,141,153,146,174,134,11424,9738,139,411,8888,8600
,550,1,0,0,1,0,2,2,1,2,0,2,0,3,2,2,1,1,1,7099,0,1,3,1,3,3,2,2,5,8,9,7,9,8,9,13,16,20,15,11,17,17,5,15,14,22,14,24,24,33,4,25,25,27,40,31,38,49,15,28,69,37,20,30,30,25,21,16,35,38,61,37,16,13,7,16,16,2,6,2,3,21,200,195,194,75,179,201,192,201,162,10409,8949,171,441,7668,7858
,555,0,0,1,0,1,1,1,1,1,0,3,1,0,1,1,1,1,1,5341,1,3,2,1,3,3,4,2,3,12,8,8,8,15,14,23,36,29,22,18,21,21,6,27,30,32,25,30,40,66,7,52,47,51,65,62,59,79,29,43,101,64,30,53,50,38,39,28,48,59,95,65,23,14,9,27,24,2,7,2,5,28,222,216,222,77,199,205,196,201,167,7945,6777,188,384,5954,6252
,560,0,0,0,1,0,1,2,1,1,2,2,1,1,1,1,1,1,2,3478,1,1,3,2,3,3,1,2,5,16,8,12,13,26,22,44,58,45,37,35,36,35,11,45,50,49,36,50,61,112,12,82,82,91,99,93,97,118,43,66,140,102,49,82,78,71,71,45,88,94,128,99,29,18,10,39,25,2,7,2,5,28,210,215,215,74,204,205,202,203,162,5281,4538,174,306,4111,4191
,565,0,0,1,0,0,1,1,1,1,0,1,1,1,1,1,1,1,1,2426,1,4,5,2,3,2,2,5,6,25,14,17,16,39,33,64,89,69,62,50,53,52,14,62,62,63,43,65,75,138,16,111,117,122,136,126,126,144,55,74,178,123,63,111,110,98,97,61,121,122,154,129,35,18,10,47,25,2,7,2,4,29,182,196,198,64,179,173,164,174,145,3874,3248,151,224,2927,3058
,570,0,0,0,0,0,1,1,1,0,0,1,1,0,1,1,1,1,1,1598,1,1,2,2,2,2,1,2,8,40,21,27,27,66,53,100,134,108,88,69,76,68,20,76,83,80,53,81,94,169,23,151,151,157,174,163,167,173,68,89,195,148,80,137,136,124,133,74,145,149,177,133,38,16,9,55,22,2,7,1,4,26,148,155,160,52,142,149,133,134,110,2476,2058,118,166,1928,1886
,575,1,0,0,0,0,0,1,1,1,0,1,0,0,0,2,1,1,3,906,0,1,2,1,3,2,1,1,9,69,37,46,50,95,90,142,197,147,127,105,108,86,29,98,105,101,62,103,106,203,29,197,194,206,217,195,194,198,77,100,202,167,101,168,168,154,159,92,173,174,165,147,37,15,7,55,18,2,5,1,3,21,105,116,118,36,110,94,93,93,81,1443,1215,88,109,1094,1171
,580,0,0,0,0,0,0,1,1,1,0,1,0,0,1,0,1,1,1,519,0,3,4,1,3,3,1,2,18,116,68,82,91,156,149,210,295,221,189,156,154,110,35,119,125,121,78,123,140,240,37,236,234,245,245,225,232,222,82,109,222,184,115,196,183,174,175,99,175,173,151,130,33,11,5,54,14,1,4,1,2,16,76,80,80,26,67,80,62,63,52,832,693,58,70,651,613
,585,0,1,0,0,0,0,0,1,0,0,1,0,0,0,1,2,1,1,272,0,1,2,1,3,6,1,2,34,193,125,138,158,234,242,306,423,313,273,201,215,132,44,144,148,143,90,158,158,246,44,255,267,264,259,238,238,225,86,111,209,197,122,196,201,169,175,96,164,153,127,105,25,8,4,43,11,1,3,1,2,11,45,47,51,16,47,47,37,40,36,454,376,40,45,346,361
,590,0,0,0,0,0,0,0,1,1,0,1,1,1,0,0,0,0,1,183,0,1,2,1,4,4,1,4,59,276,176,210,218,321,332,386,533,387,345,261,272,167,56,183,180,176,106,175,195,250,47,257,272,273,256,242,241,214,87,114,224,202,119,200,193,160,161,88,148,132,96,89,21,7,3,35,9,1,2,0,1,8,37,37,37,13,35,33,31,28,29,293,252,28,31,225,221
,595,0,0,0,0,0,2,0,1,1,0,1,0,0,0,1,0,0,0,112,0,1,2,4,7,6,1,4,97,390,269,309,330,420,458,474,664,481,413,330,336,187,67,209,205,207,131,210,227,242,49,256,287,273,250,226,239,209,85,114,223,188,113,179,184,149,143,75,118,105,75,65,16,5,3,26,6,1,3,0,1,6,30,33,25,9,27,25,21,23,20,188,159,22,23,144,142
,600,0,0,0,0,0,0,0,2,1,0,1,0,0,0,0,0,0,1,69,0,2,3,3,10,10,2,7,166,572,417,459,495,599,665,565,781,604,531,425,428,237,84,258,247,252,153,254,258,227,50,245,273,258,237,216,219,200,83,110,211,182,102,161,152,116,112,56,83,74,55,49,12,4,2,19,5,1,2,0,1,5,21,18,18,8,19,18,16,17,17,105,90,15,18,85,98
,605,1,0,0,0,0,0,0,2,0,0,1,0,0,0,1,0,0,1,47,0,3,4,6,16,18,3,12,277,816,623,695,717,810,912,642,810,672,571,462,484,284,97,312,298,288,175,294,281,210,51,236,263,248,206,204,202,185,82,100,195,173,72,127,115,82,82,39,58,52,37,29,8,5,2,14,4,1,3,0,1,3,15,12,15,6,13,15,8,12,10,65,59,12,16,67,57
,610,0,0,0,0,0,0,0,0,0,0,1,0,0,0,0,0,0,1,35,0,4,6,9,29,28,4,22,424,1056,879,937,963,925,1172,648,762,662,603,509,541,310,104,359,340,313,183,320,284,196,52,226,253,246,192,182,190,161,72,88,181,140,59,89,84,60,62,30,42,43,27,24,7,3,1,14,2,1,1,0,1,3,12,8,12,4,11,10,7,9,7,43,37,7,7,36,38
,615,0,0,0,0,0,0,0,0,1,0,0,1,0,0,1,0,0,1,24,1,7,9,14,44,48,8,36,602,1334,1147,1223,1262,1092,1385,609,678,656,585,533,530,327,112,390,357,320,187,304,270,178,53,214,252,239,181,175,164,133,64,71,151,119,46,71,65,51,44,21,33,29,22,21,6,2,3,9,2,1,1,0,0,2,11,7,11,3,12,22,5,11,10,35,25,6,7,24,27
,620,0,0,0,0,0,0,0,1,1,0,1,0,1,0,0,2,0,1,19,1,10,15,29,75,80,12,60,885,1639,1522,1613,1616,1149,1578,502,538,544,518,476,512,337,108,387,345,303,184,284,243,155,53,196,246,216,164,155,136,119,47,56,125,87,29,49,43,33,32,18,20,20,14,15,4,2,1,8,3,0,1,0,2,2,11,6,9,3,7,7,1,6,4,23,22,6,8,15,19
,625,0,0,0,0,0,0,0,0,1,0,1,0,0,1,1,0,1,1,8,3,17,27,45,129,133,22,103,1272,1897,1933,1986,1921,1091,1622,421,404,443,425,414,450,290,91,368,322,274,168,244,199,121,52,179,211,184,128,119,104,78,36,39,81,61,21,36,34,24,25,12,17,20,11,11,4,2,2,6,1,0,1,0,0,2,9,4,5,4,5,3,3,5,4,16,13,4,7,19,14
,630,0,0,0,0,0,0,0,1,1,0,2,2,1,1,1,1,1,2,9,5,27,47,82,216,212,36,168,1681,2011,2277,2272,2133,960,1540,307,292,329,336,313,348,245,76,314,264,215,123,188,151,100,46,146,176,141,103,86,75,57,26,29,71,42,13,28,24,20,17,8,11,28,9,8,4,1,1,6,1,0,1,0,0,1,7,3,4,2,5,5,0,7,2,9,10,3,4,10,19
,635,0,0,0,0,0,1,1,1,3,1,3,3,3,2,3,3,2,3,9,13,39,72,119,302,297,57,228,2071,1996,2460,2391,2218,861,1417,234,223,259,257,248,295,208,65,273,217,172,104,151,123,76,40,126,154,112,81,73,60,42,21,21,48,32,11,17,18,13,18,8,10,12,9,5,3,2,1,6,2,0,1,0,0,2,8,0,5,3,7,5,5,4,2,8,8,4,7,9,7
,640,0,0,0,0,0,2,1,2,3,2,3,4,5,2,4,4,4,4,6,14,58,100,177,441,414,86,332,2432,1913,2440,2381,2136,684,1246,170,146,198,187,192,206,164,49,217,167,134,76,113,87,57,32,95,115,94,62,63,42,28,15,19,36,24,9,14,18,10,12,6,8,10,7,6,2,1,1,4,2,0,1,0,0,1,6,4,20,4,9,4,0,4,3,8,10,5,3,13,13
,645,0,0,1,0,0,4,2,4,5,4,6,6,8,4,6,7,7,7,7,25,84,157,259,603,578,128,464,2653,1669,2307,2197,1960,525,967,125,107,132,129,133,156,116,36,157,122,102,56,80,62,46,24,71,101,71,48,39,29,26,12,12,23,16,4,12,14,7,8,7,4,8,20,3,3,1,1,5,1,0,3,0,0,1,25,0,6,3,4,1,0,3,2,8,2,3,3,8,8
,650,0,0,1,0,0,8,4,6,8,8,12,13,18,7,11,13,12,11,6,47,126,244,383,835,777,201,634,2754,1305,1988,1810,1594,383,709,92,73,92,95,90,101,93,26,98,82,64,38,64,38,28,18,50,57,54,30,27,25,14,8,11,18,15,2,13,13,4,6,4,2,10,6,4,3,1,1,3,0,0,1,0,0,1,5,0,1,2,22,0,0,4,0,24,8,6,2,4,8
,655,0,2,0,1,0,13,6,8,13,11,18,21,25,12,18,21,20,17,15,73,176,337,509,1063,976,273,825,2645,1060,1695,1503,1327,274,551,65,55,67,67,68,79,69,18,78,61,48,26,40,26,21,12,37,51,36,32,23,15,11,7,11,19,9,3,8,7,0,7,12,0,6,6,4,2,0,1,5,2,1,4,0,0,2,2,0,1,2,2,5,4,2,2,6,7,3,3,2,5
,660,0,1,1,1,0,19,10,12,21,19,30,33,37,21,29,30,30,29,8,105,228,441,675,1283,1182,376,1001,2455,822,1386,1242,1074,205,427,50,39,53,54,48,57,50,14,59,48,52,25,32,24,18,13,27,38,31,17,13,12,3,12,6,16,9,3,6,8,0,20,4,0,2,0,3,2,2,2,4,2,0,1,0,0,1,2,2,3,3,1,1,0,3,0,3,0,0,4,3,3
,665,1,1,1,1,1,32,18,20,33,33,45,52,65,34,45,52,50,46,4,171,314,602,805,1503,1380,513,1162,2120,620,1072,952,800,141,305,32,31,36,36,37,43,35,9,40,32,27,17,37,16,11,7,22,27,25,16,11,24,6,12,6,11,8,1,5,6,0,6,4,10,26,5,3,7,1,1,3,1,0,0,0,0,2,3,0,0,3,2,0,0,2,0,5,2,5,1,1,10
,670,2,2,2,2,2,55,30,34,56,58,75,92,114,57,81,88,89,79,5,266,439,784,1049,1729,1527,692,1343,1651,436,750,667,558,103,203,25,26,41,26,26,27,27,7,23,22,18,11,13,15,7,5,13,16,17,7,12,4,0,4,6,28,1,1,1,7,0,7,1,0,3,4,9,2,1,1,2,0,0,0,0,1,1,8,0,0,1,0,1,0,1,0,1,1,0,2,0,33
,675,2,3,3,3,5,89,45,56,89,90,124,146,179,89,130,150,139,125,6,396,547,969,1215,1802,1654,872,1440,1331,328,564,475,425,79,157,18,16,20,18,20,25,21,11,18,16,12,8,32,8,8,3,31,9,12,7,5,4,0,3,7,6,1,0,21,9,0,4,3,0,5,4,6,2,1,1,14,1,0,0,0,0,1,4,0,0,2,0,0,0,0,1,7,5,2,1,5,6
,680,3,5,6,5,5,138,72,88,137,138,194,228,280,145,212,226,221,200,6,541,674,1157,1349,1814,1576,1018,1374,1015,218,409,366,306,53,109,10,11,15,13,12,13,15,5,11,12,14,10,8,7,14,3,3,9,16,4,9,3,0,3,4,2,1,0,22,6,1,7,0,0,0,5,0,2,1,2,1,0,0,1,0,0,1,4,0,1,1,0,26,0,2,0,5,3,5,0,4,5
,685,4,8,10,9,7,221,113,135,221,229,297,363,443,225,316,350,360,315,5,720,800,1294,1441,1795,1482,1144,1294,737,166,292,259,215,47,87,13,14,16,14,8,12,13,6,12,14,7,10,6,6,5,2,31,8,9,3,4,1,3,4,2,5,2,0,2,8,0,3,5,0,1,5,3,3,1,1,6,2,1,2,0,0,0,4,0,0,1,4,0,0,0,6,0,0,9,3,38,1
,690,8,13,13,12,12,347,181,212,345,362,484,549,689,356,506,545,544,488,43,880,897,1363,1452,1631,1379,1215,1181,572,131,221,182,158,30,59,9,7,13,11,11,6,9,4,3,8,5,8,7,6,0,2,6,13,15,2,7,1,0,3,3,4,0,6,4,0,0,5,4,0,0,0,0,2,1,6,4,1,1,1,0,0,1,0,0,0,5,0,0,27,2,0,3,10,33,1,1,2
,695,13,21,21,22,20,582,302,358,561,592,781,931,1123,591,822,897,888,831,0,1046,959,1378,1339,1386,1140,1155,1022,372,88,150,129,110,27,46,4,4,11,11,10,31,15,2,8,4,0,8,6,1,0,1,1,4,7,0,31,1,0,3,4,7,0,0,0,6,0,4,3,0,4,5,0,3,2,1,5,3,1,0,0,0,5,14,0,4,5,0,4,0,3,0,4,0,7,2,12,0
,700,21,34,34,35,35,884,474,561,883,925,1238,1436,1637,922,1260,1389,1342,1236,6,1101,956,1315,1244,1200,971,1145,842,278,92,104,93,83,15,40,6,0,8,7,5,3,7,2,3,3,1,6,5,0,0,1,0,2,0,0,0,0,0,4,4,32,1,0,2,35,0,0,4,0,2,4,0,3,3,1,17,0,1,1,0,0,1,5,0,0,2,1,2,0,1,0,1,0,41,3,5,5
,705,32,53,51,52,51,1330,709,853,1331,1382,1779,2051,2229,1360,1804,1940,1872,1785,0,1092,915,1228,1078,984,783,994,746,200,56,79,75,60,14,52,0,0,12,7,5,1,15,4,6,0,6,7,2,4,1,1,0,36,14,4,0,2,0,3,4,0,0,0,3,5,0,2,2,0,12,9,0,4,2,2,4,1,1,5,0,0,3,6,0,1,16,1,9,0,10,0,7,0,0,2,4,9
,710,47,77,76,74,78,1885,1029,1240,1876,1938,2400,2738,2799,1907,2422,2545,2448,2357,12,993,758,1058,885,765,607,847,557,140,42,61,54,49,15,20,7,0,13,3,31,3,7,2,0,0,3,3,5,0,0,1,0,2,10,0,8,0,0,17,7,0,0,0,0,1,0,3,0,0,0,0,4,4,1,4,2,0,1,0,0,0,2,6,0,3,2,0,0,0,0,0,2,2,9,2,6,5
,715,74,123,118,124,118,2653,1605,1847,2635,2730,3191,3423,3215,2674,3092,3217,3034,3036,0,806,615,805,667,539,415,629,387,95,25,40,40,30,10,13,24,30,11,1,30,7,6,3,2,1,4,6,3,0,5,1,4,2,0,0,3,0,0,4,1,0,0,0,0,0,0,0,3,0,11,0,0,3,1,2,7,0,0,0,1,0,1,5,0,1,0,5,32,0,0,0,0,32,0,7,8,8
,720,109,176,175,179,179,3304,2168,2499,3365,3445,3883,3897,3425,3442,3517,3564,3335,3547,5,655,478,631,505,408,313,487,274,74,29,31,46,22,0,12,7,0,4,0,0,0,6,3,19,23,0,6,3,4,4,0,0,1,3,0,3,0,0,3,2,0,0,0,3,1,0,18,2,0,9,4,5,11,2,1,6,0,1,2,0,0,0,0,0,5,1,1,0,2,31,3,4,0,0,0,45,13
,725,156,252,246,256,262,3909,2886,3196,4101,4136,4293,4261,3515,4008,3828,3759,3548,3899,14,568,405,549,410,319,227,392,209,57,27,27,22,17,0,13,3,25,8,7,25,3,3,2,18,0,3,4,0,1,0,0,0,4,2,0,0,0,0,2,5,0,0,0,6,3,0,1,2,0,0,0,1,3,2,1,6,1,1,0,0,0,2,0,0,3,4,24,0,0,0,1,0,2,0,31,0,3
,730,237,368,373,376,365,4502,3695,3971,4740,4731,4697,4466,3431,4591,4047,3914,3708,4088,2,454,341,437,325,246,189,321,168,42,20,21,15,34,6,8,0,0,5,5,30,1,4,2,1,0,0,4,4,0,0,1,0,7,5,3,0,0,0,0,4,4,0,0,3,7,23,6,4,0,0,0,0,3,2,2,5,4,1,0,0,0,1,1,0,0,1,3,8,0,6,0,0,3,3,0,13,9
,735,355,561,552,567,562,4953,4596,4728,5226,5088,4784,4519,3295,4940,4014,3907,3576,4119,15,359,269,354,249,195,148,258,126,34,9,17,16,8,5,11,0,0,7,7,1,3,7,1,0,0,1,28,2,0,12,1,6,0,6,0,0,0,0,3,8,0,0,0,0,4,0,3,3,0,9,0,0,3,1,3,5,19,1,0,0,2,2,38,0,0,1,0,4,0,53,0,0,5,0,9,30,14
,740,562,881,871,893,892,4900,5271,5357,5261,5080,4497,4040,2720,4882,3593,3376,3167,3715,11,269,194,263,175,136,107,183,92,33,8,10,10,2,0,34,0,0,2,5,0,5,16,12,0,0,0,10,0,0,0,0,0,0,7,0,8,2,0,5,6,50,0,0,0,0,0,8,0,0,4,0,1,5,2,2,6,1,1,0,0,0,2,4,0,8,3,51,0,0,0,0,0,1,1,0,8,6
,745,810,1240,1231,1250,1236,4588,5474,5348,5090,4831,4099,3502,2382,4618,3197,2973,2783,3297,25,214,144,191,138,111,84,132,78,18,8,10,3,13,3,9,0,7,10,0,0,1,12,4,0,0,0,10,1,2,3,0,0,1,17,0,0,0,0,2,0,8,0,0,5,4,0,2,4,0,5,0,0,8,1,3,5,0,1,0,0,0,2,52,0,6,2,0,15,0,0,0,10,6,14,0,0,17
,750,1131,1689,1663,1719,1674,4039,5465,5128,4589,4268,3511,2969,1930,4142,2704,2467,2288,2810,13,147,129,135,99,85,60,99,47,22,10,0,5,5,1,8,2,0,8,0,0,0,6,3,0,0,0,11,1,0,0,1,0,0,6,13,3,0,0,1,1,9,0,0,50,19,0,8,6,0,17,2,0,3,3,3,7,3,1,1,0,2,2,9,0,3,1,0,0,0,0,0,13,19,14,19,13,18
,755,1561,2314,2252,2324,2279,3461,4868,4536,3667,3518,2708,2350,1435,3337,2084,1942,1758,2197,5,108,81,100,67,58,44,69,28,9,16,0,0,44,0,0,54,0,0,2,0,0,14,3,0,0,0,10,48,11,0,0,0,2,10,0,4,0,0,0,3,0,0,0,0,5,0,17,5,0,64,3,1,3,3,14,38,0,1,0,0,0,2,6,0,0,2,0,0,0,0,0,0,0,6,3,10,15
,760,2088,3094,2940,3076,3022,2735,4243,3806,3055,2839,2141,1765,1091,2721,1592,1491,1323,1718,1,73,62,74,51,43,38,44,26,8,20,42,1,0,66,9,4,0,6,2,5,6,11,3,0,0,0,20,9,0,0,1,13,0,11,0,1,0,0,3,11,0,0,0,0,0,0,3,5,0,9,1,11,8,4,4,9,1,2,0,0,0,4,10,57,24,6,9,8,0,1,0,0,111,11,8,1,10
,765,2670,3798,3621,3774,3684,2019,3442,2976,2285,2118,1577,1266,754,2035,1133,1034,925,1213,13,47,37,51,27,35,58,38,20,10,16,23,0,0,15,1,0,0,1,7,0,0,19,3,0,0,4,14,9,0,0,0,0,0,4,0,31,0,0,5,10,0,0,0,0,0,0,0,0,0,15,0,0,10,0,17,4,2,1,3,0,0,3,5,0,0,1,7,4,0,3,0,0,0,0,0,4,0
,770,3092,4271,4130,4287,4218,1533,2750,2404,1756,1638,1198,939,563,1549,860,771,711,897,0,31,31,41,26,28,24,19,11,5,9,0,6,0,0,12,7,0,11,4,0,0,14,5,0,0,0,37,12,66,13,0,0,0,10,0,0,0,0,8,9,0,0,0,5,0,0,0,0,0,22,0,0,10,3,2,16,0,1,1,0,0,7,26,0,88,11,0,4,0,7,0,0,8,0,5,11,0
,775,3403,4646,4488,4603,4483,1220,2208,1920,1394,1244,908,743,438,1230,669,590,526,693,23,23,22,35,15,24,23,24,8,0,18,0,0,0,8,3,0,1,1,0,0,0,19,5,0,8,3,15,0,1,9,18,0,0,10,0,0,0,0,13,17,0,0,0,3,3,0,22,16,0,16,0,24,4,7,11,9,55,2,0,0,0,7,3,0,3,47,0,11,91,0,9,0,5,13,0,5,31
,780,3562,4677,4514,4584,4542,856,1584,1343,956,841,643,523,275,859,462,390,357,458,37,16,19,21,9,11,11,38,9,71,17,0,0,0,9,1,0,0,22,3,8,0,17,4,0,18,0,48,24,75,0,0,0,0,11,0,0,0,0,9,14,0,0,0,18,20,0,2,4,0,11,2,2,11,0,5,4,1,2,0,0,0,10,125,0,0,7,20,0,0,1,0,0,0,137,3,0,7
,785,3513,4404,4250,4317,4198,592,1186,974,690,606,447,363,185,586,326,281,252,333,6,5,12,58,4,10,19,11,0,0,100,0,0,0,2,1,0,0,31,5,8,0,1,6,0,0,0,18,115,4,0,0,0,0,6,0,0,0,0,3,7,13,96,0,0,41,0,11,1,0,5,2,8,8,5,6,14,7,3,1,0,0,7,27,0,0,2,0,36,0,0,0,12,0,0,27,0,20
,790,3451,3920,3763,3846,3704,420,869,718,510,466,319,241,132,422,211,199,177,268,20,0,8,19,0,27,18,7,0,2,34,5,4,0,0,0,0,7,7,12,0,8,24,7,0,0,0,5,11,8,0,0,0,7,13,0,21,0,0,3,20,0,0,0,10,11,0,12,1,0,0,0,2,6,10,6,17,1,1,7,0,0,3,21,0,0,0,19,0,0,0,0,0,0,125,11,11,26
,795,3203,3472,3303,3383,3302,323,643,543,364,338,235,179,93,323,160,186,143,211,81,0,14,18,1,14,14,6,0,2,32,0,9,0,0,23,0,0,14,0,1,12,38,8,0,0,0,27,0,0,0,0,0,11,0,0,0,158,0,8,24,11,0,0,0,15,0,24,12,0,2,6,0,13,5,12,37,5,3,2,0,0,12,31,0,12,4,17,6,7,6,129,14,17,0,0,27,0
,800,2888,2854,2720,2752,2705,201,458,400,260,218,168,129,69,214,126,106,105,132,34,0,46,9,0,9,24,1,0,0,7,0,15,0,0,84,0,0,0,4,0,0,34,4,13,19,0,29,0,0,0,1,0,0,16,0,0,0,0,7,19,0,0,0,0,24,0,29,12,106,170,7,0,7,9,7,10,20,2,0,0,0,7,14,0,0,12,4,12,0,0,9,0,8,0,4,28,15
,805,2364,2094,1980,2030,1973,146,293,262,175,140,151,86,45,143,85,67,61,87,26,0,0,32,0,0,12,0,0,0,26,0,0,0,0,8,0,0,43,0,0,0,40,9,0,0,0,36,4,6,2,25,0,4,200,0,124,0,106,0,9,0,0,0,4,43,0,7,106,0,21,0,2,52,5,5,40,0,2,0,0,0,7,32,0,0,0,9,0,0,0,0,5,20,0,13,14,33
,810,1964,1637,1581,1550,1551,104,238,183,139,101,78,63,23,102,57,57,48,71,27,0,5,13,0,10,2,3,0,0,34,0,0,0,6,0,0,0,0,4,0,0,54,7,0,0,72,28,137,34,0,0,0,13,77,3,0,0,156,21,22,0,14,0,52,209,0,0,12,0,37,3,0,19,2,20,12,23,2,0,0,0,9,6,0,0,16,0,0,0,2,0,0,235,0,15,15,0
,815,1603,1253,1187,1223,1199,72,158,140,92,68,75,54,70,83,51,41,35,54,37,0,0,11,0,30,12,0,0,0,30,0,0,0,3,2,0,0,37,0,0,24,18,9,0,0,17,12,21,0,0,2,29,29,0,0,0,0,0,0,8,0,0,0,0,0,0,43,0,0,0,0,3,15,10,8,13,2,5,7,0,0,6,0,0,0,0,11,0,0,0,0,0,36,0,0,71,47
,820,1212,930,860,885,855,41,116,103,68,49,89,36,5,64,34,82,16,47,33,0,3,3,0,15,14,0,77,0,45,0,76,0,0,0,0,0,0,0,1,0,24,9,0,13,0,74,0,0,0,0,16,44,34,113,0,0,0,15,15,0,0,0,11,29,0,4,21,0,21,0,0,19,12,13,32,4,5,0,0,0,9,8,0,0,17,12,0,0,0,0,0,0,26,55,19,370
,825,912,666,629,627,614,42,79,79,63,37,110,16,0,31,19,9,13,22,110,0,0,5,0,0,0,2,0,167,45,0,0,142,0,0,0,0,57,29,28,0,37,5,173,0,0,35,0,91,10,1,0,0,40,0,0,0,0,124,37,0,0,0,0,0,0,0,26,0,54,0,75,40,15,12,28,0,2,0,0,33,13,59,0,0,17,7,3,0,0,0,36,23,41,0,98,0
,830,661,507,474,471,431,17,55,52,51,82,28,0,2,34,17,0,8,26,51,0,5,17,0,19,0,0,0,0,23,0,0,0,5,4,0,0,42,66,0,0,70,14,0,231,0,49,22,4,0,0,25,0,10,104,0,0,0,9,33,27,0,0,0,3,193,15,0,0,43,5,0,26,8,21,23,11,5,2,0,42,16,23,0,0,0,0,26,0,0,0,0,0,0,47,16,9
,835,526,375,356,359,330,0,39,47,22,0,22,0,0,7,10,0,0,27,88,0,0,16,0,39,37,0,0,0,23,0,0,0,0,0,66,3,0,0,0,0,101,17,0,0,50,291,0,0,42,16,0,0,71,0,0,0,0,216,0,0,0,203,0,0,0,20,0,0,45,0,0,38,11,12,18,0,5,7,0,50,19,1,0,0,41,0,0,0,64,0,0,0,0,51,0,77
,840,384,273,283,280,260,0,26,8,25,0,0,0,0,6,0,0,0,149,103,0,0,39,0,66,54,0,0,10,521,0,0,0,24,0,0,35,83,323,0,0,70,27,0,0,0,97,59,0,0,0,0,0,19,0,0,0,0,25,102,0,0,0,0,89,0,0,36,0,66,0,0,56,45,36,121,62,13,47,0,0,1,23,0,0,121,0,0,0,0,0,0,194,19,0,221,0
,845,281,194,178,178,140,0,0,68,23,0,45,0,0,0,0,23,32,33,319,0,0,39,0,8,67,0,0,0,0,0,0,0,18,0,83,0,0,168,0,0,224,74,0,0,0,41,0,90,129,2,0,0,166,0,63,0,0,28,210,0,0,0,0,91,0,186,0,0,0,0,0,67,80,33,57,0,18,0,44,0,16,211,0,60,70,61,0,0,80,0,0,0,170,0,0,184
,850,370,168,151,148,120,0,0,0,38,0,76,0,0,0,84,0,0,0,455,0,13,50,263,50,130,0,0,52,285,0,0,0,29,162,0,0,0,0,0,0,408,441,0,0,0,218,0,0,0,292,0,0,230,0,0,0,0,86,150,0,0,0,0,14,0,0,178,0,174,0,0,158,70,64,97,0,50,0,0,12,186,62,0,0,188,0,82,0,0,0,425,2472,110,511,0,619
,,,,,,,,,,,,,,,,,,,,,,,,,,,,,,,,,,,,,,,,,,,,,,,,,,,,,,,,,,,,,,,,,,,,,,,,,,,,,,,,,,,,,,,,,,,,,,,,,
Read 33:EM Spectrum,,,,,,,,,,,,,,,,,,,,,,,,,,,,,,,,,,,,,,,,,,,,,,,,,,,,,,,,,,,,,,,,,,,,,,,,,,,,,,,,,,,,,,,,,,,,,,,,,
,,,,,,,,,,,,,,,,,,,,,,,,,,,,,,,,,,,,,,,,,,,,,,,,,,,,,,,,,,,,,,,,,,,,,,,,,,,,,,,,,,,,,,,,,,,,,,,,,
,Wavelength,A1,A2,A3,A4,A5,A6,A7,A8,A9,A10,A11,A12,B1,B2,B3,B4,B5,B6,B7,B8,B9,B10,B11,B12,C1,C2,C3,C4,C5,C6,C7,C8,C9,C10,C11,C12,D1,D2,D3,D4,D5,D6,D7,D8,D9,D10,D11,D12,E1,E2,E3,E4,E5,E6,E7,E8,E9,E10,E11,E12,F1,F2,F3,F4,F5,F6,F7,F8,F9,F10,F11,F12,G1,G2,G3,G4,G5,G6,G7,G8,G9,G10,G11,G12,H1,H2,H3,H4,H5,H6,H7,H8,H9,H10,H11,H12
,500,1,1,1,1,1,2,3,3,3,2,3,2,3,3,3,3,2,3,63,6,4,4,7,7,6,4,5,10,17,15,14,17,14,16,12,17,14,11,11,11,10,10,7,14,8,10,15,15,2,9,10,10,11,10,17,4,9,4,6,17,8,14,9,7,6,11,16,5,15,9,7,6,2,12,5,7,3,2,6,5,10,16,15,2,10,8,5,13,14,1,71,66,5,17,54,53
,505,0,1,1,1,1,3,2,3,2,3,2,3,3,1,3,3,2,4,128,5,5,5,5,9,5,5,7,9,11,11,12,13,9,16,11,22,16,11,9,15,8,15,10,15,8,13,15,14,3,12,14,8,10,10,16,6,10,4,4,17,12,10,13,9,5,11,12,6,16,5,7,6,2,13,4,5,3,3,8,6,16,12,16,3,9,8,3,17,11,2,170,144,8,12,131,129
,510,1,1,1,1,1,2,2,3,1,2,2,3,3,2,3,1,3,4,249,4,4,6,4,11,6,4,7,12,15,10,11,15,13,10,11,17,15,11,6,11,9,14,8,14,7,13,19,9,3,8,16,7,16,16,10,6,13,4,4,15,8,16,15,6,7,7,10,9,10,6,7,8,2,11,5,5,5,4,7,4,10,12,9,2,10,9,3,15,18,2,333,323,8,14,256,262
,515,0,1,1,1,1,3,2,3,1,2,2,2,3,2,3,1,2,3,640,4,3,5,4,8,5,5,5,8,11,10,18,12,17,15,14,12,16,14,6,10,12,10,9,9,11,12,13,13,2,12,10,8,14,10,16,6,15,2,4,15,7,14,14,7,4,8,12,5,15,8,4,6,2,12,7,6,5,3,8,4,17,18,19,3,18,6,5,13,19,1,915,781,7,34,676,665
,520,1,1,1,1,1,2,3,3,2,1,2,3,2,1,3,2,3,2,1370,5,5,4,6,6,4,5,6,10,11,10,13,11,8,11,10,10,13,9,7,15,7,9,8,9,9,7,13,11,3,7,8,7,16,8,10,5,9,4,4,15,7,8,12,7,3,8,10,8,15,8,6,6,2,16,4,7,3,3,8,7,11,17,22,3,15,7,5,15,16,1,1938,1726,7,47,1454,1387
,525,1,0,1,1,1,3,2,4,2,2,3,3,3,2,1,2,2,3,2466,5,3,5,6,8,6,5,4,10,13,10,11,15,7,13,10,12,14,8,8,12,11,13,8,7,6,11,10,8,2,10,14,6,13,13,17,3,8,4,5,12,12,15,13,7,3,6,11,8,11,9,6,7,2,17,4,5,4,3,5,6,11,24,26,4,21,10,7,28,33,3,3476,3134,10,86,2615,2638
,530,1,0,1,1,1,1,2,3,1,2,2,3,1,1,3,2,2,3,4769,5,3,3,4,5,5,5,5,6,14,13,9,13,11,11,8,16,13,8,5,12,6,8,8,12,9,12,9,6,3,7,13,6,13,16,15,4,15,3,4,19,13,12,12,12,7,11,13,7,10,6,5,7,1,12,6,6,4,3,7,5,28,39,42,7,45,19,11,45,47,4,6595,5753,18,182,4860,4861
,535,0,0,1,0,1,2,1,3,2,2,3,2,1,1,2,1,3,2,6549,3,3,4,8,4,3,4,5,4,8,12,8,8,11,13,9,15,9,14,7,13,6,7,7,12,10,11,15,10,2,8,9,7,10,10,16,7,13,5,9,22,10,9,7,11,4,7,18,8,16,9,8,11,2,20,4,8,5,4,6,4,45,76,66,12,76,32,19,82,89,6,9421,8414,34,310,6937,6848
,540,0,1,1,0,1,2,1,1,2,1,1,3,1,0,2,2,3,2,7595,3,2,4,5,4,3,4,2,4,8,6,7,9,11,7,14,10,9,14,5,14,8,9,6,14,15,9,11,14,3,15,13,9,14,15,16,7,24,6,10,39,23,19,13,11,6,14,19,10,14,16,8,14,3,26,5,9,4,3,7,4,78,122,105,19,109,54,32,125,141,8,11143,9871,51,428,8045,8002
,545,1,1,1,0,1,2,1,1,2,2,1,1,4,0,1,2,1,1,7945,4,3,2,3,3,4,4,2,4,13,10,10,12,6,8,16,21,11,10,9,9,10,17,7,17,10,17,13,16,6,14,22,15,19,21,26,10,29,11,15,52,30,22,18,17,8,16,21,11,30,21,14,18,3,26,11,10,6,4,12,8,109,164,163,29,152,75,44,168,176,12,11377,9889,69,503,8451,8197
,550,0,0,0,0,1,1,1,2,0,0,2,1,0,0,1,2,2,0,7142,2,2,2,4,3,1,2,3,8,13,13,11,13,14,11,21,25,17,16,13,12,21,22,14,22,16,18,23,30,12,25,25,23,33,41,43,18,58,16,26,88,46,41,37,34,13,21,35,19,47,38,21,29,4,37,17,13,8,6,13,9,146,228,213,36,184,95,52,198,230,15,10492,8892,85,515,7328,7743
,555,0,0,1,1,1,2,1,1,1,1,1,1,3,0,3,1,2,1,5582,2,2,2,3,3,3,2,2,6,19,10,13,13,19,18,31,41,32,26,16,26,30,30,20,34,27,38,38,44,16,40,54,46,70,78,73,31,95,24,38,130,68,62,62,47,27,38,65,34,80,52,37,47,6,53,25,19,7,7,16,11,180,237,248,42,197,103,56,210,223,15,7638,7186,88,479,5796,5683
,560,0,0,0,0,1,1,2,2,1,1,1,2,1,0,0,1,1,1,3477,4,2,2,5,3,2,2,2,6,24,17,22,19,32,29,48,77,54,48,30,42,48,47,30,61,42,55,54,64,24,64,83,75,104,116,117,46,132,38,57,167,92,96,95,76,39,64,103,54,118,73,54,60,7,62,38,21,8,8,21,13,189,225,229,39,185,100,56,205,212,14,5353,4675,89,375,3860,3955
,565,0,0,1,0,0,1,1,1,1,1,1,1,3,0,2,1,1,1,2430,2,2,2,2,3,1,2,2,8,36,28,25,29,49,50,76,115,79,72,44,62,65,67,37,66,54,70,69,79,30,93,119,103,145,144,147,57,164,42,66,205,119,125,121,93,52,91,139,72,147,84,64,71,8,61,44,22,8,8,19,11,186,196,209,33,171,92,49,170,176,12,3735,3331,73,274,2806,2807
,570,0,0,1,0,1,1,1,1,1,1,1,1,1,0,0,1,1,1,1574,2,2,3,2,3,2,2,2,12,62,40,43,49,79,79,114,177,117,102,60,86,83,87,48,88,63,84,83,92,38,115,149,129,175,181,186,70,182,51,73,231,135,150,149,112,66,111,164,88,178,90,70,74,7,53,51,20,8,8,18,11,169,152,170,27,127,73,37,137,141,10,2476,2271,59,212,1755,1770
,575,0,0,0,0,0,0,1,2,1,0,1,1,1,0,0,0,1,1,895,2,2,1,2,3,2,2,3,21,107,67,75,84,126,126,172,266,168,149,83,122,107,119,64,107,84,95,104,112,43,148,185,156,213,211,217,87,205,54,81,247,152,181,172,132,76,126,192,96,186,89,75,70,7,44,50,16,6,6,15,10,136,112,119,20,90,54,28,97,100,7,1398,1227,44,137,983,1070
,580,1,0,1,0,0,1,1,1,0,0,1,1,1,0,1,0,1,1,507,2,1,2,1,4,2,1,3,39,174,118,132,141,185,199,247,373,246,211,120,174,140,150,77,127,105,112,126,138,48,177,203,180,243,227,238,92,219,58,83,247,165,192,183,150,82,142,203,97,183,78,66,62,5,34,46,12,7,5,11,7,103,75,88,13,66,37,20,58,65,4,789,721,29,83,625,588
,585,0,0,0,0,0,0,1,1,1,0,1,1,0,0,0,0,1,0,287,2,1,1,3,5,4,2,3,74,273,196,211,231,287,310,356,531,351,296,166,237,177,204,100,166,126,139,161,169,47,203,228,208,263,230,236,90,213,60,87,256,164,210,193,153,84,142,186,88,161,66,52,50,4,25,40,9,3,3,7,5,64,50,58,10,42,27,14,43,44,4,458,401,20,50,330,338
,590,0,0,0,1,0,0,1,1,1,0,2,1,1,0,1,0,1,1,174,1,2,2,3,6,5,3,4,120,387,288,303,325,378,427,416,646,444,367,207,299,202,240,114,183,152,169,196,195,47,214,230,213,260,240,238,90,213,61,89,253,172,213,199,150,81,134,177,82,141,57,41,40,3,20,31,8,3,3,7,4,47,39,43,8,33,19,11,33,32,2,277,258,15,34,214,227
,595,0,0,0,0,0,1,0,1,0,1,0,1,0,0,0,0,1,1,119,2,2,2,3,9,8,3,6,183,512,388,430,445,500,589,517,768,508,463,252,360,251,292,141,211,174,195,220,236,48,229,233,212,266,230,235,85,223,61,89,257,166,198,183,143,74,110,150,64,109,39,31,30,2,13,25,6,2,2,6,3,35,28,29,5,23,14,8,33,24,2,186,166,10,24,128,144
,600,0,0,0,0,1,1,1,1,0,1,1,0,1,0,0,0,1,1,72,2,3,4,6,14,15,3,11,299,727,605,624,662,676,808,594,851,609,538,309,451,311,356,167,271,205,235,256,268,44,234,217,204,251,214,220,82,198,61,85,262,162,163,157,118,58,85,105,43,88,28,23,23,3,18,17,5,2,2,5,3,33,17,21,6,26,10,6,16,16,1,108,96,8,15,79,84
,605,0,1,0,0,1,1,1,1,0,0,1,1,1,1,1,0,1,1,48,2,4,6,11,28,29,8,19,464,999,865,884,919,863,1081,641,803,630,569,331,516,354,415,203,313,229,259,290,277,41,239,207,194,253,196,209,78,174,54,75,243,142,130,120,92,40,63,77,31,57,20,15,16,1,8,13,3,1,1,4,1,27,25,16,3,12,9,4,13,13,1,62,60,6,8,47,51
,610,0,1,0,0,0,0,0,1,2,0,1,0,2,0,1,0,1,0,30,3,5,9,17,50,52,10,32,683,1258,1163,1161,1189,964,1262,609,714,630,582,345,520,389,423,220,333,242,279,304,279,40,251,205,201,233,196,194,74,158,47,67,207,124,97,87,68,33,47,52,23,37,15,11,11,1,8,9,3,1,2,4,2,14,12,12,2,11,7,4,10,16,1,40,45,5,7,32,33
,615,0,0,0,0,0,1,1,1,1,0,1,1,1,0,0,0,2,1,27,5,9,16,30,77,80,14,53,925,1514,1483,1482,1506,1040,1397,556,619,560,547,334,506,395,423,224,342,250,265,293,262,37,258,202,194,243,172,183,65,140,41,57,179,100,72,70,50,24,37,43,19,29,11,7,11,1,3,8,3,1,2,1,1,12,8,7,2,6,6,3,6,8,1,25,29,3,6,21,25
,620,0,0,0,0,0,0,1,1,0,0,1,0,1,0,0,0,1,1,16,7,16,27,50,127,138,26,96,1297,1759,1875,1834,1810,1064,1499,442,466,461,460,313,473,377,396,226,328,221,250,255,221,31,269,188,186,212,150,149,54,104,33,41,135,79,49,48,36,17,25,34,13,21,9,7,8,1,6,6,2,0,1,3,1,7,6,7,2,10,6,3,6,5,1,18,22,4,1,10,16
,625,0,0,0,0,0,0,0,1,0,0,2,2,1,0,1,1,1,1,14,12,27,49,87,226,236,44,154,1731,1892,2202,2098,2007,921,1430,326,336,357,356,234,382,313,339,196,286,194,206,213,186,25,244,171,157,176,124,123,42,76,24,31,100,56,33,31,26,12,20,22,11,16,8,6,6,1,6,4,2,1,1,2,0,7,4,17,2,6,4,3,5,4,0,12,15,3,0,8,11
,630,0,0,0,0,0,1,1,1,1,1,3,2,2,1,4,2,2,2,10,20,47,84,151,357,357,75,238,2173,1897,2380,2217,2073,780,1245,247,230,256,258,185,298,256,269,168,230,151,162,155,132,19,207,137,141,155,98,97,31,54,17,21,75,41,25,34,18,9,15,16,7,9,6,4,6,1,14,3,2,1,1,1,1,4,5,8,4,7,3,2,3,16,0,9,11,3,0,8,8
,635,0,0,1,0,0,2,2,2,2,1,3,3,4,1,3,2,4,6,7,32,69,125,216,500,487,114,340,2489,1785,2389,2190,2005,636,1106,183,171,200,210,145,230,211,218,136,194,115,133,129,103,16,177,112,112,120,76,72,22,42,14,16,57,30,19,19,15,9,12,13,8,8,4,3,4,1,2,4,2,0,1,0,4,5,6,6,1,1,3,1,4,2,2,4,14,2,1,7,7
,640,0,0,0,0,0,3,1,2,3,3,4,4,6,2,4,4,8,5,10,51,107,193,321,706,667,170,461,2677,1555,2247,2052,1858,497,862,133,129,162,151,107,172,162,160,102,144,84,91,94,78,11,141,92,86,103,55,51,18,29,10,12,38,24,17,11,10,5,11,11,6,9,3,2,3,2,0,1,2,0,1,1,0,2,3,4,1,4,3,2,5,4,0,1,14,2,0,3,6
,645,0,0,1,0,0,5,2,3,5,5,7,8,9,4,6,8,8,7,3,75,165,293,459,948,880,258,625,2728,1271,1963,1749,1560,378,669,86,85,102,106,77,118,120,109,78,105,64,68,69,52,8,108,64,65,65,38,39,11,17,7,9,26,16,11,8,13,6,10,11,4,7,2,2,5,1,1,2,1,0,1,0,0,2,3,6,1,2,3,2,6,3,0,0,6,1,0,8,3
,650,0,0,1,0,1,9,4,7,8,9,12,15,17,7,11,13,14,13,6,121,252,444,676,1306,1184,386,836,2535,967,1575,1397,1210,248,475,65,61,68,77,50,91,77,79,53,68,43,46,46,33,5,74,47,43,43,26,21,8,14,6,6,23,11,8,3,7,2,9,6,4,5,2,0,10,0,17,2,1,0,1,0,0,0,3,2,1,1,11,2,1,0,0,0,10,3,12,3,2
,655,0,0,1,0,2,12,8,9,12,13,18,22,26,13,21,20,22,20,10,172,347,582,839,1551,1423,509,1030,2297,786,1258,1089,985,183,365,50,47,50,54,37,59,52,58,40,49,34,31,33,24,4,54,48,41,35,23,20,5,7,4,5,18,13,7,5,7,2,5,8,2,5,3,1,3,1,0,3,1,0,1,0,0,2,0,0,2,3,2,2,4,2,0,0,5,1,0,0,3
,660,0,2,1,1,1,22,11,15,21,22,30,35,43,21,30,33,36,33,12,235,449,740,1052,1778,1624,655,1218,1956,572,1010,861,744,136,268,37,36,43,39,37,48,40,37,28,48,23,27,26,14,3,40,21,30,28,19,13,6,14,3,3,15,9,5,2,16,2,7,8,4,2,3,0,2,0,0,2,1,1,1,0,0,2,7,0,0,0,4,3,0,1,0,0,10,1,0,3,0
,665,1,1,2,1,1,34,19,24,32,35,47,58,70,33,49,53,55,47,6,330,600,954,1268,2034,1799,844,1402,1612,415,752,635,547,97,193,26,40,25,28,20,29,31,29,21,29,18,30,20,7,2,30,17,19,20,10,8,3,2,3,3,32,9,5,0,5,1,3,4,3,2,13,0,3,1,0,0,1,0,0,7,0,1,1,24,2,23,3,2,4,0,0,0,5,8,0,2,1
,670,1,2,4,2,2,58,32,38,58,59,80,99,122,59,89,92,98,87,6,469,778,1185,1520,2122,1881,1078,1514,1145,281,505,439,401,82,132,16,25,19,20,12,21,15,21,15,20,12,8,14,5,2,24,12,18,17,6,4,11,3,2,1,10,9,5,0,5,2,4,5,4,0,1,0,3,0,0,3,7,0,0,1,0,0,0,0,1,0,4,2,0,0,0,0,8,0,0,0,0
,675,1,4,4,5,4,96,48,64,94,96,127,155,187,91,134,143,154,139,6,610,981,1382,1660,2158,1901,1305,1566,904,212,372,312,285,47,95,14,19,20,17,12,19,12,11,13,16,8,7,10,1,1,18,4,14,10,2,4,1,0,9,2,4,7,1,0,3,2,7,3,3,1,14,0,13,0,0,2,0,0,1,0,0,0,0,0,1,0,1,2,2,0,0,0,6,2,0,0,5
,680,2,6,6,5,6,151,75,98,139,154,199,246,303,146,220,232,244,224,6,787,1123,1549,1768,2058,1753,1490,1484,655,158,268,228,206,51,75,11,9,16,8,9,28,2,10,8,14,5,5,9,0,1,11,0,8,11,0,0,3,0,2,0,4,7,5,0,4,2,4,3,0,0,1,0,4,0,0,3,2,0,0,0,0,0,0,0,1,3,2,11,8,0,0,0,8,0,0,0,0
,685,4,8,9,8,10,235,120,151,234,235,319,388,477,237,341,366,386,333,9,949,1329,1716,1769,1876,1584,1539,1376,471,108,192,188,161,23,64,8,33,14,7,9,13,3,6,10,7,8,9,5,0,2,8,3,7,4,0,5,0,0,1,1,5,4,0,0,3,0,4,4,4,0,4,0,3,0,0,3,12,1,0,0,0,0,4,7,2,4,18,2,2,2,0,0,11,3,0,0,3
,690,6,15,14,15,14,369,193,230,358,376,495,588,733,364,526,583,618,542,5,1123,1398,1715,1686,1671,1385,1593,1294,350,92,149,117,114,23,42,5,5,4,6,4,31,0,2,5,1,3,5,8,18,0,9,0,8,6,0,0,1,0,1,2,7,6,0,0,5,2,7,11,2,0,2,0,1,1,0,1,0,1,0,0,0,0,1,0,1,6,5,3,29,0,0,0,3,4,0,1,0
,695,11,24,22,23,23,627,316,391,605,612,822,993,1219,603,903,955,989,904,11,1229,1465,1612,1474,1336,1133,1555,1049,231,60,102,90,81,14,35,3,6,9,2,1,3,0,2,2,0,5,29,5,0,1,6,0,5,4,0,0,0,0,1,0,32,4,0,0,6,0,4,9,2,0,1,0,4,1,0,3,0,1,1,2,0,0,0,1,2,1,19,2,0,0,0,0,14,0,0,0,0
,700,17,35,36,34,34,948,510,601,927,982,1291,1526,1775,963,1351,1434,1476,1363,6,1274,1423,1515,1283,1116,939,1422,895,176,56,77,63,57,14,26,5,5,5,0,3,7,20,0,4,0,2,27,6,0,0,6,0,6,2,0,0,0,0,2,0,0,4,0,0,4,2,4,0,3,17,0,0,2,1,0,0,13,1,5,0,0,23,0,0,1,3,7,1,0,0,0,0,0,0,0,0,0
,705,27,54,53,54,55,1428,759,910,1387,1449,1850,2202,2413,1410,1971,2011,2097,1949,0,1222,1312,1331,1182,917,732,1291,706,120,40,66,57,40,8,19,0,2,4,7,4,2,0,1,5,0,1,3,9,0,0,6,0,3,7,0,0,1,0,1,1,1,3,4,0,4,0,1,5,1,0,1,0,21,1,0,3,1,0,0,0,0,0,4,5,3,6,8,15,0,0,0,0,3,0,0,0,1
,710,39,79,77,79,80,2015,1101,1330,1969,2036,2550,2937,3034,1980,2596,2665,2763,2611,9,1067,1121,1123,912,665,550,1065,542,90,24,46,33,40,2,12,4,0,4,0,4,4,0,0,3,0,0,24,4,0,0,0,2,25,38,0,0,0,0,2,2,0,9,0,2,0,0,27,1,20,0,0,0,18,1,0,1,1,0,1,0,0,36,0,0,2,7,6,3,0,5,0,0,12,3,0,0,6
,715,63,122,119,122,124,2876,1684,1981,2792,2936,3336,3630,3518,2799,3328,3344,3397,3369,9,866,874,851,658,456,372,795,381,63,20,56,22,24,0,7,0,2,27,0,3,0,0,0,3,0,1,0,2,0,0,0,0,7,7,0,0,0,0,1,1,2,1,1,0,8,0,3,2,0,0,0,0,5,0,0,1,2,0,0,0,0,0,6,7,1,0,4,6,6,0,0,0,3,1,0,0,0
,720,95,183,176,180,179,3539,2310,2723,3554,3594,4067,4202,3747,3499,3746,3683,3742,3897,9,695,716,671,507,339,268,624,259,45,25,23,22,26,4,6,3,0,2,0,1,0,0,0,4,0,0,2,7,0,0,0,0,4,0,0,25,0,0,1,0,0,6,0,0,3,0,5,9,14,0,2,0,2,0,0,1,1,0,1,0,0,25,0,0,1,9,2,1,4,0,0,0,5,1,0,0,1
,725,135,264,256,265,264,4247,3024,3465,4284,4291,4507,4574,3791,4149,4106,3943,4018,4214,8,605,611,540,408,266,200,500,208,36,9,23,14,17,0,4,0,5,0,0,1,1,0,0,1,0,0,25,3,0,0,0,0,7,19,0,0,0,0,1,0,0,2,0,0,3,1,7,28,1,0,0,0,4,3,14,2,2,0,2,0,0,0,0,0,0,4,5,2,0,0,0,0,6,0,0,0,0
,730,201,384,368,381,385,4841,3840,4284,4925,4921,4851,4830,3700,4718,4314,4084,4060,4475,8,503,489,456,325,207,152,411,159,27,13,19,14,14,2,29,0,0,6,1,5,4,0,4,5,0,1,29,0,0,0,2,0,8,1,0,0,2,0,0,2,2,5,0,0,6,0,0,9,1,0,0,0,6,0,0,4,2,1,7,0,0,0,2,0,2,3,5,3,0,0,0,0,14,0,0,0,0
,735,307,584,556,567,582,5295,4773,5163,5449,5423,5017,4823,3606,5101,4332,4040,4037,4459,9,403,384,358,255,154,119,304,124,22,12,15,6,11,0,0,0,0,7,2,1,0,19,0,0,0,0,25,10,0,0,1,0,0,25,0,0,0,0,2,10,0,32,0,32,25,0,6,1,1,0,10,0,4,0,0,4,3,1,1,3,0,0,9,0,3,3,3,3,0,0,0,0,14,0,0,5,0
,740,488,910,890,914,928,5190,5433,5703,5511,5299,4692,4333,3060,5091,3807,3552,3549,3999,12,294,292,248,168,117,77,214,98,7,10,8,4,11,0,0,3,0,6,0,3,0,0,0,0,0,8,7,0,0,0,0,0,0,5,19,0,0,0,0,0,0,4,1,0,10,2,9,6,1,0,2,0,9,0,0,2,3,0,1,2,0,0,4,44,10,0,4,3,0,0,0,0,0,3,0,0,2
,745,700,1289,1231,1271,1290,4914,5757,5825,5274,4990,4193,3860,2536,4773,3522,3073,3072,3580,19,229,228,183,126,99,60,171,62,18,16,9,12,5,0,6,0,0,3,2,7,4,0,41,0,0,0,39,3,0,0,0,13,3,0,0,0,0,0,5,0,57,13,0,0,47,1,6,6,4,1,23,0,6,1,0,8,12,0,1,0,0,0,5,0,2,0,13,1,8,0,0,0,14,1,0,5,0
,750,968,1791,1681,1724,1766,4353,5593,5547,4672,4405,3684,3233,2073,4176,2941,2588,2487,3026,13,177,162,139,104,68,43,132,51,0,7,12,2,13,5,1,0,0,4,2,0,0,0,1,2,0,0,0,14,0,0,0,0,4,0,0,0,0,0,0,0,2,13,0,0,0,0,8,6,4,0,2,22,9,1,0,5,1,0,1,0,0,0,0,0,2,3,10,0,0,0,0,0,20,0,0,0,83
,755,1327,2420,2304,2357,2385,3568,5080,4798,3868,3685,2915,2538,1597,3453,2215,1989,1880,2346,9,124,111,95,72,53,27,90,30,0,3,18,6,8,0,0,2,0,3,0,0,0,0,0,1,0,0,0,11,0,0,0,0,0,0,0,0,0,0,0,0,5,7,0,0,13,0,5,6,0,0,0,0,9,2,62,3,19,0,1,0,0,0,2,0,0,0,7,4,0,0,0,0,11,0,0,0,0
,760,1807,3192,3020,3131,3152,2872,4413,4161,3199,2925,2264,1932,1198,2830,1697,1539,1462,1871,8,107,80,67,48,45,45,63,42,0,18,4,1,13,2,5,8,0,5,0,6,2,0,2,0,0,7,1,2,0,0,2,0,3,0,0,0,2,0,2,0,20,4,0,0,6,0,11,17,6,0,3,0,8,1,0,5,8,2,0,0,0,4,5,0,14,2,14,9,0,90,6,0,38,5,0,0,0
,765,2339,3958,3750,3821,3885,2116,3548,3258,2355,2192,1617,1396,851,2034,1241,1057,1050,1279,20,61,55,47,24,19,7,45,9,0,8,18,1,18,0,0,65,0,7,8,0,1,0,0,0,0,0,0,4,0,0,0,0,0,7,0,0,0,0,2,0,83,0,0,0,2,0,38,0,5,0,0,0,6,0,0,1,5,0,0,0,0,0,0,0,11,13,13,2,0,0,1,0,17,4,0,0,7
,770,2729,4486,4263,4398,4359,1637,2919,2609,1821,1703,1248,1041,614,1592,927,803,766,949,9,53,40,33,22,24,7,35,9,0,0,13,0,4,0,0,1,97,0,0,6,0,0,39,5,2,0,1,55,0,18,0,0,0,0,70,0,0,0,1,0,0,4,0,0,8,1,12,4,0,0,0,0,15,0,0,10,5,0,0,0,27,0,0,66,6,11,4,5,22,0,1,0,146,13,0,0,0
,775,3020,4892,4587,4769,4701,1313,2330,2064,1434,1312,953,797,475,1258,716,612,587,765,24,39,40,26,22,20,0,27,10,59,21,19,0,6,0,25,90,5,7,0,0,5,0,70,0,0,1,0,10,0,0,0,0,0,17,0,0,0,1,2,0,3,0,0,0,5,0,29,29,5,0,1,0,12,1,0,8,8,0,4,0,0,0,4,2,6,0,2,11,31,41,1,0,3,0,0,0,1
,780,3213,4864,4609,4713,4707,890,1654,1487,1001,914,649,547,317,840,488,415,392,530,15,29,13,23,18,17,0,14,0,0,15,6,0,0,0,8,0,0,5,18,0,0,0,0,2,0,5,0,0,0,0,8,0,5,0,0,0,6,0,2,0,0,10,15,0,86,0,0,14,5,0,5,0,8,3,0,46,5,0,1,0,0,0,0,0,8,0,14,9,3,0,0,0,0,14,0,0,0
,785,3245,4554,4384,4442,4398,642,1231,1086,703,654,462,386,224,605,337,276,291,366,24,18,9,10,3,11,0,9,0,0,0,0,0,6,0,0,0,0,0,0,0,0,0,0,10,0,0,14,0,0,0,0,0,3,50,0,0,0,0,0,1,7,11,0,0,12,10,20,0,2,0,7,0,12,1,0,0,4,0,4,0,0,0,0,3,1,0,7,13,0,0,0,0,25,0,108,0,1
,790,3235,4133,3882,3950,4005,475,890,771,481,477,324,287,166,428,248,207,197,250,14,18,7,11,7,20,0,51,48,0,0,1,0,25,0,0,0,6,6,85,4,0,0,0,0,0,0,0,0,0,0,0,0,0,2,0,94,49,0,3,0,0,1,7,0,14,0,13,0,4,0,4,0,14,2,0,24,5,1,1,0,0,19,17,0,2,12,21,6,0,0,0,0,13,0,0,0,0
,795,3001,3607,3426,3483,3454,345,685,574,391,359,267,211,120,314,192,156,145,202,34,19,2,4,6,5,0,5,0,0,103,28,0,14,98,0,0,0,0,1,3,11,0,0,6,0,0,93,124,0,0,0,0,9,0,0,0,1,0,36,3,19,4,0,0,4,0,32,32,0,0,0,0,34,4,0,7,9,0,1,0,0,0,14,21,10,17,8,14,26,10,1,0,54,19,0,0,20
,800,2752,2962,2760,2877,2799,237,479,432,273,240,185,149,93,213,128,104,116,140,31,9,3,0,0,10,0,0,1,0,0,9,78,10,0,0,0,0,20,117,0,0,0,8,77,0,2,0,5,0,0,0,0,4,0,0,0,0,0,11,0,0,14,0,0,41,0,43,0,33,0,9,0,30,3,0,11,1,2,19,0,0,0,0,0,12,9,15,6,0,0,0,0,16,9,0,0,0
,805,2248,2177,2059,2115,2080,150,301,282,163,163,124,107,64,136,85,66,71,82,45,17,0,2,0,72,0,6,0,0,14,27,0,16,68,0,0,0,0,0,5,0,0,0,83,107,0,0,92,0,0,0,0,102,0,0,0,0,0,5,0,9,26,0,0,20,0,19,30,12,0,0,0,28,2,0,2,0,0,2,0,0,0,6,0,11,10,16,8,0,154,0,0,33,17,0,0,0
,810,1910,1739,1592,1620,1634,127,227,189,127,127,83,82,46,93,113,45,56,63,54,11,8,0,6,18,0,0,0,0,12,23,107,18,0,6,0,146,0,0,0,10,108,0,5,0,0,0,21,0,0,0,0,0,0,117,0,0,0,1,64,5,35,0,0,18,0,155,13,0,2,0,0,33,3,0,6,24,42,2,0,0,0,0,0,11,16,23,16,0,0,0,0,43,0,0,0,14
,815,1581,1311,1223,1260,1268,92,162,149,99,96,81,57,23,69,38,32,43,54,7,6,0,0,0,0,25,0,0,8,134,22,5,0,0,6,0,0,13,0,0,0,0,0,0,0,0,0,0,0,0,0,0,1,3,0,0,0,0,4,0,1,9,0,0,1,3,0,13,9,0,3,0,14,3,4,4,11,0,1,0,0,0,1,0,7,36,119,12,0,0,0,0,297,0,0,0,0
,820,1174,978,917,909,924,91,112,105,72,68,49,41,20,35,20,25,22,28,44,0,0,0,0,7,0,0,0,0,0,9,0,22,0,0,0,0,0,0,0,0,0,0,3,0,13,0,0,0,44,7,0,18,0,0,0,5,0,0,0,0,0,0,0,23,0,17,9,1,0,9,0,40,1,0,4,23,0,1,0,0,0,8,0,0,13,29,18,33,0,0,0,22,12,0,0,24
,825,890,706,664,661,641,59,73,85,50,50,28,30,4,28,17,24,21,44,364,5,53,0,0,9,0,0,0,0,42,11,0,69,0,0,0,0,11,25,0,0,0,0,0,0,7,0,19,0,1,20,0,0,0,0,0,1,0,11,19,0,36,0,0,2,4,50,53,12,0,7,107,32,2,0,17,17,4,5,0,50,0,1,38,9,57,18,37,0,11,0,0,117,15,0,0,0
,830,642,504,471,488,477,24,72,59,21,24,28,22,0,6,7,0,53,21,23,7,0,0,0,92,0,0,0,0,0,0,9,28,0,156,0,0,0,0,0,18,0,3,39,0,0,285,3,0,0,0,75,1,0,0,0,0,0,0,0,0,0,0,0,47,0,76,0,0,0,178,17,33,1,0,0,3,11,5,58,0,0,0,0,16,62,69,4,31,0,0,0,164,186,0,0,50
,835,511,383,378,348,377,16,41,58,26,22,8,30,0,11,0,0,0,5,183,3,0,0,110,15,0,0,72,0,12,0,0,365,0,0,0,23,0,0,15,0,0,0,0,0,309,0,43,0,7,0,0,0,0,0,0,0,0,4,215,13,111,0,0,30,198,86,0,203,0,6,174,84,9,0,19,70,0,26,0,0,0,0,69,12,56,66,13,0,0,0,0,80,47,0,0,0
,840,383,323,292,333,273,16,51,58,42,17,35,47,2,0,0,0,27,21,48,4,0,0,0,51,0,0,0,0,107,0,0,516,0,0,0,0,60,0,0,0,0,0,373,0,0,0,0,0,7,0,0,99,0,0,0,0,0,10,0,0,4,0,0,213,0,116,0,21,0,0,42,48,90,0,50,0,0,12,0,0,0,24,103,28,83,76,87,82,4,0,0,374,48,0,0,185
,845,241,218,198,205,233,38,14,99,15,234,277,31,0,0,9,0,224,6,517,15,0,0,0,436,13,0,0,0,820,0,0,50,0,0,0,0,0,56,505,0,0,0,44,0,0,0,0,0,0,0,0,26,0,0,0,259,0,223,9,0,121,0,0,51,0,205,0,6,12,0,0,159,42,0,11,0,0,25,0,0,0,0,0,259,135,193,99,0,0,0,0,416,128,0,0,0
,850,147,151,156,168,176,0,0,68,0,0,138,83,0,0,0,0,14,0,307,106,0,0,75,202,0,2,0,872,0,106,0,111,0,0,193,0,120,0,33,0,0,0,49,0,49,0,0,0,254,0,0,264,0,0,0,0,0,27,0,0,206,5,0,0,67,0,76,0,0,0,0,173,0,0,138,66,0,50,0,0,0,0,0,47,168,211,206,0,0,185,0,1613,159,0,0,0
,,,,,,,,,,,,,,,,,,,,,,,,,,,,,,,,,,,,,,,,,,,,,,,,,,,,,,,,,,,,,,,,,,,,,,,,,,,,,,,,,,,,,,,,,,,,,,,,,
Read 34:EM Spectrum,,,,,,,,,,,,,,,,,,,,,,,,,,,,,,,,,,,,,,,,,,,,,,,,,,,,,,,,,,,,,,,,,,,,,,,,,,,,,,,,,,,,,,,,,,,,,,,,,
,,,,,,,,,,,,,,,,,,,,,,,,,,,,,,,,,,,,,,,,,,,,,,,,,,,,,,,,,,,,,,,,,,,,,,,,,,,,,,,,,,,,,,,,,,,,,,,,,
,Wavelength,A1,A2,A3,A4,A5,A6,A7,A8,A9,A10,A11,A12,B1,B2,B3,B4,B5,B6,B7,B8,B9,B10,B11,B12,C1,C2,C3,C4,C5,C6,C7,C8,C9,C10,C11,C12,D1,D2,D3,D4,D5,D6,D7,D8,D9,D10,D11,D12,E1,E2,E3,E4,E5,E6,E7,E8,E9,E10,E11,E12,F1,F2,F3,F4,F5,F6,F7,F8,F9,F10,F11,F12,G1,G2,G3,G4,G5,G6,G7,G8,G9,G10,G11,G12,H1,H2,H3,H4,H5,H6,H7,H8,H9,H10,H11,H12
,500,1,1,1,1,1,2,2,3,2,3,2,2,3,3,4,4,3,3,54,5,5,7,8,9,7,5,6,10,17,17,17,14,12,20,12,16,17,12,15,16,11,11,5,12,15,14,15,11,5,13,12,16,9,13,14,13,4,18,8,11,6,9,14,9,12,17,15,13,11,12,14,15,17,9,10,6,3,1,15,7,18,9,13,11,3,22,15,12,7,11,70,61,17,18,56,50
,505,0,1,1,1,1,2,2,2,2,2,3,2,3,2,2,4,4,3,116,6,5,6,7,8,7,4,7,9,14,15,17,17,13,14,15,14,14,14,10,17,22,9,4,10,14,14,17,11,5,11,11,15,13,15,17,16,4,16,16,12,7,8,11,15,10,12,16,16,8,17,18,21,17,16,10,4,5,1,15,7,19,17,11,11,1,8,14,12,7,12,156,149,11,20,125,106
,510,1,1,0,1,1,3,2,3,3,2,1,2,3,3,3,2,2,2,260,6,7,8,6,8,7,6,7,12,14,15,14,16,10,15,14,17,14,14,10,13,15,11,5,11,15,13,11,12,7,12,13,9,7,18,16,17,5,12,14,14,5,8,10,8,15,13,16,13,16,11,17,20,23,11,10,4,5,2,15,6,14,14,16,12,3,16,8,19,7,19,314,288,8,18,257,237
,515,0,1,0,1,1,1,2,3,2,2,3,3,4,3,3,3,2,2,691,5,5,7,5,6,7,4,6,11,14,13,15,15,11,14,13,19,14,14,12,14,9,9,4,15,9,12,15,10,7,11,12,14,7,17,16,10,6,18,10,10,5,13,8,15,11,17,12,14,9,13,14,14,15,10,15,6,3,1,11,5,10,17,19,16,2,10,16,19,11,18,838,770,12,30,640,583
,520,0,0,0,1,1,3,3,2,2,2,1,3,2,1,3,2,2,3,1439,3,6,7,7,7,6,5,6,11,10,12,16,15,8,16,9,22,8,9,8,13,15,11,4,13,10,7,14,14,7,11,8,10,7,10,10,15,6,9,9,14,8,7,13,17,9,10,18,10,16,12,9,17,19,14,9,4,3,2,14,5,18,15,21,21,3,14,11,16,10,24,1795,1578,20,58,1361,1250
,525,1,1,0,1,1,2,2,2,2,3,1,1,3,3,2,1,4,2,2668,4,5,4,6,5,10,6,3,8,12,16,15,18,17,10,9,12,6,9,9,7,12,12,4,9,10,12,12,13,4,7,7,15,6,12,11,11,6,12,14,12,8,9,12,9,15,8,16,9,9,18,14,21,15,9,9,4,4,2,14,5,26,24,19,30,6,24,28,29,13,28,3271,2921,29,93,2535,2340
,530,0,0,0,1,1,2,2,2,2,2,2,3,2,2,3,1,3,2,4660,4,5,4,4,7,5,4,5,6,8,13,13,8,6,10,12,15,10,7,11,8,12,8,5,13,12,12,10,14,5,11,11,12,8,17,17,11,8,21,12,20,7,14,14,14,8,10,17,11,10,19,15,22,17,13,15,6,6,2,14,7,30,47,37,47,10,34,43,49,25,37,6116,5599,38,194,4686,4309
,535,0,1,1,1,1,1,2,2,2,2,1,3,4,1,2,2,2,1,6893,4,3,5,6,6,6,4,5,5,7,8,12,9,12,14,11,17,13,12,6,12,14,10,5,8,9,6,11,10,8,12,9,15,13,12,13,15,7,23,17,20,9,12,11,11,12,10,13,17,12,21,19,21,22,18,18,7,5,2,12,8,42,77,81,76,17,65,72,77,49,72,8538,8041,76,332,6901,6360
,540,0,1,0,0,1,2,2,1,1,3,2,1,2,1,2,1,1,2,8213,2,4,5,5,3,4,2,2,10,11,13,12,7,6,12,15,19,8,15,6,12,15,12,5,12,12,8,17,19,10,13,9,18,10,19,19,30,12,35,29,36,17,22,21,24,19,19,22,21,20,33,25,36,35,19,24,7,4,2,16,8,69,123,115,129,26,104,120,119,75,109,10241,9159,116,442,8135,7265
,545,0,1,1,0,1,2,1,2,1,2,0,1,1,1,1,3,1,4,8172,2,2,5,2,5,4,4,2,8,8,8,9,9,8,11,17,20,10,18,10,9,15,16,6,21,16,15,16,24,14,18,19,20,17,28,36,42,16,46,51,64,23,32,31,30,40,32,26,35,35,57,39,50,39,19,28,11,5,2,26,13,116,174,169,185,38,153,180,170,91,147,10534,9381,164,531,8042,7328
,550,0,0,0,0,1,2,1,2,1,1,2,1,2,2,1,2,2,0,7445,2,4,4,2,5,3,4,4,6,10,10,14,15,12,14,23,29,26,22,19,21,19,18,8,24,31,21,23,34,24,22,25,33,28,52,54,61,27,81,81,83,36,45,49,54,46,38,49,50,53,77,65,69,67,32,54,14,6,3,30,16,143,224,221,225,47,203,219,216,109,195,9450,8355,186,526,7342,6567
,555,0,0,0,0,1,1,2,1,1,2,0,2,1,1,1,1,1,1,5917,2,3,3,3,4,2,3,3,8,18,17,17,15,22,27,33,57,35,35,29,28,33,33,11,41,41,42,41,46,40,45,45,60,53,84,89,103,44,114,114,132,53,76,79,82,77,73,78,87,98,124,101,115,69,37,77,18,10,4,33,18,177,235,255,247,49,212,222,226,115,189,7323,6666,206,506,5693,5062
,560,0,0,0,0,0,1,1,1,1,2,0,1,1,1,1,3,1,1,3641,2,2,3,2,3,3,2,2,8,33,24,28,27,44,50,67,105,64,56,47,51,54,53,17,61,59,57,65,70,60,67,65,94,87,132,140,157,61,162,152,167,74,112,112,116,114,117,117,126,137,159,134,151,83,43,109,21,10,4,40,21,196,222,235,234,44,216,211,207,102,184,4973,4427,190,389,3933,3626
,565,0,1,0,0,0,1,1,1,1,1,0,1,3,1,1,3,3,2,2535,2,2,3,3,3,3,2,2,15,53,40,41,44,67,73,88,149,91,81,69,68,69,70,22,75,76,72,72,84,72,94,78,129,109,156,174,183,73,184,175,200,85,138,139,143,144,158,155,161,163,176,160,183,92,45,125,21,11,4,40,21,195,191,211,210,38,178,182,175,89,158,3561,3170,160,302,2613,2606
,570,0,0,0,0,0,1,1,1,1,1,0,1,1,1,1,1,1,0,1638,2,2,2,2,3,4,1,2,23,84,64,68,68,101,119,135,223,136,121,105,97,96,92,27,97,93,85,92,98,89,107,99,156,135,189,204,219,83,202,190,214,96,156,164,163,181,188,191,195,184,197,172,197,97,41,136,20,10,4,39,20,172,157,185,165,32,150,146,139,78,118,2364,2169,131,228,1807,1618
,575,0,0,0,0,1,1,1,1,1,1,0,2,2,1,1,1,1,1,941,1,2,2,2,3,4,1,2,42,147,111,116,123,159,193,192,329,193,170,141,142,118,125,36,114,115,99,112,120,96,134,119,182,164,208,223,247,87,222,213,226,99,185,181,201,200,208,204,212,193,188,180,197,90,35,139,17,8,4,32,19,140,110,129,121,21,109,104,105,51,90,1344,1174,94,145,1105,981
,580,0,0,0,0,0,0,1,1,0,1,0,1,1,2,1,0,1,0,531,2,1,3,1,4,5,2,2,75,229,179,201,199,243,289,280,446,271,241,195,194,153,163,44,136,136,131,136,147,102,157,129,219,180,225,241,256,89,226,221,236,110,201,201,207,221,222,219,201,189,172,150,184,65,29,122,13,6,3,24,12,96,75,88,87,14,75,71,69,36,57,772,693,66,89,579,550
,585,0,0,0,0,0,1,1,1,0,1,0,1,2,0,1,1,1,0,295,3,2,3,3,7,7,2,3,137,344,295,307,305,365,437,389,611,386,335,270,265,190,206,54,170,163,154,168,178,105,174,139,234,186,224,237,248,87,239,224,241,111,221,205,215,213,217,198,185,162,137,123,142,48,22,100,10,4,2,19,10,69,49,58,54,10,53,45,45,27,38,441,394,42,53,331,319
,590,0,0,0,0,0,0,0,0,1,1,0,1,1,1,1,1,1,0,182,1,2,4,4,9,11,2,6,208,469,393,429,422,467,576,455,744,476,412,317,321,227,252,65,194,197,180,201,211,103,177,139,222,188,218,231,248,84,234,233,230,114,209,205,211,210,188,190,159,140,109,96,116,39,17,77,6,3,2,15,8,52,44,43,44,7,36,33,35,19,29,275,244,42,37,213,202
,595,0,0,0,0,0,0,1,2,0,1,0,1,1,1,1,3,1,0,125,2,3,4,6,15,18,3,9,309,626,562,584,574,630,763,574,831,548,492,389,382,267,312,78,238,229,205,232,248,101,190,140,230,182,214,232,238,83,234,235,250,115,205,193,198,185,164,150,128,108,86,76,93,29,12,62,6,3,1,11,6,38,26,33,31,4,27,24,28,14,22,178,158,23,27,137,128
,600,0,0,0,0,0,0,1,0,0,1,0,1,1,0,1,1,0,0,69,2,4,6,10,26,32,6,16,474,870,797,821,815,793,1009,622,863,620,579,450,438,327,362,94,291,268,249,272,263,94,200,130,223,173,200,227,235,78,234,225,245,110,164,158,165,145,126,111,99,77,60,57,64,19,9,46,4,1,1,8,4,24,15,23,22,3,19,16,18,10,16,103,94,20,16,79,77
,605,0,0,0,0,0,1,0,0,0,2,0,3,1,2,1,1,1,0,59,3,7,11,18,48,60,9,30,704,1148,1111,1163,1116,969,1213,616,766,625,587,488,507,363,400,108,315,291,262,293,274,89,202,127,216,170,191,206,220,74,215,200,226,95,125,124,122,102,95,75,60,51,42,34,45,16,8,30,3,2,1,6,4,19,20,18,15,2,10,11,13,7,11,63,69,13,10,43,46
,610,0,0,0,0,0,0,1,2,1,1,0,1,1,0,3,1,0,2,31,4,10,18,31,88,98,15,52,976,1376,1454,1465,1429,1042,1407,589,660,593,552,477,495,390,409,116,354,308,274,283,265,88,212,134,219,178,180,203,207,68,201,173,202,81,97,95,87,74,77,59,47,36,29,22,35,9,7,24,2,0,1,7,3,11,10,14,12,1,10,18,11,9,8,43,51,11,9,31,33
,615,0,0,0,0,0,1,1,0,1,1,0,1,1,0,1,0,1,0,24,6,17,29,50,147,163,24,86,1275,1587,1773,1780,1670,1029,1427,474,546,503,499,459,478,385,391,113,331,305,260,271,254,80,223,129,226,170,170,189,180,55,167,150,172,75,71,67,66,58,49,45,33,40,24,19,27,11,3,17,2,1,1,3,3,12,8,11,13,0,8,5,9,6,7,32,32,8,8,17,25
,620,0,0,0,0,0,2,1,0,0,1,0,1,1,1,3,1,0,0,14,13,29,50,89,233,255,44,136,1671,1755,2070,2059,1844,943,1382,386,396,403,412,375,418,351,356,107,309,262,236,235,204,69,232,121,211,151,152,161,147,43,132,100,135,49,46,49,46,39,36,33,25,19,17,13,18,9,5,12,1,0,1,3,2,4,17,9,8,0,6,2,8,8,16,22,21,6,7,12,17
,625,0,0,0,0,0,0,1,2,0,1,0,4,4,1,1,1,1,0,8,18,48,92,154,386,410,79,223,2096,1773,2238,2183,1968,774,1228,275,276,299,308,305,324,286,296,94,264,229,193,196,164,55,216,115,188,134,123,126,115,33,99,72,92,36,36,32,34,29,36,21,18,11,16,9,15,7,3,7,2,0,1,2,2,6,16,6,6,0,3,4,7,5,5,18,18,2,3,3,14
,630,0,0,0,0,0,1,1,1,1,2,1,4,4,1,3,2,5,1,6,29,84,153,257,598,613,131,341,2432,1605,2249,2121,1879,597,988,191,187,210,224,219,245,227,219,73,207,173,150,143,118,41,188,94,157,105,98,88,84,24,67,53,65,24,22,22,29,21,22,28,11,9,11,5,8,18,6,9,1,0,1,1,5,3,1,4,6,0,1,0,4,4,5,11,15,6,3,3,9
,635,0,0,0,0,0,2,1,1,2,3,2,4,5,2,4,4,2,2,4,49,126,224,373,844,821,199,476,2633,1451,2131,2004,1731,497,816,138,142,160,169,172,188,184,171,60,168,143,119,112,91,38,158,81,124,83,72,73,66,19,56,48,50,20,19,21,24,19,16,12,10,7,11,4,9,4,4,2,2,0,1,1,1,1,1,9,7,0,0,0,7,4,3,13,13,5,1,1,9
,640,0,0,0,0,1,3,2,2,3,4,3,4,9,3,5,5,5,3,0,74,197,326,551,1148,1122,291,631,2600,1187,1855,1711,1456,353,620,101,108,112,126,121,137,140,132,46,124,100,86,84,64,24,115,61,111,62,51,52,49,12,39,26,35,15,12,17,15,15,12,14,21,3,5,2,7,4,3,6,2,0,1,0,2,0,0,4,1,0,0,0,5,3,3,11,7,18,0,2,8
,645,0,0,0,0,1,5,3,3,5,6,6,8,11,6,8,7,9,6,5,118,295,503,765,1475,1419,430,846,2442,949,1539,1395,1190,256,453,68,73,74,94,92,101,96,88,33,82,72,58,59,46,25,89,47,74,45,42,38,31,11,32,24,28,13,11,10,10,9,10,9,6,2,8,0,5,6,2,5,1,0,1,1,2,13,0,16,6,0,1,0,5,5,2,11,12,3,1,10,10
,650,0,0,0,0,0,9,4,6,9,9,11,18,18,9,14,15,19,12,18,192,436,723,1054,1874,1743,623,1099,2053,665,1164,1015,859,170,322,47,50,56,58,75,73,71,56,23,57,49,42,56,31,14,65,32,57,32,26,27,25,6,23,10,31,11,9,9,15,7,5,5,4,0,20,0,5,1,3,3,0,0,1,0,1,0,1,6,4,0,0,0,3,7,7,5,8,5,0,0,6
,655,0,0,0,1,0,14,8,9,13,16,17,21,28,14,22,23,20,19,0,269,582,943,1315,2164,2000,823,1324,1732,507,910,788,677,119,245,33,44,44,47,47,48,54,42,18,43,35,30,34,24,9,42,25,34,22,40,20,16,4,21,11,23,8,5,6,10,6,6,5,5,0,7,0,6,1,12,1,1,0,0,0,1,0,0,1,1,0,0,0,3,3,20,7,13,1,19,0,4
,660,0,1,1,1,1,21,12,14,23,24,29,33,45,21,33,35,36,30,5,376,756,1194,1586,2349,2140,1014,1510,1408,388,684,625,504,103,188,22,30,29,33,39,35,42,34,13,29,29,18,25,18,8,35,23,27,29,12,17,16,5,14,4,7,6,3,3,7,7,4,7,1,0,3,0,4,5,1,2,6,0,1,0,2,0,0,2,3,0,0,0,5,4,2,29,7,3,0,0,3
,665,0,1,1,2,1,34,19,23,36,38,45,56,72,34,53,55,56,50,0,511,943,1458,1832,2515,2243,1261,1682,1084,271,513,436,371,58,130,16,25,20,26,23,25,42,21,10,22,20,13,20,14,5,37,28,18,26,13,11,8,11,13,22,9,5,2,2,21,3,4,2,3,0,4,0,7,0,3,1,0,0,1,0,2,0,1,3,1,0,0,0,5,4,0,3,7,2,0,0,27
,670,2,2,2,2,2,63,33,40,61,65,80,96,128,63,93,98,100,87,0,688,1182,1741,2052,2421,2214,1535,1808,763,186,335,321,246,43,91,10,22,14,15,16,24,21,18,8,17,19,9,18,10,4,18,10,13,8,10,8,7,4,11,1,6,5,3,6,7,0,3,5,0,0,26,13,2,20,1,20,0,0,1,0,0,0,0,5,5,0,0,0,5,6,1,2,7,0,0,0,14
,675,1,3,5,3,4,98,50,65,96,101,133,145,196,100,147,156,159,144,0,876,1378,1936,2128,2266,2024,1705,1777,579,141,252,229,189,34,70,3,16,19,16,13,13,16,8,8,13,11,3,12,7,4,13,10,9,7,9,4,3,5,29,2,0,15,2,4,5,23,0,0,0,0,4,0,24,0,2,2,1,0,1,0,1,0,0,5,1,0,0,0,0,6,0,5,8,0,0,0,7
,680,2,5,5,5,5,155,79,100,150,159,207,234,301,155,225,245,254,223,0,1065,1515,1999,2091,2019,1847,1796,1689,415,116,180,157,135,27,55,0,36,3,10,10,5,9,20,4,8,6,2,12,2,2,9,10,11,1,10,0,10,4,10,0,5,5,0,0,6,0,3,11,0,0,2,0,0,0,0,2,1,0,1,0,1,0,0,2,0,0,0,0,4,3,2,9,6,8,0,0,4
,685,3,8,7,8,8,242,123,152,238,250,323,372,485,244,354,393,387,343,0,1274,1625,2022,1979,1708,1560,1807,1504,298,75,142,117,98,18,42,5,15,1,5,10,7,9,3,4,8,8,3,14,3,0,8,9,11,2,4,6,4,2,4,2,3,6,1,0,28,2,6,0,4,0,0,0,0,0,0,2,0,0,1,0,1,0,0,3,6,0,0,0,2,7,4,10,9,5,0,0,12
,690,5,13,13,14,13,374,191,246,373,384,513,572,745,373,562,607,611,548,0,1407,1670,1986,1824,1380,1239,1846,1289,232,58,102,96,64,9,38,0,11,0,3,9,3,8,3,2,2,10,0,15,1,2,5,8,4,8,4,0,1,2,25,0,0,2,0,0,4,0,0,0,0,0,4,0,3,3,4,1,1,0,3,0,0,0,0,0,0,0,0,0,0,6,0,3,8,0,0,0,4
,695,8,23,22,23,22,629,324,413,631,642,859,951,1230,640,923,984,1019,912,0,1497,1605,1762,1556,1095,994,1657,1054,156,32,82,64,50,5,27,0,10,0,0,1,1,9,0,2,0,5,0,13,0,0,32,7,0,3,6,2,1,2,1,1,2,4,0,7,4,0,2,0,5,0,9,0,0,7,2,0,0,0,1,0,3,0,0,2,1,0,0,0,4,4,0,5,6,0,0,0,11
,700,13,35,36,35,34,1006,501,641,984,1051,1338,1461,1828,998,1423,1505,1525,1382,0,1521,1509,1641,1338,854,793,1477,862,113,28,78,51,32,2,19,0,7,0,0,5,2,4,0,3,1,1,0,5,0,0,1,9,6,0,0,0,0,3,6,0,0,3,0,0,0,7,9,1,0,0,3,0,0,0,4,0,0,0,1,0,3,0,0,3,1,0,0,0,11,6,0,0,17,0,0,0,0
,705,20,55,53,56,54,1487,764,974,1453,1519,1934,2098,2551,1484,2045,2116,2202,1968,0,1425,1343,1354,1098,677,617,1273,697,85,20,50,42,25,2,17,0,13,0,3,0,3,7,0,4,0,8,0,26,2,16,3,7,8,1,0,4,8,6,9,0,4,3,0,3,0,8,4,0,1,0,1,0,0,0,8,0,0,0,2,0,3,0,0,10,42,0,0,0,8,6,0,48,12,5,0,0,0
,710,32,84,78,78,80,2057,1124,1426,2060,2136,2616,2896,3130,2095,2748,2776,2795,2711,0,1267,1113,1122,859,476,427,1029,520,63,8,38,34,21,0,42,0,3,1,1,29,0,5,0,8,3,2,0,8,5,1,1,2,2,0,3,0,0,2,4,0,0,1,0,0,0,0,0,0,0,0,0,0,0,0,0,0,0,0,2,0,0,0,0,2,0,0,0,0,7,5,0,16,6,2,0,0,8
,715,49,124,122,124,124,2904,1698,2085,2951,3039,3512,3763,3729,2917,3430,3460,3436,3420,0,1011,865,796,589,316,285,753,334,40,2,27,21,16,0,5,0,10,0,2,0,6,4,0,1,30,6,0,25,0,2,3,4,3,0,2,20,0,5,0,0,25,2,0,3,3,0,2,0,0,0,3,0,0,0,0,0,0,0,4,0,2,0,0,5,0,0,0,0,6,5,0,4,15,0,0,0,8
,720,72,185,178,188,180,3680,2322,2832,3743,3804,4226,4437,3964,3660,3949,3877,3826,3937,4,839,712,620,443,222,202,581,246,30,3,21,15,11,0,9,0,7,0,3,0,0,7,0,9,29,3,0,8,26,0,6,4,7,0,9,0,0,4,9,0,0,7,0,30,3,1,2,0,0,0,7,0,4,0,5,1,5,0,1,0,2,0,0,0,7,0,6,30,5,6,0,38,16,22,0,0,8
,725,105,261,263,261,265,4402,3061,3641,4618,4568,4692,4998,4084,4382,4307,4171,4060,4329,0,704,564,502,348,183,151,464,189,27,31,12,19,12,0,9,6,5,19,2,0,2,3,0,2,0,5,17,8,0,1,2,1,0,0,28,0,3,3,5,0,0,5,2,0,4,0,7,0,3,0,1,0,0,0,0,0,0,0,1,0,2,0,0,5,5,0,1,0,2,6,0,3,8,0,0,0,46
,730,154,386,386,384,379,4985,3921,4594,5256,5162,5071,5285,4073,4970,4471,4329,4188,4536,0,611,464,398,285,137,123,367,162,19,3,17,10,6,0,5,0,0,0,0,1,0,7,0,3,0,4,0,12,6,1,5,4,9,2,0,1,0,3,14,0,0,4,27,6,6,4,0,0,0,0,3,0,6,0,1,34,0,0,1,0,1,0,0,0,2,0,0,22,9,7,0,9,12,0,0,0,7
,735,232,590,573,588,580,5456,4884,5509,5825,5608,5294,5416,3866,5348,4497,4177,4085,4605,0,490,372,309,213,102,98,297,116,19,0,16,11,2,0,10,0,0,0,1,1,0,10,0,2,0,4,0,15,3,2,30,5,0,0,47,0,36,3,8,0,0,6,0,0,5,0,0,0,0,34,9,0,0,8,6,0,1,0,1,0,4,0,0,8,11,0,0,0,1,8,0,7,11,0,0,0,12
,740,372,934,911,916,918,5370,5623,6009,5738,5618,4963,4948,3272,5262,3995,3694,3492,4136,0,362,267,236,169,72,67,205,80,8,0,12,8,0,0,4,0,4,0,0,0,0,1,0,4,0,1,0,5,0,2,0,11,2,0,0,0,0,5,8,0,0,0,0,0,4,0,0,0,3,0,1,0,0,0,6,0,2,0,1,0,14,0,0,0,7,0,0,0,0,9,0,1,65,50,0,0,0
,745,543,1308,1288,1284,1285,5101,5802,6037,5510,5167,4380,4448,2847,4988,3599,3303,3051,3638,3,275,201,170,112,52,57,152,59,5,0,14,7,0,0,4,0,0,0,0,0,0,43,0,10,0,37,0,8,2,1,2,8,11,0,3,0,0,3,16,0,0,6,0,0,2,0,3,0,0,0,19,0,0,49,1,0,16,0,2,0,5,0,0,14,3,0,0,0,10,8,2,17,21,11,0,0,11
,750,737,1818,1768,1774,1739,4560,5652,5825,4939,4588,3716,3760,2291,4373,2972,2726,2542,3064,0,203,152,128,85,47,42,112,42,5,0,15,10,0,0,19,0,0,3,0,0,0,10,0,1,0,49,0,15,0,0,1,8,11,0,0,0,0,30,15,0,47,6,0,53,8,0,52,0,0,0,3,0,0,0,0,0,0,0,3,0,1,0,0,4,0,0,0,0,11,14,1,4,20,0,0,0,0
,755,1048,2464,2366,2412,2339,3691,5073,5075,4114,3771,2939,2974,1762,3603,2342,2061,1945,2407,0,142,112,104,58,30,26,78,36,9,0,7,0,0,0,61,8,0,0,0,0,0,9,0,3,0,9,0,10,0,0,0,20,0,0,0,8,0,2,11,0,0,7,0,0,6,0,9,0,0,0,9,0,0,0,12,0,0,0,2,0,0,0,0,0,4,0,0,0,14,15,3,14,14,0,0,0,16
,760,1421,3228,3158,3196,3097,2957,4538,4358,3302,3053,2316,2326,1319,2901,1805,1614,1488,1892,0,103,79,70,66,20,31,65,20,0,0,8,10,0,0,10,0,21,0,0,0,57,18,0,2,0,5,0,17,0,3,0,18,73,0,2,0,2,6,21,0,17,13,2,0,20,0,72,0,0,0,0,0,6,79,7,4,0,13,2,0,0,0,0,25,0,0,0,0,0,16,0,14,18,0,0,0,8
,765,1832,4064,3868,3903,3835,2230,3590,3404,2467,2252,1679,1699,913,2150,1281,1108,1046,1311,0,71,62,56,27,10,17,44,13,0,0,6,0,0,0,2,0,4,0,0,0,0,3,0,6,0,63,0,27,6,0,0,16,30,0,73,0,0,5,66,0,2,10,0,0,8,0,0,0,0,0,0,0,0,1,6,0,0,0,3,0,1,0,0,0,0,0,0,0,5,65,0,0,27,21,0,0,23
,770,2161,4650,4374,4458,4397,1707,2890,2710,1944,1730,1253,1281,709,1622,962,874,785,969,0,55,45,44,12,11,17,28,0,0,0,82,2,0,0,0,0,19,0,69,0,0,0,0,1,0,9,0,20,4,0,0,20,4,0,3,0,0,2,19,0,0,5,0,0,8,0,0,0,0,0,24,0,2,1,3,0,2,0,2,8,2,0,0,0,0,0,0,0,11,23,0,12,39,0,0,0,0
,775,2483,4998,4744,4773,4748,1310,2320,2186,1503,1374,1013,956,528,1262,747,666,583,757,0,41,38,35,10,9,10,21,4,62,0,49,6,0,0,11,0,19,0,0,31,0,27,0,7,0,12,0,15,0,46,12,15,105,0,16,0,0,6,18,0,16,9,0,0,71,2,0,0,0,0,8,0,0,51,14,0,0,0,2,0,39,0,0,20,20,0,0,0,25,22,5,26,15,10,0,0,25
,780,2706,4988,4760,4735,4700,928,1716,1526,1046,965,674,669,368,880,496,422,399,516,0,54,21,21,2,7,16,13,31,0,0,1,11,0,0,10,0,24,0,0,0,0,6,0,6,0,3,0,9,0,0,0,5,7,0,0,13,0,15,11,0,0,18,0,5,0,0,28,0,0,0,12,0,0,0,0,0,0,0,4,0,3,0,0,5,0,0,0,0,21,5,0,22,24,0,57,0,160
,785,2789,4659,4535,4520,4355,646,1235,1114,730,670,481,473,253,633,348,292,263,358,0,18,14,22,32,0,5,4,0,53,0,15,0,0,0,0,0,26,0,0,0,0,6,0,2,0,14,0,32,0,4,0,20,5,0,0,0,0,17,0,0,0,16,0,0,8,0,0,0,0,0,2,0,17,0,9,0,0,0,5,0,5,0,0,32,0,0,0,0,0,84,0,0,42,0,0,0,25
,790,2842,4205,3995,4103,3976,476,896,803,514,476,319,346,198,464,259,225,241,242,0,17,24,33,5,6,0,10,0,0,0,7,0,0,0,9,0,21,0,0,0,0,18,0,6,0,21,0,134,0,0,0,1,0,0,0,82,0,67,16,0,0,14,0,2,5,0,0,0,0,0,14,0,0,5,2,0,0,0,4,0,1,0,0,1,0,0,0,0,12,30,0,26,60,5,27,0,57
,795,2705,3705,3530,3505,3510,349,653,620,405,361,252,265,146,315,204,172,147,184,0,9,50,22,56,0,7,49,0,0,0,18,16,0,0,0,0,16,0,0,17,0,23,0,2,0,0,0,33,0,4,0,22,0,0,0,0,0,12,36,0,0,15,118,0,28,6,0,18,0,0,7,100,0,13,27,0,0,0,5,0,0,0,0,0,0,0,0,0,31,22,0,18,21,5,0,0,63
,800,2506,3033,2902,2923,2811,238,497,427,282,256,168,185,109,244,142,129,117,117,0,3,10,21,0,0,2,3,0,0,0,5,0,0,0,13,0,18,0,94,0,0,5,0,5,133,0,0,40,0,0,3,23,0,9,142,0,0,71,27,0,0,4,0,0,14,19,0,0,0,0,21,0,0,0,0,0,0,0,2,64,3,0,0,31,0,0,0,0,47,31,0,9,91,0,0,0,11
,805,2145,2241,2156,2164,2075,174,360,289,206,180,94,118,79,155,98,82,76,76,0,0,3,6,0,0,4,0,0,0,0,18,114,0,0,4,0,11,0,2,0,1,23,0,12,3,16,0,32,0,0,105,13,24,0,23,0,159,2,7,0,0,0,0,0,0,3,0,0,0,103,0,0,9,0,13,0,1,0,19,0,4,180,0,17,0,0,34,0,0,28,0,43,35,1,0,0,0
,810,1827,1758,1693,1679,1612,123,239,211,142,147,80,105,57,119,125,66,52,60,18,0,0,2,0,0,7,0,56,7,0,6,0,0,0,12,0,17,0,7,0,0,2,0,6,0,13,0,55,0,5,0,27,0,0,20,12,0,6,55,0,0,19,0,0,0,180,0,0,0,0,19,98,0,0,3,0,0,0,5,0,0,0,0,7,17,0,16,139,33,28,0,47,8,6,0,0,68
,815,1496,1351,1279,1302,1229,87,180,161,100,114,55,72,44,96,71,51,48,40,0,0,0,16,0,0,1,0,0,0,0,43,41,0,0,17,0,18,0,0,0,0,27,0,6,0,23,0,34,9,0,0,2,0,0,0,0,0,3,198,0,0,18,0,0,18,0,0,185,0,0,10,0,0,0,42,0,66,43,7,0,10,0,0,0,0,0,0,0,0,39,0,25,62,0,0,0,73
,820,1191,994,932,937,900,56,127,116,72,68,35,59,32,72,42,43,39,29,0,0,0,10,0,0,1,37,0,0,0,15,0,0,0,49,0,20,0,157,0,0,30,0,0,0,11,0,62,20,0,0,42,14,0,12,0,0,17,51,0,0,5,0,0,20,0,0,0,0,0,5,0,0,0,4,0,0,0,4,0,8,0,0,0,0,0,0,0,27,57,0,43,33,28,232,0,0
,825,893,720,669,663,637,46,99,78,52,55,8,63,27,47,41,79,22,14,0,0,5,10,7,0,7,3,0,0,0,53,10,0,0,0,93,18,0,4,0,0,43,0,5,0,0,0,51,0,8,48,35,24,0,0,0,0,15,11,0,0,32,0,19,0,0,7,25,32,0,0,0,0,0,0,30,1,0,15,0,24,0,0,11,58,0,0,0,25,24,12,87,12,9,0,0,423
,830,653,507,476,499,448,31,67,108,54,63,4,39,55,24,26,27,19,0,0,0,4,16,0,0,1,7,0,0,0,30,0,0,0,227,0,0,0,0,0,0,39,0,29,42,0,0,97,60,0,14,57,0,6,0,0,0,154,78,0,0,41,0,0,31,0,0,0,0,0,37,0,0,0,67,0,0,0,12,0,17,0,0,0,0,0,0,0,0,41,0,10,106,23,0,0,37
,835,501,417,368,383,370,25,47,134,123,35,0,56,4,22,21,63,29,0,0,7,13,18,0,166,45,0,0,0,0,49,0,0,0,31,0,0,0,49,0,0,34,0,27,0,0,0,60,0,224,0,30,65,0,26,0,0,6,69,70,0,49,0,0,41,0,98,0,0,0,0,0,0,0,8,39,0,0,17,0,0,0,0,0,59,0,0,0,114,78,0,75,114,45,0,0,18
,840,383,297,262,298,255,63,51,52,25,235,0,47,24,0,48,51,34,0,0,0,169,27,0,0,0,0,0,0,0,60,0,0,0,0,0,31,0,25,0,0,35,0,21,0,121,0,221,0,20,0,0,167,0,0,0,0,58,118,0,2,44,0,0,27,0,0,0,0,0,14,0,0,0,64,0,0,0,20,0,80,0,0,28,0,0,0,0,0,92,0,289,1245,87,0,0,73
,845,266,202,187,204,166,7,10,0,29,15,0,43,61,11,44,7,1,0,0,0,0,42,0,0,91,0,0,0,0,95,21,0,0,2,0,0,0,0,0,0,10,0,363,0,104,0,287,0,18,0,202,183,0,0,0,0,3,194,0,87,148,0,0,100,0,0,0,12,0,23,0,0,10,0,0,0,0,42,0,37,0,0,46,3,0,0,0,0,235,0,321,308,0,0,0,155
,850,149,164,124,175,119,0,56,10,0,35,0,0,90,0,83,23,0,0,0,0,6,103,0,0,69,0,0,0,0,58,1247,0,0,0,0,125,0,0,0,0,16,0,69,0,55,0,152,0,9,0,179,0,246,0,0,149,234,177,0,0,218,0,0,166,86,49,0,0,0,0,0,0,0,0,0,0,0,58,0,0,0,0,0,0,207,0,0,55,223,0,0,2819,0,0,0,134
,,,,,,,,,,,,,,,,,,,,,,,,,,,,,,,,,,,,,,,,,,,,,,,,,,,,,,,,,,,,,,,,,,,,,,,,,,,,,,,,,,,,,,,,,,,,,,,,,
Read 35:EM Spectrum,,,,,,,,,,,,,,,,,,,,,,,,,,,,,,,,,,,,,,,,,,,,,,,,,,,,,,,,,,,,,,,,,,,,,,,,,,,,,,,,,,,,,,,,,,,,,,,,,
,,,,,,,,,,,,,,,,,,,,,,,,,,,,,,,,,,,,,,,,,,,,,,,,,,,,,,,,,,,,,,,,,,,,,,,,,,,,,,,,,,,,,,,,,,,,,,,,,
,Wavelength,A1,A2,A3,A4,A5,A6,A7,A8,A9,A10,A11,A12,B1,B2,B3,B4,B5,B6,B7,B8,B9,B10,B11,B12,C1,C2,C3,C4,C5,C6,C7,C8,C9,C10,C11,C12,D1,D2,D3,D4,D5,D6,D7,D8,D9,D10,D11,D12,E1,E2,E3,E4,E5,E6,E7,E8,E9,E10,E11,E12,F1,F2,F3,F4,F5,F6,F7,F8,F9,F10,F11,F12,G1,G2,G3,G4,G5,G6,G7,G8,G9,G10,G11,G12,H1,H2,H3,H4,H5,H6,H7,H8,H9,H10,H11,H12
,500,1,1,1,1,1,2,2,2,2,2,2,2,2,3,3,3,3,2,51,5,6,5,8,11,10,6,5,15,18,14,17,15,13,21,14,20,13,14,14,5,16,13,15,17,5,10,12,13,16,13,11,14,11,2,19,7,10,9,11,12,11,7,5,11,17,2,16,12,9,5,12,16,21,3,1,21,6,24,18,26,11,2,6,9,6,8,9,10,19,13,58,63,15,10,52,50
,505,1,1,1,1,1,2,2,2,2,2,3,2,3,2,2,2,4,3,112,5,8,7,9,9,7,8,6,9,14,16,14,17,13,17,14,14,13,17,13,5,15,11,16,12,7,10,12,11,15,8,14,9,16,2,13,9,10,7,12,16,15,12,2,10,16,2,24,16,13,6,8,14,16,4,3,21,5,21,29,24,12,3,4,10,8,17,16,15,17,12,140,130,15,20,110,100
,510,0,1,1,1,1,3,1,2,3,3,2,3,3,2,3,1,3,3,238,5,6,6,6,11,10,7,7,10,16,16,18,15,16,19,18,17,10,14,17,4,11,11,13,10,5,7,15,15,10,8,14,12,12,2,15,6,10,7,11,14,10,8,4,14,16,1,17,17,7,6,11,15,17,4,2,16,6,18,23,16,10,3,4,13,5,15,16,9,19,12,301,266,11,19,226,201
,515,1,1,1,1,1,2,2,1,3,2,3,4,2,1,2,1,2,2,622,5,7,7,5,7,10,5,5,8,16,12,17,17,18,14,12,17,19,11,10,6,11,11,17,15,5,9,15,15,10,7,10,8,9,2,18,6,10,8,11,17,11,7,4,11,10,2,17,16,6,4,8,21,15,3,2,21,6,25,24,17,12,3,8,18,5,16,10,11,23,19,796,741,19,36,595,529
,520,1,1,1,1,1,2,2,1,2,1,2,2,3,1,2,1,3,2,1321,4,5,5,10,9,9,6,4,12,18,15,17,15,11,13,10,11,10,16,15,4,9,14,10,15,7,6,16,11,9,8,12,13,14,2,17,5,6,6,11,10,10,9,5,10,14,1,18,8,7,6,12,19,21,4,2,21,5,23,22,23,18,4,8,15,8,14,14,21,19,16,1662,1535,22,54,1311,1121
,525,0,1,1,1,1,2,3,2,1,2,3,1,2,1,2,1,2,2,2378,4,7,6,4,9,6,4,4,8,12,10,16,12,11,21,15,18,16,11,8,3,13,7,10,9,8,9,10,9,13,8,13,11,13,2,12,8,7,11,16,12,10,13,2,9,17,2,11,15,7,5,12,15,15,3,2,18,5,16,16,16,14,5,8,20,14,19,20,28,33,22,3149,2753,22,97,2308,2057
,530,0,0,1,0,1,3,2,2,1,1,2,2,1,2,3,1,3,4,4378,4,6,4,7,6,9,5,5,10,10,13,10,12,10,15,9,16,14,14,15,4,11,15,10,9,4,9,16,14,15,7,16,7,13,2,20,7,9,12,14,17,12,8,5,11,17,2,13,12,17,5,8,18,19,4,2,13,6,23,24,19,25,8,15,41,25,41,40,45,53,44,5682,5042,40,188,4419,3749
,535,0,1,1,0,1,1,2,2,2,2,3,2,1,1,3,0,2,1,6611,3,5,8,4,7,4,5,4,10,15,8,12,15,10,11,19,19,13,11,11,5,10,16,10,11,5,8,15,11,20,7,15,14,11,3,15,9,22,16,22,29,21,14,4,18,19,3,16,22,18,11,16,21,23,4,2,22,6,25,30,27,50,16,28,83,39,70,78,86,102,73,8229,7509,72,331,6360,5379
,540,0,1,1,1,0,3,2,2,1,1,3,1,1,2,1,0,3,2,7508,5,4,4,5,8,6,6,3,7,10,8,15,16,15,12,10,17,11,10,13,6,9,15,11,19,5,10,14,15,20,10,15,24,19,3,25,17,22,26,38,40,37,28,9,27,29,3,23,30,22,13,17,36,30,4,3,19,9,31,32,34,77,24,48,139,61,115,134,122,135,124,9816,8615,117,443,7398,6312
,545,0,1,0,0,0,1,2,1,2,0,1,1,4,2,1,0,1,1,7979,2,5,3,5,7,3,2,2,6,16,8,13,10,16,15,14,29,16,19,17,5,19,13,18,23,8,16,25,23,40,15,25,18,24,4,36,26,35,39,64,68,52,34,12,45,40,4,36,38,33,20,28,47,46,7,5,29,8,51,48,43,104,32,64,178,83,165,163,176,189,160,10500,8838,165,519,7626,6623
,550,0,1,0,0,1,2,1,0,0,1,2,0,1,0,1,0,1,0,6922,3,3,2,6,8,3,2,4,6,17,10,16,14,20,27,28,40,29,21,24,8,23,19,34,25,11,22,31,40,59,28,33,36,39,9,68,39,61,55,88,99,75,57,18,58,55,9,58,63,52,31,42,75,55,8,8,46,11,61,55,64,150,40,80,228,94,217,207,201,228,190,9210,8127,197,547,6829,5887
,555,0,1,0,0,1,3,1,1,1,2,1,0,1,1,2,1,2,1,5434,3,3,4,3,4,5,3,4,11,26,19,28,23,37,44,44,72,45,41,34,15,40,40,38,42,21,31,44,55,85,44,55,57,71,11,100,61,91,83,143,121,115,90,29,88,88,14,93,100,76,46,66,102,74,11,15,56,14,64,64,70,185,44,93,247,102,231,230,212,234,200,7331,6505,217,500,5423,4698
,560,0,0,1,0,1,1,1,0,1,1,1,1,1,1,1,1,2,1,3583,2,3,3,3,4,4,2,2,16,54,36,38,47,67,80,74,133,75,66,58,24,60,61,60,68,31,42,63,75,128,68,86,87,119,16,138,84,123,112,172,160,164,121,39,123,127,20,134,144,107,59,93,148,85,12,18,67,16,76,76,82,194,42,91,234,95,231,219,207,227,186,5113,4286,193,406,3613,3310
,565,0,0,0,1,0,1,1,0,1,1,2,1,1,1,2,0,1,0,2415,2,3,3,3,5,3,3,2,27,73,57,59,64,96,123,107,198,112,91,76,33,79,80,70,76,38,54,79,95,157,87,109,107,135,20,175,99,138,135,204,177,194,148,48,150,160,25,167,170,127,64,105,181,95,12,21,70,16,79,73,82,199,35,81,207,85,209,187,185,185,162,3552,3003,172,311,2640,2281
,570,0,0,0,0,0,1,1,1,1,1,1,1,1,1,1,0,1,1,1555,2,3,2,3,6,5,3,3,48,119,90,97,106,146,196,153,282,156,134,108,48,97,101,97,92,44,60,108,108,169,106,133,140,164,24,207,111,154,143,226,196,210,173,57,166,187,29,190,202,146,71,119,202,92,12,23,70,15,75,70,73,175,28,61,160,69,157,160,139,146,118,2245,2008,140,214,1672,1507
,575,0,0,1,0,0,1,0,0,1,1,1,0,1,1,1,0,1,1,885,2,3,2,3,6,6,5,2,79,201,155,161,176,218,311,226,413,222,199,160,66,128,131,121,117,55,76,119,132,187,128,147,155,196,26,225,125,159,151,229,208,229,190,60,187,208,32,208,206,143,70,113,209,80,11,21,59,12,62,71,65,136,22,46,115,49,124,107,100,95,88,1331,1181,99,142,993,883
,580,0,0,0,0,0,1,1,0,0,1,1,0,3,0,1,0,1,0,513,2,2,3,3,8,8,2,4,138,301,244,259,267,322,450,308,570,316,265,216,90,160,175,140,144,69,84,142,156,201,142,157,170,210,27,232,127,161,157,238,208,253,197,65,210,216,33,217,213,139,62,100,190,77,8,19,46,11,53,49,49,103,13,32,78,30,75,73,68,71,65,752,664,71,88,592,508
,585,0,0,0,0,0,1,2,0,1,0,1,0,0,0,1,0,0,0,279,2,3,2,4,14,14,6,5,229,451,374,389,404,487,628,421,753,425,365,288,122,200,221,183,174,85,104,194,199,201,157,160,180,209,27,228,124,159,156,248,215,255,212,70,220,213,31,206,190,122,49,79,158,50,6,15,33,8,37,36,50,67,9,21,51,23,51,50,47,49,42,429,377,41,53,306,281
,590,0,0,0,0,0,1,1,0,1,1,1,0,1,2,1,0,1,0,174,4,4,4,7,19,24,4,8,337,583,521,549,550,595,772,504,884,510,435,343,144,252,260,224,212,99,123,208,231,196,167,165,184,210,27,220,124,152,163,252,225,259,220,67,214,204,29,179,160,100,42,65,125,41,5,12,26,6,32,28,29,48,7,17,46,18,35,35,34,34,28,276,234,34,44,198,172
,595,0,0,0,0,0,1,1,0,0,0,3,0,0,0,1,0,1,0,109,2,5,5,10,34,35,5,13,475,774,687,714,739,767,949,571,922,587,518,414,168,280,320,269,243,116,147,238,267,199,172,161,181,209,25,217,122,156,165,264,231,269,197,62,201,187,25,152,131,81,33,47,104,33,3,9,19,9,24,22,19,35,5,12,29,13,24,24,25,29,21,175,146,25,38,119,111
,600,0,0,0,0,0,0,0,0,0,0,1,0,1,1,3,0,0,0,71,3,6,9,18,64,69,9,25,687,1032,984,996,1002,931,1085,611,879,622,561,465,196,336,376,308,287,134,167,273,279,183,180,164,181,213,25,214,120,152,166,253,229,249,162,52,166,143,19,109,96,57,22,36,72,33,3,7,15,4,18,12,15,25,3,8,17,8,16,17,19,18,16,96,94,18,18,66,66
,605,0,0,0,0,0,1,1,0,0,0,1,0,1,0,1,0,1,0,45,4,12,18,32,119,126,17,51,988,1297,1330,1299,1274,997,1174,582,763,617,547,481,206,374,393,337,317,151,171,290,281,183,208,162,189,208,24,213,113,138,155,225,215,218,121,38,113,107,14,79,66,39,15,25,47,17,2,5,11,3,13,20,12,22,3,7,14,8,11,12,13,17,11,60,61,12,15,43,37
,610,0,0,0,0,0,1,0,2,1,2,1,2,1,2,1,2,0,0,27,8,18,28,54,190,205,28,86,1296,1501,1621,1597,1551,1009,1174,514,627,559,532,457,197,371,385,346,324,148,178,290,258,176,206,171,194,201,23,198,107,118,138,189,190,186,95,28,91,88,10,59,46,28,12,20,39,24,1,4,5,3,10,9,9,12,2,5,11,5,5,10,9,12,11,44,36,11,12,40,42
,615,0,0,0,0,0,1,1,0,1,1,2,0,1,0,2,0,1,1,24,11,28,48,91,303,312,46,134,1636,1700,1880,1839,1713,929,1091,430,510,462,440,413,186,353,367,344,312,140,169,267,243,163,231,175,195,205,22,199,91,104,121,158,161,149,76,23,62,53,7,47,36,21,10,15,29,10,3,3,6,2,11,5,6,14,2,5,8,7,5,9,9,11,8,28,26,9,10,22,19
,620,0,1,0,0,0,1,0,0,1,1,1,1,1,0,2,0,1,0,13,20,51,86,163,482,495,81,221,2037,1671,2078,1948,1850,775,948,316,366,352,356,339,151,321,321,307,275,119,144,230,190,140,228,157,187,189,19,162,78,79,95,112,120,107,47,16,46,41,5,34,22,16,8,12,22,12,1,2,6,2,8,4,4,21,4,4,16,2,2,4,7,11,5,29,21,9,6,13,12
,625,0,0,0,0,0,1,0,0,0,1,2,1,1,0,2,1,2,1,14,33,88,149,270,757,742,142,348,2350,1546,2030,1956,1744,601,759,229,249,251,270,257,120,256,252,259,227,98,119,174,148,108,209,139,167,157,15,123,58,56,65,82,90,80,33,10,33,27,4,24,18,11,6,15,14,10,1,2,4,1,8,4,5,4,1,3,6,4,4,4,6,6,3,11,14,6,4,5,13
,630,0,0,0,0,0,2,1,1,1,1,3,1,2,1,2,2,2,2,10,59,152,253,442,1102,1059,239,519,2505,1335,1933,1720,1537,456,557,158,166,180,186,190,90,198,186,203,184,77,88,129,109,80,185,120,137,121,12,91,43,40,48,60,66,51,21,7,23,20,3,21,14,9,5,7,13,8,1,2,3,2,3,0,2,4,1,3,3,3,1,2,5,6,4,10,10,19,4,2,7
,635,0,0,1,0,0,2,1,1,2,2,3,2,4,2,7,2,7,3,7,93,237,378,635,1452,1390,344,692,2493,1135,1707,1575,1351,340,461,122,127,138,144,144,69,157,148,163,142,56,67,98,86,66,157,95,104,100,10,73,33,31,35,47,46,44,18,6,33,17,3,17,11,5,5,8,12,7,1,1,5,0,15,1,2,5,1,3,1,3,1,18,4,8,3,9,9,3,7,2,0
,640,0,0,1,0,0,3,2,2,4,3,6,3,6,3,5,5,5,4,4,146,357,557,898,1843,1757,520,927,2259,869,1375,1220,1077,249,335,84,95,99,106,108,49,121,107,113,104,43,49,73,70,48,115,71,85,75,8,54,25,23,33,36,37,36,12,5,14,13,1,25,6,7,3,6,8,6,0,1,4,1,18,1,3,1,0,7,0,3,0,0,3,8,7,8,6,3,0,0,2
,645,0,0,0,0,0,6,5,3,6,5,8,6,10,5,9,8,8,8,6,235,521,806,1195,2296,2107,743,1215,1986,672,1105,946,817,177,241,60,69,71,75,79,34,83,75,90,72,30,37,50,39,35,84,54,54,53,5,40,18,22,17,28,26,20,11,2,15,14,1,18,7,4,3,5,7,6,0,1,4,1,3,1,0,4,1,2,0,4,0,1,3,5,0,3,9,1,6,0,0
,650,0,0,1,0,1,11,4,5,10,10,14,9,15,9,14,15,15,14,5,368,774,1131,1639,2598,2377,1017,1517,1544,466,788,678,601,119,164,41,53,52,51,53,22,59,52,61,62,23,25,36,29,26,55,41,52,39,4,32,23,11,16,19,20,16,8,2,10,9,0,9,3,0,3,14,6,15,0,1,1,2,5,0,0,4,0,1,0,3,0,0,0,3,19,6,6,3,0,1,0
,655,0,2,1,0,1,15,7,8,17,13,20,16,26,14,23,21,25,21,4,504,994,1428,1920,2786,2519,1301,1777,1260,346,597,524,453,88,127,32,36,39,37,40,16,41,38,45,39,16,21,32,21,18,47,31,31,26,4,25,15,8,11,19,18,14,4,1,11,7,1,9,2,4,2,4,4,7,1,1,2,1,0,0,0,0,0,2,0,1,1,0,3,7,4,2,2,2,3,0,0
,660,2,1,1,1,1,26,11,12,22,23,32,25,42,22,36,36,38,32,2,679,1231,1718,2200,2793,2494,1587,1982,968,262,445,381,342,72,100,26,35,29,36,29,12,31,29,28,28,8,18,23,18,14,31,23,19,19,3,21,8,6,7,13,9,10,4,0,8,9,0,6,2,1,3,2,8,7,0,1,0,0,3,3,1,0,0,2,0,0,0,3,4,2,0,0,4,5,1,14,0
,665,1,2,1,1,1,39,18,23,38,39,51,38,65,36,54,57,61,59,2,864,1530,2021,2463,2614,2384,1849,2129,729,185,333,290,247,52,71,19,28,25,28,22,9,23,18,23,24,7,14,17,12,12,18,14,15,20,2,17,8,4,10,13,7,7,3,1,7,4,1,5,2,0,3,2,5,7,0,1,0,1,4,0,0,0,1,2,0,3,0,0,4,4,2,2,3,1,0,0,0
,670,1,2,5,3,3,65,35,39,63,69,88,73,115,63,96,105,108,100,0,1140,1803,2244,2509,2250,2106,2152,2105,514,128,221,197,166,36,55,14,18,17,24,25,7,17,14,13,21,4,10,32,21,9,18,13,6,10,2,11,6,4,4,7,9,5,5,0,6,1,0,6,3,0,4,3,5,4,0,1,4,1,4,0,1,0,1,2,0,2,0,0,2,3,0,0,0,6,0,0,0
,675,1,4,4,3,4,102,53,62,103,104,138,111,179,98,150,163,174,158,0,1354,1963,2392,2520,1972,1800,2248,2005,388,103,168,145,133,30,48,10,14,13,36,18,5,31,11,18,13,3,10,9,6,7,14,8,7,6,2,13,6,11,2,15,9,7,0,1,4,7,0,8,0,0,1,3,1,4,0,2,2,1,2,0,0,0,0,3,3,4,0,28,3,9,4,4,5,27,1,0,0
,680,2,6,6,6,6,160,80,100,160,166,221,175,283,159,233,259,263,240,0,1537,2048,2375,2335,1572,1469,2293,1765,271,71,123,111,97,26,30,29,10,11,12,16,4,8,6,7,11,0,7,8,7,4,12,11,5,4,1,6,6,3,4,7,28,4,0,0,3,0,0,4,0,0,11,3,0,3,0,1,0,1,4,0,0,1,0,2,0,2,0,0,5,0,0,5,0,9,0,0,0
,685,3,11,9,9,9,259,127,156,252,266,342,277,444,247,380,416,419,367,1,1684,2058,2267,2107,1268,1144,2186,1560,202,57,88,87,67,23,27,8,9,9,13,26,1,10,8,4,22,5,7,7,1,4,11,5,2,30,1,6,5,0,11,7,5,7,0,0,7,8,0,7,0,2,3,3,0,8,0,0,0,1,0,17,0,0,1,2,0,2,0,0,9,3,4,4,1,8,2,0,0
,690,4,14,14,13,14,411,201,242,394,398,530,431,680,386,588,648,658,603,0,1760,1981,2098,1896,988,894,2058,1302,142,47,67,67,55,19,39,9,9,11,12,14,1,8,2,0,1,0,8,7,6,2,21,3,1,15,1,9,3,0,4,5,3,2,0,0,7,1,0,6,1,0,4,6,9,1,0,1,0,0,2,0,0,0,0,1,0,2,0,0,0,6,5,0,0,1,0,0,0
,695,7,23,24,22,22,676,337,404,657,689,879,730,1104,654,970,1050,1083,989,0,1750,1824,1800,1451,704,634,1771,1002,111,34,53,50,40,18,16,8,0,6,14,9,2,6,1,5,8,2,5,10,0,0,31,6,0,0,1,13,5,0,4,9,2,1,2,0,5,0,0,10,1,4,4,3,1,7,0,0,0,1,0,0,0,2,1,2,0,4,0,0,4,7,4,0,37,5,0,0,0
,700,11,36,35,35,37,1048,525,645,1023,1103,1367,1133,1712,1023,1512,1619,1656,1477,0,1745,1645,1500,1195,533,473,1565,777,71,26,40,45,34,14,13,0,0,6,13,9,3,1,0,5,6,1,6,6,0,3,6,9,0,0,0,11,5,0,4,15,1,1,0,0,3,0,0,4,0,0,3,0,0,7,0,2,0,1,37,0,0,0,0,1,0,2,0,0,0,7,0,2,3,2,5,0,0
,705,16,55,53,55,55,1561,801,959,1529,1586,2008,1698,2426,1525,2130,2293,2281,2173,5,1584,1370,1243,949,394,375,1308,623,59,25,33,30,27,11,12,1,9,2,44,13,1,5,2,3,3,0,7,8,6,8,6,5,0,6,1,5,4,0,3,39,2,5,0,1,7,4,4,14,0,0,4,6,0,4,0,0,0,0,8,0,0,0,2,5,0,0,0,1,6,0,1,0,5,2,0,0,0
,710,22,79,79,80,84,2196,1147,1422,2201,2214,2732,2373,3177,2102,2844,2991,2985,2918,3,1306,1125,975,688,285,247,1033,447,63,20,25,30,25,8,9,3,30,10,8,8,0,3,0,0,4,0,24,9,0,8,0,3,0,0,2,39,4,1,0,10,3,1,0,0,3,0,0,4,0,0,4,0,0,8,0,0,0,0,33,0,0,0,0,3,0,1,0,0,0,10,0,0,5,13,0,0,0
,715,37,127,124,122,128,3064,1787,2122,3131,3141,3673,3343,4011,2970,3674,3834,3706,3764,0,1029,820,708,473,194,161,701,282,35,16,34,22,12,12,7,0,0,7,10,10,0,5,0,3,7,12,4,32,0,0,6,3,0,0,1,5,20,0,0,12,4,3,0,0,5,37,0,1,0,0,1,2,0,5,0,1,0,0,0,0,0,0,0,2,0,3,0,0,6,1,38,0,1,0,0,0,0
,720,54,184,185,184,186,3934,2401,2856,3982,3980,4458,4277,4665,3750,4161,4232,4115,4330,0,859,635,522,354,127,112,538,205,40,13,14,16,17,12,3,0,6,2,11,34,0,4,2,7,3,0,5,5,0,0,26,4,0,0,1,9,4,0,0,3,1,1,2,0,0,0,0,5,0,0,1,4,5,8,0,1,0,1,0,0,0,0,0,3,29,5,0,0,4,7,4,0,8,7,4,0,0
,725,81,269,266,265,266,4670,3144,3731,4742,4749,5061,5044,5067,4465,4500,4506,4302,4689,0,692,515,413,276,107,91,432,157,18,14,8,13,16,13,4,0,3,11,11,5,0,0,0,2,2,0,4,3,1,2,0,2,0,22,1,5,4,0,3,5,5,0,0,0,0,0,0,4,0,0,4,4,6,3,5,1,0,1,0,0,0,0,0,2,0,9,0,0,0,7,2,1,4,2,0,0,0
,730,113,393,382,391,395,5337,4022,4579,5547,5396,5568,5746,5298,5045,4744,4654,4454,4998,2,567,422,331,209,86,74,326,117,23,11,8,12,9,7,6,0,2,4,7,11,0,2,14,1,4,1,9,8,0,7,0,0,0,1,2,8,4,0,25,9,0,5,0,0,0,0,0,7,0,0,1,7,6,5,0,1,3,1,0,0,0,0,0,3,0,0,0,0,36,1,3,0,5,0,2,0,0
,735,177,596,579,590,590,5801,4988,5483,6009,5810,5788,6282,5368,5565,4758,4536,4293,4955,0,459,327,254,171,65,59,266,93,9,11,7,14,38,12,7,0,0,0,13,5,0,1,0,0,6,0,8,7,0,0,1,7,28,0,1,5,4,0,6,7,5,0,0,0,0,0,0,8,9,0,7,9,0,2,0,2,1,1,0,0,0,34,1,7,0,4,0,0,0,2,10,0,0,9,0,0,0
,740,287,938,918,924,932,5741,5768,6083,6060,5802,5356,6313,4838,5477,4272,4049,3783,4533,0,337,236,172,110,51,39,185,60,4,4,12,9,12,15,0,0,0,3,12,4,0,3,0,15,5,0,4,7,0,0,0,1,0,0,1,7,0,0,3,12,2,0,0,1,5,0,7,5,0,28,0,0,0,3,0,1,0,3,2,0,0,0,0,3,0,0,0,0,8,6,0,0,2,2,0,0,0
,745,409,1313,1290,1298,1315,5398,5981,6102,5696,5403,4841,5836,4365,5027,3766,3569,3347,4030,0,276,188,136,88,34,33,140,48,10,12,8,11,5,11,0,3,0,3,17,7,0,0,0,0,2,0,4,19,0,0,0,0,12,13,1,10,3,0,3,16,12,0,0,0,9,0,0,14,5,7,27,4,6,2,0,2,50,2,13,0,0,0,0,7,3,13,0,0,0,7,0,0,13,2,0,45,1
,750,567,1821,1758,1786,1775,4876,5916,5833,5142,4722,4130,5280,3616,4546,3115,2915,2721,3386,0,199,141,101,63,39,28,104,33,10,10,0,49,4,2,0,2,0,13,10,19,0,11,0,0,14,3,3,11,0,0,0,0,0,0,0,1,38,0,3,13,4,0,51,0,9,0,0,11,0,0,2,5,0,11,1,0,0,1,0,0,0,0,1,5,0,3,0,0,0,3,9,0,0,19,0,0,0
,755,793,2492,2373,2402,2418,3951,5343,5086,4196,3876,3312,4337,2869,3630,2421,2229,2081,2602,0,135,103,73,52,18,21,69,23,0,1,4,16,14,14,0,0,0,8,10,12,0,2,0,3,5,0,9,13,3,0,0,8,0,9,2,6,6,0,1,4,12,0,0,0,0,14,0,6,0,0,1,0,9,28,1,3,0,0,0,0,0,0,2,1,0,39,0,0,10,0,0,0,0,0,0,0,0
,760,1103,3285,3192,3165,3205,3125,4523,4322,3408,3222,2629,3483,2182,2924,1895,1702,1572,2025,3,113,99,68,35,18,18,52,14,0,39,1,71,73,16,0,0,60,0,32,15,0,12,0,0,5,0,10,11,3,0,4,4,0,3,1,19,6,0,7,19,5,13,0,0,4,5,0,92,0,0,8,0,0,6,0,2,0,0,0,0,0,0,1,6,0,7,0,0,2,15,0,0,21,1,0,0,0
,765,1442,4070,3919,3941,3980,2312,3666,3375,2605,2344,1872,2562,1550,2167,1330,1223,1120,1421,6,69,63,39,18,13,11,32,0,2,15,0,18,8,17,11,0,0,10,0,29,0,0,0,0,0,0,13,5,0,0,6,12,0,0,2,0,57,0,18,7,0,12,0,0,9,2,0,55,0,0,3,2,0,9,0,6,0,2,0,27,0,0,0,7,0,0,0,0,0,108,1,0,27,0,78,0,0
,770,1775,4709,4457,4445,4466,1841,2967,2687,1984,1809,1454,1999,1217,1717,1016,895,839,1082,0,50,44,45,12,9,10,32,0,0,52,0,18,4,10,0,0,1,0,5,23,0,0,0,59,6,34,13,6,17,0,10,97,0,0,1,29,0,0,9,19,2,0,0,1,0,0,0,60,0,0,8,3,0,35,0,3,0,1,2,0,0,0,0,0,0,7,0,0,11,4,0,0,0,0,0,0,95
,775,2049,4980,4847,4857,4816,1362,2391,2165,1594,1432,1111,1572,905,1315,785,668,623,840,18,41,67,65,18,8,9,36,0,1,17,0,22,31,16,7,1,1,31,27,7,0,8,0,0,14,0,25,4,72,27,15,0,0,0,15,20,10,0,3,24,0,0,0,0,32,2,0,0,0,0,17,5,1,0,1,2,15,1,0,0,0,0,22,7,0,17,0,0,24,38,13,109,151,27,0,113,0
,780,2335,5058,4855,4888,4845,1007,1711,1511,1086,1009,755,1069,590,923,530,453,425,567,0,26,22,12,5,0,66,13,0,0,72,19,20,0,30,0,0,0,8,1,20,0,18,0,0,10,0,8,16,0,14,0,0,0,0,3,5,5,0,9,7,0,14,0,0,6,0,0,22,0,0,10,7,0,22,0,3,0,6,6,0,0,0,1,10,0,0,0,0,0,5,0,0,0,124,0,0,0
,785,2494,4796,4522,4588,4564,686,1241,1091,786,724,528,735,433,649,380,322,289,396,33,22,24,20,0,7,2,4,0,0,17,0,12,15,19,11,0,0,3,36,34,0,87,0,17,0,0,9,2,0,0,79,0,0,0,0,21,5,0,0,22,0,0,0,0,4,6,0,20,0,0,4,0,0,0,4,4,0,48,3,0,0,0,0,11,0,8,0,0,0,13,0,0,6,6,102,0,0
,790,2549,4305,4063,4071,4096,495,900,781,574,483,403,522,313,459,276,224,214,281,0,12,15,14,4,0,0,6,0,0,19,0,26,13,20,0,16,8,10,2,6,0,1,0,0,0,0,4,0,0,0,17,0,0,0,18,44,16,0,0,5,9,0,0,0,7,0,0,22,0,0,36,0,0,0,0,3,0,1,0,0,0,0,0,9,87,78,0,0,16,44,5,0,0,0,118,0,0
,795,2545,3734,3601,3567,3604,380,698,587,405,376,288,397,220,367,204,167,169,249,0,21,19,2,5,4,0,5,0,0,12,0,49,14,46,0,0,0,1,42,26,0,26,0,1,19,0,24,18,0,0,4,1,0,0,1,14,14,0,17,47,10,0,0,0,37,0,0,9,0,0,0,30,5,49,0,4,0,8,37,0,0,0,6,2,0,13,0,0,47,20,0,0,0,38,0,0,0
,800,2435,3044,2971,2949,2941,270,496,426,304,273,224,277,168,254,151,109,121,153,0,6,13,1,0,0,11,10,0,0,16,0,25,15,41,0,0,0,12,54,31,0,12,0,0,0,0,24,20,0,0,0,0,0,0,4,27,17,0,31,24,7,4,0,0,0,0,0,34,0,0,6,10,0,0,4,2,0,6,0,0,0,0,7,9,0,5,0,0,0,0,0,0,8,2,0,0,86
,805,2117,2321,2145,2162,2153,173,317,270,195,172,148,211,127,143,110,69,72,85,0,2,8,6,0,3,0,0,0,0,17,10,59,0,0,0,5,2,5,14,35,0,20,112,0,15,0,12,14,0,0,5,0,0,0,1,7,22,0,3,43,3,0,0,0,39,12,0,24,0,0,0,28,0,33,1,4,0,0,0,0,0,0,38,12,0,18,0,0,15,29,0,0,0,29,0,0,0
,810,1799,1776,1689,1691,1678,139,232,205,136,132,110,126,80,151,77,58,69,70,1,7,29,17,0,0,0,0,54,0,22,0,33,0,36,0,0,2,0,15,59,0,18,0,0,13,0,41,0,0,0,0,18,9,0,5,61,24,0,18,42,0,41,0,0,0,3,0,21,0,0,0,30,0,77,0,25,0,0,10,0,0,0,0,15,0,8,0,0,11,0,7,0,0,14,0,0,0
,815,1492,1400,1301,1332,1306,108,163,175,103,107,79,101,77,90,62,39,46,61,0,0,8,7,0,0,21,1,0,0,45,0,156,39,21,0,0,12,1,53,40,0,0,1,0,14,0,31,8,0,0,1,20,0,0,24,60,11,22,0,0,0,0,19,0,0,0,0,27,14,0,39,0,50,3,0,4,0,0,40,0,0,0,1,23,0,27,0,0,12,28,7,0,16,0,0,0,0
,820,1201,1055,982,954,949,80,116,100,80,60,73,61,52,59,56,18,89,26,0,0,0,0,0,0,0,0,0,0,0,0,48,145,34,175,0,0,0,60,45,0,22,0,0,10,0,26,0,0,0,15,39,0,9,0,33,24,0,147,78,9,0,10,0,29,0,0,0,0,0,11,198,0,37,1,37,0,0,0,0,0,0,2,15,0,0,0,0,14,0,0,0,0,10,0,0,0
,825,906,724,700,683,673,58,83,62,50,34,57,56,52,52,92,0,25,21,19,0,0,0,0,0,1,0,0,0,0,41,53,22,36,0,15,9,158,41,6,105,32,0,0,7,0,16,252,0,0,0,0,0,0,15,11,15,0,31,62,25,0,0,1,0,20,0,23,0,0,24,25,0,92,0,0,0,0,37,0,0,70,0,6,258,25,0,0,32,62,127,0,0,4,2,0,0
,830,658,533,500,491,469,39,72,46,35,21,56,21,24,34,17,0,9,0,12,15,42,36,0,0,19,0,0,0,65,251,15,34,104,0,0,0,33,131,47,0,0,296,0,39,116,68,51,0,0,0,0,0,0,3,51,23,0,34,0,66,0,0,0,0,0,0,129,0,0,28,51,0,6,0,13,0,0,48,0,0,0,0,0,0,37,0,0,31,191,0,24,40,0,0,0,0
,835,522,393,402,373,394,53,26,44,43,20,71,34,7,9,46,0,33,16,0,0,0,26,0,14,0,0,0,0,30,325,21,0,435,0,0,39,0,532,73,0,0,0,0,2,0,68,0,0,0,0,25,0,0,7,69,0,243,8,142,0,0,0,25,0,0,0,29,0,0,67,36,0,36,76,4,0,9,0,0,0,0,7,224,0,22,0,0,161,0,132,0,23,0,0,0,0
,840,411,314,324,278,328,47,30,13,30,41,68,5,30,14,51,0,19,0,0,19,46,5,0,0,0,0,0,0,1,26,70,67,0,0,0,7,133,55,141,0,0,0,0,33,0,69,102,0,0,0,0,0,0,18,81,20,0,0,261,46,100,0,215,38,49,87,42,0,209,56,0,116,12,0,0,0,39,16,0,0,36,21,258,0,11,0,0,62,32,0,114,0,204,0,0,0
,845,291,217,212,215,202,0,0,0,18,0,66,0,16,0,7,238,0,0,1372,0,86,0,0,47,0,0,141,11,161,0,240,155,118,0,0,0,0,270,227,112,0,0,152,0,313,130,192,26,0,0,0,0,0,2,133,104,0,257,148,0,0,0,0,6,81,0,157,0,0,194,0,67,0,0,160,74,20,0,0,0,0,255,52,0,204,0,0,0,17,0,4,55,87,0,0,0
,850,221,188,171,125,172,0,0,0,0,50,150,3,0,0,137,0,419,0,6,0,0,0,0,0,0,0,0,0,4,0,11,0,119,0,0,0,223,152,294,477,220,0,133,89,0,282,69,0,0,0,0,0,0,205,222,265,0,0,113,0,0,0,0,9,0,219,64,0,0,72,0,0,85,0,68,0,0,44,0,0,0,27,105,0,87,0,0,223,29,0,311,31,201,0,0,0
,,,,,,,,,,,,,,,,,,,,,,,,,,,,,,,,,,,,,,,,,,,,,,,,,,,,,,,,,,,,,,,,,,,,,,,,,,,,,,,,,,,,,,,,,,,,,,,,,
Read 36:EM Spectrum,,,,,,,,,,,,,,,,,,,,,,,,,,,,,,,,,,,,,,,,,,,,,,,,,,,,,,,,,,,,,,,,,,,,,,,,,,,,,,,,,,,,,,,,,,,,,,,,,
,,,,,,,,,,,,,,,,,,,,,,,,,,,,,,,,,,,,,,,,,,,,,,,,,,,,,,,,,,,,,,,,,,,,,,,,,,,,,,,,,,,,,,,,,,,,,,,,,
,Wavelength,A1,A2,A3,A4,A5,A6,A7,A8,A9,A10,A11,A12,B1,B2,B3,B4,B5,B6,B7,B8,B9,B10,B11,B12,C1,C2,C3,C4,C5,C6,C7,C8,C9,C10,C11,C12,D1,D2,D3,D4,D5,D6,D7,D8,D9,D10,D11,D12,E1,E2,E3,E4,E5,E6,E7,E8,E9,E10,E11,E12,F1,F2,F3,F4,F5,F6,F7,F8,F9,F10,F11,F12,G1,G2,G3,G4,G5,G6,G7,G8,G9,G10,G11,G12,H1,H2,H3,H4,H5,H6,H7,H8,H9,H10,H11,H12
,500,0,1,1,1,1,3,2,3,2,3,1,3,3,2,3,2,3,2,43,8,6,10,11,9,9,7,10,16,21,16,15,14,18,22,19,14,11,16,17,13,17,13,14,13,13,16,12,21,3,8,14,3,9,2,13,15,7,9,14,7,10,6,12,2,5,15,12,20,3,11,19,21,20,18,10,19,5,11,5,21,9,17,5,10,10,10,15,8,1,9,54,52,1,14,51,48
,505,1,1,1,1,1,3,2,3,3,3,2,2,2,2,3,3,4,2,84,8,8,7,9,10,9,8,9,15,15,16,19,18,13,20,20,14,17,14,12,10,16,15,12,10,11,12,9,12,3,11,15,3,12,2,14,20,14,8,20,5,9,9,13,2,4,11,16,15,5,10,20,17,16,16,10,21,4,15,6,24,8,10,6,17,14,16,8,8,2,9,135,119,2,19,98,99
,510,0,1,1,1,1,2,2,2,2,2,1,3,3,2,4,3,4,1,162,6,8,8,8,8,14,6,12,13,24,19,14,20,16,19,19,13,13,10,10,13,16,17,14,13,14,11,8,15,3,10,21,3,15,1,17,14,11,12,8,7,10,8,12,3,7,9,15,15,3,9,14,14,17,18,14,17,3,14,6,16,5,12,5,9,10,9,14,11,2,10,287,256,1,25,205,195
,515,1,0,1,1,1,2,3,3,3,2,1,2,3,3,2,3,3,2,437,8,7,9,7,10,13,8,5,11,14,14,16,13,11,18,17,12,12,15,12,8,10,15,17,8,15,15,10,14,4,9,13,3,9,1,11,14,12,7,14,7,11,8,8,1,6,10,17,13,3,9,16,19,13,24,15,22,4,10,4,17,8,18,8,20,17,11,15,9,3,15,722,669,3,37,511,500
,520,1,1,1,1,1,3,3,2,3,2,1,2,3,2,3,3,2,2,940,7,5,6,10,10,10,6,8,15,17,11,12,15,20,14,18,16,9,15,11,7,15,10,13,13,8,16,10,16,4,7,9,2,14,1,18,17,8,8,14,5,14,6,5,1,6,13,15,12,3,11,20,15,21,17,13,26,3,13,4,22,9,17,7,21,23,22,22,16,3,12,1605,1452,4,53,1136,1054
,525,1,1,0,0,1,3,1,2,2,1,1,2,4,2,2,1,3,1,1683,7,6,6,6,11,7,5,5,13,16,13,12,10,13,17,13,12,8,9,14,6,9,10,12,9,14,14,7,13,3,11,21,3,8,1,13,12,11,8,16,7,11,6,7,2,4,11,11,16,5,18,18,22,15,22,10,15,6,9,5,16,10,21,15,22,29,28,27,20,5,25,2843,2590,4,104,2133,2060
,530,0,1,0,0,1,1,1,1,3,2,1,1,2,1,2,2,2,2,3035,4,7,8,6,10,6,4,5,12,15,10,15,15,10,17,12,14,20,14,9,12,8,13,15,13,8,10,7,16,3,5,9,4,14,1,15,14,14,11,15,8,20,6,10,2,5,17,12,15,4,14,15,15,19,17,12,30,4,18,6,19,16,51,19,46,52,41,42,34,7,37,5592,5040,8,196,3766,3683
,535,0,0,0,1,0,1,2,1,3,1,1,1,1,3,4,1,2,2,4459,4,3,5,5,10,5,7,5,11,11,12,16,15,13,19,17,18,11,8,8,6,15,10,23,13,9,12,10,19,4,12,16,4,10,2,19,26,20,16,24,13,22,12,15,3,9,18,18,27,6,30,18,28,22,22,15,20,5,16,6,29,22,89,35,91,89,87,78,57,13,79,8211,7311,14,352,5504,5548
,540,0,0,0,1,1,1,1,1,1,1,0,1,2,3,1,1,2,2,5182,3,7,4,5,7,5,6,4,11,16,8,13,9,18,14,14,23,17,15,16,8,16,12,13,10,14,15,11,23,8,10,21,4,18,3,23,37,31,28,44,20,37,19,33,5,14,33,27,36,12,34,29,38,30,30,23,35,6,20,8,38,38,146,58,136,130,125,121,90,19,120,9411,8468,22,476,6458,6333
,545,0,0,1,1,0,1,1,1,2,1,1,2,2,1,1,0,2,2,5304,5,4,6,8,8,4,5,6,12,18,15,17,12,21,21,31,28,20,26,19,11,16,18,17,22,18,24,14,26,13,22,26,8,24,5,45,51,43,42,58,31,66,23,49,6,19,43,41,51,14,58,55,49,44,45,41,45,8,27,11,50,55,202,82,202,188,176,165,129,27,166,10064,8798,28,540,6671,6608
,550,0,0,0,0,1,1,2,2,1,0,0,0,1,2,2,0,1,0,4827,3,3,6,7,7,4,5,6,14,24,15,24,21,34,34,36,50,31,21,19,23,27,28,32,27,28,36,20,37,17,24,32,10,44,7,58,80,68,67,92,41,92,35,60,10,28,63,69,72,19,89,77,80,53,51,59,48,10,39,12,58,76,244,108,237,221,220,214,148,32,191,9041,7791,34,570,6022,5879
,555,0,1,0,1,1,3,0,1,1,1,1,1,1,1,4,3,2,1,3654,4,4,5,4,8,5,4,4,14,37,25,29,29,48,67,52,92,60,44,37,39,41,41,43,44,47,52,33,59,24,46,57,17,76,12,94,123,99,94,129,57,135,52,101,14,40,105,100,115,28,128,115,110,66,64,87,67,11,44,15,74,99,266,118,269,222,236,219,159,31,204,6945,6190,37,514,4768,4692
,560,0,1,0,0,1,1,1,1,1,1,0,1,1,1,2,1,1,1,2336,4,4,4,3,6,5,4,4,26,66,49,57,58,91,139,91,168,90,76,61,60,69,66,65,66,74,73,46,81,34,71,85,25,110,16,131,169,133,125,164,73,180,69,134,18,53,149,141,153,39,178,175,145,80,71,116,78,13,47,18,82,106,248,108,250,220,225,196,148,30,184,4754,4301,35,413,3290,3302
,565,0,0,0,0,0,1,1,1,1,1,0,1,1,1,1,1,1,0,1668,3,6,3,4,7,6,3,4,43,107,80,88,96,139,210,127,249,126,107,87,85,82,87,82,86,84,89,53,101,41,90,106,34,133,19,162,193,148,148,192,82,206,82,157,21,65,184,170,185,44,211,197,171,85,77,131,87,13,50,18,82,107,207,95,221,190,204,183,123,24,154,3522,3060,29,309,2324,2307
,570,0,0,0,0,1,1,0,1,1,0,0,1,1,2,1,1,1,0,1020,3,3,4,4,7,7,4,4,73,167,128,152,151,209,326,179,361,179,154,123,115,111,113,101,100,98,112,71,123,44,108,129,39,161,22,178,225,161,155,202,83,225,89,171,26,71,201,200,220,49,242,235,197,91,75,130,84,13,48,16,82,92,167,78,177,142,166,144,102,20,127,2216,1931,23,241,1523,1542
,575,0,0,0,0,0,2,0,1,1,1,0,1,1,1,3,1,1,1,580,3,3,4,5,9,10,3,6,125,263,213,232,253,317,501,254,494,268,212,171,161,138,143,121,126,128,123,88,143,50,118,143,47,179,24,192,238,176,165,211,87,249,94,196,26,77,229,212,221,50,248,237,210,84,62,134,74,12,41,14,64,72,118,60,124,101,120,99,68,15,88,1289,1166,17,145,916,932
,580,0,1,0,0,0,1,0,1,3,1,0,0,1,1,1,1,1,1,320,3,3,5,6,17,18,4,7,210,395,332,365,370,444,702,364,668,369,290,222,222,167,182,153,148,156,152,105,177,49,130,152,46,182,25,204,237,164,173,214,90,263,108,216,27,82,234,219,213,50,233,229,194,62,53,120,68,10,31,12,49,51,81,41,81,71,81,68,49,10,55,751,656,12,95,519,500
,585,0,0,0,0,0,1,0,1,1,2,0,0,1,1,2,1,1,0,190,3,6,6,9,31,31,5,12,337,551,493,538,531,613,895,468,835,487,376,295,295,209,225,192,190,189,176,128,210,47,140,150,49,194,24,207,244,171,172,227,94,272,115,218,29,82,216,203,202,41,200,196,162,46,40,94,46,7,22,8,36,33,51,27,56,47,57,44,30,7,35,413,359,7,61,275,291
,590,0,0,0,0,0,1,0,1,1,0,0,0,1,0,1,1,0,0,118,3,5,8,13,50,51,6,18,478,739,674,706,716,739,1010,569,933,570,450,351,344,257,271,225,216,230,211,154,242,48,149,155,49,194,23,193,238,166,176,228,98,281,112,212,28,74,197,178,173,34,169,152,131,34,27,74,36,6,16,6,27,26,38,20,39,38,42,33,24,5,27,267,227,6,39,183,184
,595,0,0,0,0,0,1,0,0,1,1,0,0,3,1,1,2,1,0,79,3,6,11,20,80,82,8,28,650,903,893,921,892,879,1106,616,964,660,519,408,397,290,310,275,258,264,250,170,273,47,156,150,50,180,22,194,229,166,181,239,100,275,106,200,26,67,164,144,140,28,126,118,105,28,24,56,26,4,11,6,22,19,28,16,40,26,27,23,17,3,21,164,142,4,27,118,121
,600,0,0,0,0,0,1,0,1,1,0,0,0,1,1,1,0,3,0,50,5,11,17,37,150,157,19,52,929,1122,1195,1196,1160,964,1107,632,898,658,555,448,444,335,360,315,301,294,268,181,283,49,167,152,51,178,22,189,226,160,181,246,101,270,88,168,22,52,118,105,97,20,85,81,67,18,20,39,20,3,9,4,12,13,20,11,20,22,24,17,11,2,16,100,85,3,18,67,76
,605,0,1,0,0,0,1,0,1,1,0,0,0,1,1,1,0,1,0,29,8,18,35,69,262,256,29,96,1282,1334,1492,1480,1374,968,1030,576,729,599,533,450,448,367,369,338,322,313,292,190,271,47,192,158,50,188,23,191,222,147,169,214,93,232,67,124,16,38,88,77,66,13,57,55,53,13,23,28,13,3,7,4,9,8,13,9,10,14,14,13,11,2,8,58,48,2,15,42,48
,610,0,0,1,0,0,1,0,1,1,2,1,0,1,1,2,0,1,0,22,13,31,55,115,401,394,49,153,1598,1424,1688,1601,1501,890,904,497,605,516,466,408,436,359,369,336,318,300,291,176,261,44,207,166,54,193,21,187,208,132,150,174,84,193,52,92,12,28,67,56,48,10,43,39,37,10,11,23,12,2,3,3,8,7,7,11,13,8,10,9,6,2,3,38,32,1,9,29,27
,615,0,0,0,0,0,2,0,1,1,0,0,0,1,1,2,0,1,0,19,20,50,88,181,594,578,80,242,1906,1429,1830,1695,1527,748,783,416,443,428,408,348,379,347,345,331,308,282,257,162,225,41,228,165,57,198,20,171,194,112,131,143,70,156,38,67,9,20,46,41,51,8,35,40,31,8,8,20,19,2,3,3,5,5,5,7,6,12,10,6,6,1,3,24,24,1,9,18,23
,620,0,0,0,0,0,1,0,0,1,1,0,0,2,1,3,1,1,0,13,36,88,161,308,875,853,141,374,2208,1316,1825,1666,1453,599,613,309,323,316,299,280,308,298,285,291,252,243,231,129,174,36,223,158,54,173,18,148,147,87,98,122,56,113,26,43,6,15,31,28,33,7,21,25,21,8,7,14,7,2,3,2,5,7,5,5,6,4,7,6,5,1,1,16,19,1,7,13,14
,625,0,0,0,0,0,1,0,1,2,1,0,0,1,2,2,0,1,0,10,64,151,275,501,1283,1206,247,567,2322,1120,1668,1438,1249,433,429,209,216,217,215,214,233,224,214,236,204,192,168,105,136,28,205,149,46,155,15,112,109,62,75,75,39,78,19,27,5,11,22,23,22,5,15,17,20,3,5,12,5,1,0,2,2,3,4,3,5,4,8,6,3,1,2,10,12,1,4,8,16
,630,0,0,0,0,0,2,3,1,2,2,1,0,2,2,6,2,3,1,7,114,261,464,777,1745,1641,405,827,2253,857,1375,1191,994,302,326,147,142,161,148,160,169,179,161,175,158,146,121,77,94,22,169,114,38,111,11,86,84,42,48,48,28,54,16,19,3,9,17,12,15,4,12,12,9,3,4,9,4,1,0,4,0,3,4,4,0,6,5,4,4,0,0,4,6,1,2,5,9
,635,0,0,0,0,0,3,1,2,2,2,1,0,5,3,4,3,3,5,4,166,385,659,1084,2139,1961,583,1086,2053,708,1138,992,844,231,246,112,116,116,111,126,124,135,131,139,123,107,103,58,79,17,140,94,31,92,8,70,67,32,41,40,20,42,12,19,3,7,13,16,17,4,13,4,12,6,6,7,5,1,0,2,0,0,4,4,2,1,2,4,2,0,0,6,3,1,0,4,9
,640,0,0,0,0,1,3,1,2,6,3,2,1,4,4,6,5,6,4,7,267,571,932,1436,2512,2290,818,1422,1778,521,899,752,633,171,185,78,83,84,79,85,85,99,92,101,101,79,73,45,52,14,109,75,23,61,6,44,45,25,27,29,16,41,12,11,2,5,9,10,16,3,8,6,23,3,2,4,3,1,0,1,0,0,5,3,2,6,4,3,0,1,0,0,0,0,2,16,7
,645,0,0,0,0,0,5,2,4,6,6,7,2,6,7,9,7,9,6,5,403,833,1295,1872,2749,2504,1135,1761,1423,382,658,563,486,120,137,71,57,65,56,57,59,76,66,72,57,54,52,36,38,9,87,63,16,50,4,36,34,18,23,22,12,21,9,4,2,5,8,5,12,2,3,4,9,2,6,4,1,1,0,1,0,1,0,3,2,4,3,0,4,1,0,0,3,0,2,0,11
,650,0,0,1,0,1,11,5,8,10,9,9,3,9,11,16,14,16,13,6,625,1175,1777,2336,2755,2568,1578,2062,1078,265,453,385,326,78,99,40,36,41,39,38,43,49,44,51,42,36,34,20,26,6,49,55,12,26,3,27,27,11,15,12,9,15,6,0,3,5,2,13,8,1,4,3,22,0,6,5,2,3,0,1,0,1,0,1,16,6,0,0,4,0,0,0,0,0,1,0,6
,655,0,1,0,0,1,16,8,11,15,19,13,5,14,16,24,24,26,19,3,819,1466,2134,2749,2681,2447,1893,2264,813,208,365,292,243,56,76,32,32,29,34,32,30,38,32,40,28,29,25,18,21,5,40,31,8,24,2,18,38,8,15,22,7,9,13,0,1,3,4,6,9,1,3,0,3,1,4,4,2,1,0,2,17,0,22,4,0,6,4,3,2,0,0,0,0,0,0,0,8
,660,0,1,1,1,1,24,12,16,24,24,22,9,24,26,39,37,43,33,6,1074,1759,2478,2837,2431,2295,2205,2341,630,156,266,219,189,45,60,26,21,25,23,26,21,27,24,32,17,21,20,14,16,4,31,23,6,13,2,16,16,9,13,4,6,10,6,0,1,2,2,6,10,3,0,0,6,0,6,5,4,1,0,1,0,0,0,1,0,7,2,0,1,0,0,0,0,0,0,0,4
,665,0,1,1,1,2,39,20,25,38,40,37,15,36,39,59,60,66,54,3,1329,2026,2707,2959,2145,1974,2527,2394,466,116,188,165,146,40,44,39,23,18,20,17,11,22,31,22,13,18,16,11,12,4,21,18,5,8,1,13,15,4,6,2,12,6,6,0,1,3,2,1,13,2,0,3,3,1,3,1,0,0,0,0,17,0,22,3,0,2,1,1,2,0,0,0,0,0,0,3,4
,670,0,2,2,2,3,69,33,40,65,69,63,28,63,70,99,109,116,95,0,1644,2289,2849,2763,1678,1553,2653,2179,334,83,128,128,100,30,32,17,13,8,14,18,6,9,15,14,11,10,12,9,12,3,16,14,4,3,1,11,15,4,8,1,3,9,10,0,1,2,0,2,3,7,5,0,6,5,0,5,0,1,0,2,16,0,0,1,0,29,0,0,1,0,0,0,0,0,0,0,4
,675,1,3,3,3,4,107,54,66,103,108,101,41,98,110,164,169,193,151,2,1865,2439,2813,2541,1341,1283,2688,1882,242,72,87,90,77,18,26,16,7,14,7,9,0,11,11,15,2,10,10,8,13,2,10,6,3,1,0,9,10,5,7,0,3,6,5,0,1,2,0,7,6,2,0,0,3,0,4,5,0,0,0,1,0,0,0,10,0,3,0,0,2,0,0,0,0,0,0,0,31
,680,1,6,5,5,6,168,89,103,161,171,162,66,154,163,244,266,295,239,6,1974,2353,2617,2193,1048,982,2564,1610,179,47,71,65,60,15,23,29,1,4,10,8,0,13,12,14,0,4,8,7,6,2,9,10,2,17,0,8,11,18,9,0,2,0,5,0,1,2,0,2,4,2,0,0,19,0,0,7,0,0,0,1,0,0,0,1,0,6,1,3,3,0,0,0,0,0,1,0,4
,685,2,8,8,8,9,264,135,162,254,280,265,108,242,262,391,425,453,387,24,2065,2268,2351,1906,801,706,2303,1313,135,40,52,52,39,9,12,26,0,12,8,11,0,9,12,10,0,5,5,3,9,3,6,1,1,0,0,8,8,4,9,0,3,2,8,0,1,1,0,4,6,3,4,0,8,0,0,1,0,6,0,1,0,0,0,3,0,6,1,0,3,0,0,0,0,0,2,1,5
,690,2,13,13,16,15,411,211,248,405,420,405,163,369,429,625,667,727,592,10,2038,2052,2021,1513,611,532,2074,1048,96,34,42,45,36,11,16,11,2,7,27,3,0,3,6,4,0,5,2,4,7,3,3,4,1,0,0,9,6,4,11,0,2,1,5,0,1,7,0,3,11,2,24,0,3,0,0,5,0,1,0,0,0,0,0,2,0,4,0,0,0,0,0,0,0,0,0,0,7
,695,4,22,21,23,24,687,345,418,662,714,681,282,575,683,1018,1089,1191,990,36,1873,1742,1653,1131,411,379,1761,761,77,28,27,39,21,5,9,41,0,0,0,6,0,6,21,6,0,4,2,7,5,1,1,5,2,0,0,22,8,0,7,0,2,0,5,0,1,3,0,31,8,3,0,0,4,0,4,3,0,0,0,2,0,0,0,2,0,2,0,32,1,0,0,0,0,0,0,0,4
,700,9,38,34,37,37,1070,544,653,1040,1106,1091,417,854,1079,1542,1680,1780,1534,2,1727,1478,1294,885,297,272,1411,560,69,24,23,32,45,6,11,9,0,7,6,0,0,5,1,2,0,0,6,5,7,3,0,6,2,0,0,1,5,0,7,0,1,0,5,0,1,2,0,0,6,3,0,0,3,0,3,0,0,0,0,0,0,0,0,4,0,3,0,0,6,1,0,0,0,1,0,0,6
,705,12,57,52,54,56,1605,841,1003,1540,1691,1607,601,1180,1593,2282,2382,2582,2197,11,1525,1251,1060,691,224,193,1146,420,41,18,9,26,10,6,0,8,29,3,0,0,0,12,6,5,0,0,2,7,1,3,0,0,0,0,1,11,4,0,6,0,17,0,9,0,1,4,0,6,7,3,0,0,12,0,3,6,30,1,0,1,0,0,42,3,29,11,1,1,0,0,21,0,0,0,0,42,10
,710,16,80,77,78,82,2291,1261,1440,2204,2344,2351,816,1521,2258,3042,3108,3353,2957,8,1229,961,764,494,153,142,861,315,37,22,1,21,6,5,2,9,0,0,4,0,0,10,25,3,6,4,3,6,0,0,0,1,0,0,0,10,7,8,9,0,2,0,4,0,1,0,0,7,8,2,0,0,36,0,0,8,0,1,0,2,0,0,0,1,0,6,1,0,4,0,0,0,0,0,0,0,14
,715,27,125,120,125,130,3203,1909,2173,3152,3301,3350,1129,1975,3177,3900,3837,4103,3808,10,953,689,527,310,104,99,581,196,23,35,2,16,1,0,2,9,0,0,0,0,5,0,0,8,0,0,4,6,3,1,1,0,2,0,0,2,14,4,3,19,3,27,2,0,0,0,0,0,15,2,0,30,2,0,0,0,0,1,0,0,0,0,0,19,0,0,4,0,0,1,0,0,0,0,0,0,2
,720,41,188,176,189,192,4037,2497,2929,4057,4228,4337,1386,2175,3991,4430,4284,4591,4385,13,744,515,377,231,77,71,433,136,35,11,7,10,11,4,2,5,0,0,0,9,0,4,0,6,0,0,8,3,2,2,0,0,0,0,0,0,15,1,30,0,4,0,6,0,1,1,0,0,11,2,0,0,7,0,7,0,2,0,0,0,0,0,0,17,0,0,0,0,3,0,0,0,0,0,0,0,3
,725,59,269,254,270,274,4815,3357,3764,4850,5015,5311,1653,2443,4771,4911,4616,5041,4805,8,605,399,288,178,62,49,337,119,13,10,0,15,0,0,0,0,0,0,0,2,0,7,0,4,0,5,6,3,0,3,24,4,4,0,0,6,5,1,5,0,3,0,6,0,1,1,0,3,8,1,0,0,4,0,0,3,0,0,0,1,0,8,0,0,0,0,1,7,2,0,25,0,0,0,0,30,2
,730,86,388,367,395,401,5502,4359,4661,5601,5763,6327,1910,2580,5353,5082,4816,5063,5097,14,504,347,230,127,48,48,262,97,14,3,0,12,0,4,0,5,0,0,1,3,0,1,0,2,0,0,6,3,0,3,0,5,0,0,0,0,6,0,13,0,1,1,5,17,0,2,0,4,8,13,0,0,4,0,0,10,0,0,0,0,0,0,0,4,0,0,0,0,6,6,0,0,0,7,0,0,44
,735,131,588,569,606,600,5994,5294,5581,6229,6326,7118,2160,2646,5799,5061,4684,4992,5181,19,414,265,182,101,36,34,204,67,17,5,4,13,0,6,0,5,0,0,0,0,0,4,0,5,0,0,0,7,3,2,0,2,0,0,0,11,4,0,4,0,2,0,8,0,1,8,0,0,11,2,0,0,3,0,49,4,0,0,0,3,0,23,0,23,0,21,0,0,3,1,0,0,0,0,0,0,10
,740,206,937,896,950,960,5983,6028,6271,6156,6169,7447,2254,2541,5819,4478,4069,4360,4625,3,296,182,127,75,25,23,146,49,9,9,0,10,0,2,0,0,0,0,0,0,0,0,1,8,0,0,6,8,7,1,1,5,0,0,0,0,2,0,7,0,1,0,8,0,1,2,0,42,16,1,0,0,5,0,3,14,0,10,0,1,0,0,0,1,0,0,0,0,0,0,0,0,0,1,0,0,6
,745,305,1327,1271,1341,1352,5590,6283,6315,5796,5785,7071,2189,2334,5356,4066,3613,3789,4095,12,230,145,112,63,28,22,114,49,8,2,0,46,1,7,0,5,0,0,0,2,0,9,1,4,0,0,0,8,0,2,0,2,0,35,0,6,10,0,14,0,3,0,6,0,1,7,0,8,11,4,0,0,4,0,9,4,1,0,0,2,0,30,4,4,0,10,9,48,11,0,0,0,0,9,0,0,21
,750,423,1810,1716,1816,1861,4902,6188,5820,5204,5133,6449,2055,2024,4714,3453,3008,3181,3480,9,178,106,83,49,10,14,90,34,1,11,0,17,0,3,3,14,0,0,0,0,0,5,0,8,0,0,17,9,6,1,48,2,0,0,0,0,6,42,11,0,3,0,6,0,1,0,0,0,0,2,0,0,5,0,0,6,0,0,0,2,0,0,10,7,0,15,12,0,5,0,0,0,0,0,0,0,15
,755,600,2460,2351,2503,2521,4036,5576,5198,4295,4129,5290,1776,1594,3949,2670,2319,2400,2726,19,119,82,64,36,8,8,54,31,5,0,0,0,0,2,0,11,48,0,3,0,0,5,0,5,0,5,3,2,0,3,0,0,0,0,1,6,15,43,10,2,22,0,5,0,0,4,0,3,17,3,0,0,0,0,0,3,0,0,0,5,0,0,0,2,0,0,0,0,0,0,0,0,0,0,0,22,0
,760,839,3248,3090,3294,3282,3275,4784,4356,3446,3346,4348,1496,1281,3153,2082,1771,1843,2146,15,93,60,54,36,18,9,56,27,8,11,0,4,0,53,0,20,0,0,0,11,0,0,0,0,0,0,6,11,18,3,0,0,2,0,0,14,17,0,4,0,8,4,13,0,0,2,0,0,20,7,0,0,0,0,0,5,0,0,0,3,0,0,0,15,0,22,0,0,5,14,0,62,0,12,0,5,19
,765,1127,4065,3815,4065,4048,2423,3822,3373,2597,2542,3307,1147,948,2333,1514,1252,1316,1491,14,63,47,37,33,9,15,35,17,0,1,0,10,0,0,0,3,0,0,5,0,0,0,0,0,0,0,5,7,3,0,0,1,0,0,1,0,17,0,11,0,2,75,11,0,1,2,64,4,10,3,0,0,4,0,2,5,0,0,0,12,0,0,9,1,0,0,1,0,2,0,0,0,0,0,0,0,8
,770,1415,4645,4350,4653,4662,1859,3060,2705,2000,1955,2514,930,727,1793,1092,924,961,1133,25,52,30,29,16,12,5,36,12,0,6,0,13,0,0,0,100,0,0,0,16,0,0,0,0,0,0,1,13,57,4,0,19,1,0,0,10,22,0,9,0,5,0,22,40,2,4,0,0,14,5,0,0,13,0,0,79,0,0,0,30,0,0,0,8,0,0,0,13,0,0,0,0,0,0,0,0,18
,775,1671,5025,4761,5008,4950,1464,2507,2220,1576,1506,1953,722,565,1387,865,710,733,855,27,39,25,25,22,9,0,30,20,10,11,0,12,0,0,0,0,0,0,0,6,0,8,0,15,0,6,4,14,13,5,64,0,1,0,15,3,16,2,18,0,9,0,24,0,3,48,0,0,27,6,95,2,0,0,18,11,0,4,0,6,0,0,0,20,0,26,0,3,9,0,0,0,0,2,0,0,26
,780,1929,5032,4824,5044,4969,1045,1798,1544,1132,1079,1352,533,377,970,586,479,491,593,14,19,18,23,18,5,3,66,7,9,14,0,0,0,0,53,11,0,0,0,0,0,6,0,0,0,0,15,19,91,0,0,9,2,0,0,10,31,0,7,0,1,0,17,0,0,4,30,20,20,12,0,0,0,0,0,12,0,0,0,2,0,0,0,16,0,29,0,0,3,0,59,0,0,0,0,1,14
,785,2193,4796,4449,4740,4658,700,1280,1124,766,738,946,366,270,690,402,342,350,393,16,14,20,32,27,5,0,24,10,0,0,0,9,0,4,0,21,0,0,0,4,0,0,6,26,0,4,128,8,13,6,0,0,0,0,0,4,18,0,16,0,9,0,21,0,1,2,0,2,57,10,0,0,143,0,11,19,0,2,0,5,0,0,0,7,0,0,0,0,19,0,0,0,0,0,0,0,27
,790,2256,4274,4070,4259,4113,519,968,836,627,553,686,258,191,529,295,250,262,277,8,9,7,27,13,0,9,21,9,0,22,49,10,0,0,0,13,0,140,0,20,0,7,0,4,0,0,0,14,20,0,33,14,0,0,0,0,6,0,13,0,2,0,26,0,1,17,0,6,58,7,0,0,7,0,0,0,0,1,0,1,0,0,23,15,0,9,1,3,7,0,0,0,0,0,0,0,25
,795,2283,3752,3472,3683,3667,404,726,622,429,406,522,199,137,390,242,172,180,203,23,7,78,14,24,0,0,12,0,16,20,0,25,0,14,0,4,0,0,12,111,0,0,20,4,0,17,0,13,136,10,6,37,0,0,0,12,37,104,13,0,2,0,28,0,14,3,0,0,33,21,0,0,23,0,17,12,0,3,0,6,0,14,0,29,0,0,0,0,16,1,0,0,0,26,0,0,64
,800,2213,3119,2894,3109,2999,289,509,451,315,297,351,136,104,274,168,123,140,143,35,65,2,20,4,0,8,10,16,144,29,0,0,0,0,0,16,0,0,0,5,0,0,1,15,0,0,20,7,0,6,113,21,0,0,0,13,36,0,15,0,2,0,32,0,0,75,0,0,66,10,0,0,21,0,22,13,0,0,0,1,0,0,0,14,96,0,0,0,0,0,100,0,0,0,0,0,49
,805,1974,2352,2097,2260,2230,198,338,296,206,187,236,84,71,187,123,73,94,97,11,4,0,18,0,0,0,18,9,0,3,0,0,0,0,0,0,0,0,0,0,0,0,0,5,0,0,14,25,0,11,0,0,2,0,0,10,29,0,16,0,1,0,39,0,0,1,0,167,20,9,0,0,23,0,44,11,0,8,0,0,0,0,0,5,0,27,28,0,15,1,0,0,0,0,0,0,32
,810,1726,1800,1654,1770,1715,160,255,206,150,138,146,62,52,143,101,50,63,65,47,18,14,14,20,0,111,10,31,4,26,0,18,0,0,0,23,0,0,0,6,0,0,0,22,0,2,44,9,43,13,0,156,0,0,0,15,41,27,51,0,17,59,22,0,3,12,0,0,48,11,0,0,0,52,15,24,0,2,73,9,0,0,0,21,0,24,0,0,24,0,0,0,0,0,0,0,29
,815,1450,1414,1280,1337,1347,112,172,156,122,85,120,42,47,112,64,45,53,49,70,2,5,42,10,0,0,11,1,0,20,0,15,0,10,0,29,0,0,0,2,0,0,172,0,0,10,0,18,231,13,21,0,0,125,3,21,14,0,15,0,105,0,29,0,32,11,0,14,24,12,0,0,0,0,0,59,0,0,0,0,0,0,22,46,0,26,0,0,6,1,0,0,0,5,0,0,31
,820,1120,1052,939,1013,963,82,129,124,94,75,64,42,43,81,61,27,32,34,7,1,16,19,43,23,0,5,7,0,37,0,45,0,0,0,27,0,0,0,3,0,0,0,237,0,0,0,51,54,10,0,0,0,0,0,0,74,9,41,0,8,0,33,0,4,0,0,0,27,24,0,0,5,0,0,52,0,0,0,0,0,0,0,32,0,1,0,0,11,16,0,0,0,0,228,0,13
,825,868,740,676,716,716,49,136,83,68,43,77,22,29,83,62,13,26,0,79,1,25,32,0,0,0,0,5,0,236,0,21,188,8,0,193,0,41,0,0,0,21,14,38,0,0,10,17,28,14,1,0,5,0,0,0,83,0,223,0,0,0,63,0,5,26,0,0,70,18,0,0,29,0,0,69,0,0,0,0,0,0,0,162,0,9,0,241,19,0,0,0,0,38,0,29,16
,830,637,539,496,510,498,64,59,58,69,34,0,10,26,108,50,12,16,0,0,13,42,63,29,0,0,19,6,0,0,0,54,0,0,0,366,0,0,0,0,0,27,255,110,0,3,0,27,36,78,0,21,12,0,53,11,14,19,33,0,0,0,169,0,11,5,0,0,22,0,0,0,37,0,0,0,0,70,0,0,0,0,0,16,0,0,0,0,38,0,0,0,0,0,0,0,0
,835,493,418,377,419,374,47,48,45,44,12,0,0,15,51,64,8,22,0,744,0,16,128,1,0,52,56,25,0,18,0,0,0,0,344,3,0,0,364,0,0,27,0,45,0,0,7,70,49,15,0,28,0,0,0,0,108,267,79,0,2,0,88,0,53,7,0,33,0,47,0,0,0,0,26,18,22,27,0,5,0,210,0,59,0,150,0,0,118,0,0,0,0,0,0,0,103
,840,400,324,331,295,290,21,9,58,71,21,0,4,31,77,44,7,5,0,178,21,37,74,0,0,68,30,28,0,0,0,52,0,0,0,5,0,0,0,55,0,0,0,0,0,67,0,124,25,32,73,8,189,0,0,23,47,0,77,0,72,0,83,0,16,37,0,0,139,83,0,0,169,0,0,92,0,4,0,26,0,36,0,106,0,135,28,0,103,0,0,0,0,0,0,0,0
,845,236,229,192,220,218,34,0,63,39,53,0,0,43,63,92,0,0,190,1590,0,17,146,82,0,0,73,379,0,90,0,490,0,8,0,112,0,0,0,38,0,37,56,109,0,0,0,286,15,50,0,0,0,0,0,9,77,0,46,0,216,0,234,0,12,0,0,0,195,205,0,0,0,6,0,147,0,0,0,0,0,0,0,279,0,110,11,28,9,18,0,0,0,223,0,0,286
,850,163,147,149,253,214,47,0,78,46,0,0,0,50,196,188,0,0,0,2566,0,47,236,228,0,0,63,187,0,268,0,441,0,0,0,0,0,0,0,0,0,0,0,141,0,268,110,88,235,189,0,0,0,0,185,62,178,172,252,0,50,87,156,0,230,214,0,0,165,110,0,0,0,0,0,158,0,0,0,82,0,0,0,62,0,186,0,0,243,248,0,464,0,0,0,0,0
,,,,,,,,,,,,,,,,,,,,,,,,,,,,,,,,,,,,,,,,,,,,,,,,,,,,,,,,,,,,,,,,,,,,,,,,,,,,,,,,,,,,,,,,,,,,,,,,,
Read 37:EM Spectrum,,,,,,,,,,,,,,,,,,,,,,,,,,,,,,,,,,,,,,,,,,,,,,,,,,,,,,,,,,,,,,,,,,,,,,,,,,,,,,,,,,,,,,,,,,,,,,,,,
,,,,,,,,,,,,,,,,,,,,,,,,,,,,,,,,,,,,,,,,,,,,,,,,,,,,,,,,,,,,,,,,,,,,,,,,,,,,,,,,,,,,,,,,,,,,,,,,,
,Wavelength,A1,A2,A3,A4,A5,A6,A7,A8,A9,A10,A11,A12,B1,B2,B3,B4,B5,B6,B7,B8,B9,B10,B11,B12,C1,C2,C3,C4,C5,C6,C7,C8,C9,C10,C11,C12,D1,D2,D3,D4,D5,D6,D7,D8,D9,D10,D11,D12,E1,E2,E3,E4,E5,E6,E7,E8,E9,E10,E11,E12,F1,F2,F3,F4,F5,F6,F7,F8,F9,F10,F11,F12,G1,G2,G3,G4,G5,G6,G7,G8,G9,G10,G11,G12,H1,H2,H3,H4,H5,H6,H7,H8,H9,H10,H11,H12
,500,1,1,1,1,1,2,2,2,2,3,3,3,3,2,3,3,2,3,42,9,8,10,10,12,13,10,7,16,18,20,16,21,18,22,16,26,16,12,7,13,6,13,17,10,11,15,9,17,12,8,9,12,8,14,14,18,14,14,2,17,15,11,4,6,2,18,3,16,3,13,12,5,10,15,17,12,23,20,21,3,7,11,19,9,17,8,18,15,12,19,61,54,17,13,36,43
,505,1,1,1,1,1,2,2,3,3,2,3,4,4,3,3,3,2,3,55,7,10,8,9,11,9,11,7,16,20,21,24,15,13,24,18,15,13,12,5,16,5,15,17,15,20,11,7,13,10,12,6,12,6,12,14,10,12,9,2,15,16,16,7,11,2,12,4,15,4,18,16,5,9,11,11,12,23,20,20,3,10,12,16,8,16,9,16,10,13,11,122,112,11,15,87,99
,510,1,1,1,1,1,3,2,2,2,3,2,2,4,2,2,4,2,2,99,7,7,9,9,15,11,7,10,15,15,19,21,17,11,22,20,15,10,16,7,13,5,16,16,14,9,16,7,12,11,9,6,7,5,11,12,14,8,13,2,14,15,20,4,10,2,15,4,11,3,16,15,4,10,9,12,13,17,18,21,3,10,13,11,9,18,23,16,17,17,19,259,224,16,20,169,205
,515,0,1,1,1,1,2,2,2,1,2,3,3,3,2,2,2,2,2,228,7,9,8,8,11,8,7,5,11,19,14,23,15,11,17,20,14,15,16,6,9,7,16,12,8,9,14,9,15,10,8,8,14,7,11,17,14,8,14,2,10,16,17,5,10,2,19,5,11,4,18,10,5,9,12,16,12,21,23,25,5,11,19,13,15,13,16,12,20,20,15,688,582,17,31,446,503
,520,1,1,1,1,1,3,2,3,2,1,3,2,3,1,2,2,3,3,453,5,6,8,8,10,8,6,8,11,17,13,19,13,16,22,17,18,13,14,4,13,6,12,11,9,12,9,9,11,10,7,8,12,9,16,12,8,9,12,1,11,14,10,4,10,2,17,3,10,4,11,11,4,7,9,15,15,24,20,20,3,8,19,22,18,22,14,14,19,19,17,1431,1201,20,56,932,1075
,525,1,1,1,0,1,1,2,3,2,1,2,1,2,1,2,1,4,2,859,5,7,8,7,9,10,10,4,14,13,16,14,19,15,15,15,17,15,13,5,13,7,15,22,10,7,15,6,12,12,10,4,10,8,18,20,9,12,14,2,20,15,10,4,10,2,15,4,13,3,20,13,5,8,9,11,14,25,22,26,4,9,28,24,23,26,19,25,23,39,23,2720,2251,29,108,1715,2016
,530,0,0,1,1,0,1,2,2,1,1,3,2,2,1,2,2,1,3,1468,5,6,8,6,9,12,7,6,9,17,12,14,15,10,15,12,15,10,14,6,12,5,10,11,18,13,13,6,11,18,9,4,12,7,10,19,15,15,14,2,17,22,19,5,9,2,18,5,17,3,19,13,7,11,9,12,17,16,18,25,3,15,50,42,40,46,47,44,46,59,52,4949,4269,41,209,3256,3789
,535,0,1,1,1,1,2,2,2,2,2,2,2,3,2,2,1,2,2,2193,6,6,4,5,8,11,5,3,12,14,16,13,13,12,21,14,21,15,9,5,6,7,12,15,14,9,16,7,14,20,13,6,14,6,20,24,19,23,21,4,25,26,27,11,18,4,18,5,16,5,32,26,6,12,16,25,19,26,30,32,5,29,100,83,71,92,87,81,102,107,92,7477,6273,75,340,4765,5543
,540,0,1,1,1,0,2,1,1,2,2,2,2,3,2,2,3,2,3,2534,4,8,5,12,6,6,5,4,12,15,14,15,17,24,28,18,27,11,10,8,10,8,15,18,19,13,17,12,20,25,11,9,14,9,21,31,26,32,34,7,44,40,35,13,23,5,40,7,24,7,44,31,11,17,20,35,20,29,42,48,6,41,156,142,105,138,129,132,139,155,130,8514,7267,129,494,5499,6589
,545,1,1,0,1,1,1,1,2,2,2,2,1,1,0,0,1,1,2,2433,3,4,6,5,9,5,4,5,13,23,21,23,22,19,28,25,43,23,21,8,12,8,22,22,19,25,22,14,29,40,17,15,25,13,35,47,40,55,59,9,65,67,56,21,37,9,49,11,43,13,69,51,15,22,26,50,26,37,39,51,8,68,205,203,156,189,174,189,202,218,187,8704,7561,180,543,5761,6591
,550,1,1,0,0,0,3,1,2,1,2,1,0,1,0,2,1,2,2,2163,3,3,4,7,6,4,6,3,15,32,24,24,25,34,52,40,58,36,30,11,24,14,29,28,35,34,40,21,49,59,33,23,31,21,58,61,61,80,83,16,101,100,80,32,54,12,81,16,58,21,103,74,20,26,35,75,39,47,62,61,11,93,255,236,185,213,222,217,226,247,205,8191,6795,221,560,5342,6209
,555,0,0,1,1,0,2,2,1,1,1,1,1,2,1,0,2,1,1,1640,3,5,5,5,7,7,4,2,22,54,43,49,54,70,107,69,117,55,49,21,49,20,46,46,53,50,54,30,68,96,47,37,56,36,91,103,93,118,118,20,131,130,119,46,78,18,124,24,91,27,137,112,29,36,37,103,45,68,65,69,12,103,280,260,201,228,243,238,252,260,225,6436,5373,230,544,4206,4882
,560,0,0,1,0,0,1,1,0,1,1,1,1,1,2,0,1,1,1,1020,3,3,3,5,8,7,4,3,43,103,89,92,104,133,201,104,204,100,80,30,68,31,74,71,70,67,76,40,92,133,69,52,85,49,125,156,124,147,155,25,155,170,146,59,105,24,160,33,128,39,187,162,39,44,42,139,58,67,69,83,13,113,255,251,191,210,234,231,221,229,211,4435,3889,210,416,2834,3403
,565,0,0,0,0,1,1,3,2,1,1,1,0,2,1,0,1,1,1,661,3,3,3,5,8,7,3,7,75,160,132,150,155,199,308,150,301,140,113,42,92,41,95,82,91,85,92,49,108,151,84,63,102,59,144,161,144,161,177,26,171,191,172,67,113,27,176,36,151,48,209,208,45,45,43,154,57,73,71,78,14,116,224,222,166,184,201,198,199,187,182,3208,2623,179,321,2054,2430
,570,0,0,0,0,0,1,1,1,0,1,1,0,1,0,0,2,1,2,430,5,3,4,5,14,13,4,3,120,255,215,237,249,294,465,213,442,199,163,60,136,48,125,104,105,108,104,62,130,163,97,73,120,75,164,180,159,180,184,28,179,207,191,76,126,31,205,42,184,55,246,213,51,48,44,169,54,65,69,69,13,106,167,178,127,135,163,165,152,157,150,2092,1750,143,242,1381,1574
,575,0,0,0,0,0,1,1,1,1,1,1,0,1,0,2,1,1,1,238,2,4,4,7,21,21,4,6,200,383,345,391,409,429,683,308,598,293,231,83,174,61,158,130,131,133,124,73,155,175,110,79,127,75,174,197,162,179,195,30,182,224,214,81,139,33,228,46,195,63,262,241,55,37,36,166,51,59,56,64,11,79,128,133,91,104,118,123,113,107,101,1219,1023,105,157,797,928
,580,0,0,0,0,0,0,1,1,1,1,2,0,1,2,0,1,1,3,132,3,5,5,9,38,37,5,10,330,562,536,572,592,583,930,416,775,387,305,107,235,77,194,155,170,157,156,92,197,169,117,83,132,75,172,194,164,175,200,31,181,231,228,91,147,37,229,47,198,62,244,224,48,33,30,153,41,44,46,53,9,58,84,95,64,67,82,76,71,86,70,699,578,68,98,469,551
,585,0,0,0,0,0,0,1,0,0,1,1,0,1,0,0,3,1,1,78,3,5,8,14,70,69,8,20,530,763,764,819,803,772,1126,540,940,502,406,141,300,98,256,201,198,205,197,112,233,173,127,80,139,74,173,189,165,175,207,31,192,247,243,92,152,36,220,45,187,55,210,183,42,23,22,115,32,32,35,33,6,39,55,64,42,48,53,50,48,49,44,399,325,48,62,252,322
,590,0,0,0,0,0,0,1,0,0,1,0,0,1,0,0,1,1,1,47,3,7,12,25,110,113,12,34,702,956,972,1019,994,880,1237,646,989,572,467,169,362,115,293,242,229,235,219,133,262,162,137,85,133,80,166,182,162,176,217,33,198,261,239,93,158,33,191,39,162,47,173,149,33,18,17,99,24,28,25,27,5,35,39,51,31,32,38,34,39,36,33,248,207,35,46,167,195
,595,0,0,0,0,0,1,1,0,1,0,0,0,1,0,0,1,1,1,32,5,13,20,40,178,182,17,64,935,1090,1168,1219,1159,984,1241,664,1013,633,521,186,407,138,348,276,273,265,249,151,298,164,151,82,140,77,162,190,160,178,218,34,219,265,226,86,144,30,166,32,132,38,131,114,25,14,13,73,18,21,18,21,4,22,32,34,27,25,26,27,25,22,26,159,132,23,36,109,117
,600,0,0,0,0,0,0,1,0,1,1,0,0,1,0,0,1,1,1,23,7,18,33,70,297,287,32,111,1266,1222,1383,1402,1318,1006,1170,671,911,638,554,196,434,150,391,312,306,288,274,152,306,174,160,85,150,77,164,190,172,178,225,33,219,248,186,72,122,22,119,25,95,27,98,79,18,10,10,52,14,14,12,17,3,15,22,22,16,19,16,22,19,16,18,100,80,18,24,61,73
,605,0,0,0,0,0,0,1,0,0,0,0,1,1,0,0,1,0,1,14,12,33,64,137,461,478,58,199,1627,1249,1509,1487,1331,926,1027,579,701,568,508,195,436,155,384,339,312,297,282,156,288,173,185,89,153,83,167,190,158,169,222,31,200,215,143,54,84,16,91,16,70,19,59,54,12,10,9,35,10,7,10,13,2,11,16,19,12,16,11,17,14,15,21,57,44,15,18,35,45
,610,0,0,0,0,1,0,0,0,1,0,0,0,1,0,0,1,0,2,12,21,57,113,226,670,665,98,307,1855,1200,1537,1458,1309,784,827,489,569,488,429,169,402,150,372,330,306,283,266,145,260,169,209,91,167,85,159,182,152,147,192,25,175,181,110,39,63,12,64,12,48,14,49,36,12,6,7,28,8,11,9,10,2,9,13,13,12,11,8,13,11,12,11,43,33,9,14,24,31
,615,0,0,0,0,0,0,1,0,1,0,0,0,1,0,0,1,0,1,7,35,95,180,332,950,923,157,451,2063,1092,1458,1357,1166,646,663,377,430,379,370,152,343,136,324,302,290,261,242,126,225,153,229,93,165,82,154,179,131,117,160,20,149,144,81,29,48,9,48,9,38,10,35,26,8,5,5,21,7,8,8,7,1,7,12,10,9,9,4,9,7,9,10,32,35,7,15,21,21
,620,0,0,0,0,0,0,1,1,0,1,0,0,1,0,0,1,1,1,6,60,158,309,536,1287,1291,269,687,2082,872,1280,1149,992,467,496,277,299,280,261,115,287,117,268,252,242,218,215,105,177,132,208,92,162,80,135,147,107,92,125,15,113,104,55,21,34,6,33,6,29,8,26,19,6,5,5,13,4,7,4,6,1,5,7,8,7,8,4,6,7,8,7,23,16,7,11,19,27
,625,0,0,0,0,0,3,1,1,1,1,0,0,1,0,0,1,1,1,1,105,274,503,833,1688,1699,449,1001,1974,683,1042,889,766,328,350,189,208,196,191,88,208,91,207,212,185,165,155,78,125,106,202,81,138,68,107,127,79,77,84,12,84,73,44,16,22,5,24,5,21,5,25,22,5,3,3,12,3,5,2,4,1,5,7,7,6,7,2,5,3,6,5,19,13,4,10,8,12
,630,0,0,0,1,0,1,1,1,2,1,1,0,3,1,0,3,2,3,2,190,460,810,1223,2116,2075,728,1392,1708,488,780,654,567,219,257,129,143,135,131,59,139,67,149,149,145,130,108,58,90,80,159,64,114,51,85,85,57,47,62,8,59,54,31,10,19,3,16,4,18,4,14,9,3,2,2,10,2,2,2,2,1,4,10,4,7,5,1,4,2,8,8,15,7,2,7,7,9
,635,0,0,0,0,0,2,2,1,2,2,1,0,3,1,2,4,2,4,3,285,663,1139,1626,2365,2409,993,1781,1477,382,623,521,448,172,217,100,107,93,95,43,107,51,110,120,106,97,92,48,67,58,130,56,92,43,64,69,42,38,46,6,48,36,23,8,13,2,15,2,14,3,12,5,3,3,1,10,2,5,0,2,1,11,5,5,6,4,1,5,0,6,7,13,7,2,6,6,9
,640,1,0,1,0,0,3,2,3,3,3,2,1,5,6,3,7,4,6,0,429,925,1517,2028,2497,2495,1353,2147,1193,275,456,381,342,118,164,69,88,65,65,33,84,40,84,92,78,66,65,32,48,43,95,41,65,31,48,51,44,28,34,4,32,26,17,6,11,2,9,3,13,3,11,3,3,2,0,6,4,1,1,3,1,2,3,13,4,7,0,3,5,23,7,7,4,0,9,3,6
,645,0,0,2,0,0,5,3,3,6,6,3,3,7,5,5,10,6,8,0,645,1296,2014,2380,2445,2512,1788,2484,909,215,340,296,257,85,119,54,60,51,51,22,48,26,59,59,54,45,45,26,36,35,68,27,50,22,40,33,25,20,34,3,25,22,16,9,8,1,6,1,12,2,12,9,2,2,1,5,2,0,0,0,1,2,6,0,6,4,0,3,3,6,7,26,3,3,10,1,2
,650,0,0,1,0,0,9,5,7,9,9,4,6,13,9,10,16,12,14,0,939,1747,2475,2711,2235,2325,2330,2689,639,143,240,211,186,56,85,41,46,51,35,17,35,20,42,45,30,30,31,15,27,39,47,18,33,17,26,22,20,19,20,2,20,21,13,4,8,1,10,2,9,2,13,3,2,1,0,3,0,4,0,2,0,3,5,2,5,5,0,2,1,3,6,11,2,0,6,0,2
,655,0,0,1,1,0,15,8,9,15,15,7,10,18,15,17,25,19,22,0,1223,2088,2825,2844,2021,2094,2645,2690,509,111,181,156,145,47,77,28,38,26,27,13,25,17,28,35,18,21,27,14,25,18,34,17,24,13,15,20,12,14,14,2,14,17,11,4,4,1,3,1,23,2,6,0,2,2,2,3,2,0,19,1,1,1,2,5,3,4,0,1,18,0,4,10,0,0,8,0,24
,660,0,1,1,1,1,23,13,14,23,24,12,19,28,24,26,42,30,34,0,1517,2370,2987,2771,1700,1777,2973,2577,380,103,148,123,114,34,59,24,32,39,23,10,20,14,26,23,19,17,20,13,18,15,25,10,17,11,12,15,14,10,21,2,11,12,9,3,5,0,2,1,7,1,7,0,2,4,0,3,4,2,0,4,1,2,5,0,5,2,0,0,0,0,1,8,3,0,7,0,0
,665,0,2,2,1,1,39,20,25,38,37,17,30,49,40,44,64,46,54,2,1800,2609,3047,2603,1368,1417,3059,2339,280,64,124,100,85,40,43,17,22,31,15,4,12,10,19,21,9,11,17,10,11,8,16,7,13,9,13,9,8,9,6,1,8,11,10,2,4,0,3,2,10,2,8,0,1,2,0,3,2,2,0,0,0,15,5,0,2,2,0,1,0,0,6,11,3,0,5,0,2
,670,0,2,3,2,2,69,36,45,64,62,29,55,78,67,78,109,82,91,0,2073,2688,2862,2244,1050,1042,2965,1899,202,49,78,75,64,18,51,15,23,27,9,6,8,7,10,14,2,24,11,19,27,11,11,5,8,7,28,5,10,5,10,1,5,22,9,0,2,1,0,1,11,2,27,0,2,0,0,0,0,1,0,4,5,1,2,1,2,7,0,0,6,5,3,10,0,0,6,2,5
,675,1,3,4,3,3,109,55,68,101,100,49,83,118,110,126,176,134,143,0,2244,2696,2625,1933,817,801,2832,1565,161,37,59,58,51,13,52,15,17,13,8,4,5,8,6,13,1,3,9,7,7,1,6,3,8,6,8,28,10,4,6,0,6,7,6,0,2,1,0,1,9,0,6,0,1,12,0,3,16,0,0,0,1,0,2,6,4,4,0,1,18,0,4,33,0,2,7,0,1
,680,1,5,6,7,5,173,86,108,160,164,75,133,175,162,194,277,210,228,0,2351,2469,2202,1541,599,605,2477,1231,118,29,49,43,39,14,29,7,15,12,3,5,20,7,11,4,4,18,7,9,6,4,5,1,22,4,0,3,23,5,7,1,2,3,15,1,3,0,1,1,9,1,7,0,2,2,0,2,0,1,0,0,0,1,0,0,5,21,0,0,0,0,5,8,0,1,7,0,0
,685,2,9,9,9,9,274,138,171,257,248,126,193,261,270,321,428,329,359,1,2286,2190,1844,1187,464,435,2113,936,83,26,34,58,32,8,22,8,12,3,2,9,0,5,10,6,0,0,6,8,7,5,3,1,27,5,0,4,5,4,3,4,2,6,6,1,0,0,0,2,7,1,8,0,2,0,0,2,0,0,0,0,1,3,7,0,8,5,0,0,0,6,6,6,0,0,11,0,2
,690,2,14,13,13,13,432,220,282,394,404,197,295,373,428,504,677,531,576,0,2136,1934,1492,958,342,325,1791,710,86,18,52,32,25,0,14,13,13,6,8,2,0,4,32,2,0,0,7,7,8,4,3,0,3,4,4,3,9,0,5,1,6,4,0,1,1,0,0,6,28,0,7,0,1,2,0,0,2,3,0,0,1,1,0,0,0,1,0,4,0,2,39,9,0,0,14,2,0
,695,4,23,22,23,23,703,364,449,649,657,314,455,544,694,844,1123,868,943,0,1885,1505,1156,696,232,220,1367,490,50,11,29,29,19,0,14,1,9,3,0,0,0,5,35,6,0,0,0,7,6,0,1,0,3,4,0,4,6,4,0,1,2,0,3,0,2,0,0,0,12,0,5,0,0,0,0,0,0,0,0,24,6,2,5,0,5,37,0,0,0,3,4,51,3,0,9,0,0
,700,6,35,36,36,35,1095,562,708,1068,1046,510,632,714,1104,1314,1679,1361,1451,0,1625,1216,851,507,180,165,1055,366,38,15,48,21,16,0,13,0,10,5,0,1,1,6,6,4,0,0,14,5,3,1,0,0,0,4,0,6,5,0,0,1,2,0,2,2,0,0,0,0,8,0,0,0,1,2,0,0,0,0,0,0,0,20,21,0,3,1,0,0,0,1,5,10,0,0,8,0,4
,705,11,54,54,55,55,1652,847,1082,1556,1570,762,850,896,1631,1906,2406,2049,2129,0,1385,999,641,372,136,123,812,260,34,16,23,16,14,0,44,2,4,2,0,0,0,2,0,6,24,0,4,8,4,6,0,0,1,5,0,4,6,32,0,0,0,9,7,0,4,0,2,2,15,1,11,0,1,0,0,3,2,5,0,0,1,6,1,0,6,4,1,0,0,0,48,7,0,0,14,5,0
,710,14,79,79,81,80,2347,1265,1572,2214,2272,1090,1037,1078,2331,2617,3213,2826,2907,0,1080,718,468,259,103,92,610,184,20,6,14,17,8,0,12,0,0,0,0,0,0,5,2,11,0,0,7,8,4,0,0,13,3,3,0,35,9,4,2,1,2,0,1,0,0,0,0,0,11,1,11,0,2,2,0,0,0,0,0,0,0,2,12,0,35,3,0,0,0,1,6,0,0,0,19,0,0
,715,22,125,123,130,127,3296,1922,2343,3247,3236,1596,1250,1231,3206,3542,4045,3927,3783,29,779,492,309,166,69,59,397,118,18,13,12,11,7,0,15,0,5,0,1,1,0,3,0,2,0,0,2,8,6,0,0,0,0,4,0,0,5,0,0,0,2,8,8,2,3,0,0,0,9,0,11,0,1,0,0,36,0,0,26,0,1,0,4,0,5,2,0,0,0,0,0,10,0,1,0,0,0
,720,33,183,182,191,187,4154,2638,3141,4159,4246,2049,1398,1283,4100,4331,4595,4805,4577,0,593,357,214,121,50,51,277,87,8,4,7,8,3,0,5,6,7,0,0,0,19,1,2,3,0,0,0,10,8,33,0,0,4,3,0,1,6,6,0,1,6,0,6,0,1,0,0,1,7,1,4,0,0,1,0,0,0,0,0,0,1,3,0,30,4,0,0,9,5,3,5,19,0,26,9,0,4
,725,47,268,262,274,265,5011,3412,4087,4952,5016,2559,1477,1361,4907,4882,4993,5647,5133,38,485,276,165,95,40,35,219,61,18,2,7,11,5,1,5,2,3,0,4,0,0,5,0,5,0,0,3,7,3,5,0,0,1,3,0,0,6,3,0,0,5,0,5,0,0,0,0,0,9,0,1,0,1,1,0,0,0,0,0,0,0,0,2,0,7,4,0,0,0,0,5,6,0,0,4,0,0
,730,70,396,386,391,399,5671,4388,5044,5833,5936,3051,1631,1431,5538,5369,5199,6277,5529,0,394,214,132,74,32,30,174,54,6,3,6,11,3,0,5,0,4,0,2,0,0,6,3,0,0,0,4,8,1,3,0,0,1,2,0,0,8,4,0,1,7,0,0,0,1,1,0,0,8,0,2,0,2,1,0,1,0,3,0,0,1,2,5,0,13,6,0,0,0,0,14,8,0,0,32,0,1
,735,109,594,580,597,597,6178,5406,6101,6389,6570,3542,1681,1459,6127,5612,5159,6741,5726,0,318,178,100,65,32,22,132,36,8,1,5,6,6,0,5,2,5,0,3,0,24,2,0,8,0,0,1,10,5,0,0,0,0,3,0,0,9,4,10,1,6,39,12,4,1,0,0,3,7,1,0,0,1,1,3,3,0,0,0,37,6,3,0,3,10,0,0,5,0,0,1,8,0,0,4,0,0
,740,174,944,910,953,938,6082,6134,6609,6456,6487,3553,1665,1390,5955,5307,4621,6474,5307,0,226,122,73,40,20,18,91,28,9,11,0,11,6,0,7,0,8,0,0,0,0,5,5,0,0,0,4,14,5,6,0,0,5,5,0,0,0,9,0,0,4,2,8,0,2,0,0,0,12,0,56,0,1,0,0,0,2,0,0,0,1,2,8,6,6,4,0,0,0,0,0,24,0,0,2,0,5
,745,251,1360,1312,1338,1320,5693,6422,6666,6299,6296,3671,1635,1332,5615,4820,4083,6055,4776,0,164,99,64,36,22,19,94,20,43,6,0,6,3,0,3,1,14,2,0,0,0,7,7,5,0,0,13,10,0,12,0,0,1,7,0,60,6,0,0,0,0,7,9,4,28,0,0,2,6,12,0,0,2,2,0,7,0,0,0,0,3,2,1,0,3,2,0,0,0,24,8,17,0,0,19,0,0
,750,350,1835,1771,1814,1807,5118,6227,6249,5569,5631,3515,1551,1215,4970,4165,3405,5254,4116,0,132,96,46,28,19,15,57,12,4,7,3,11,3,0,6,4,3,0,0,0,0,11,62,0,0,0,3,8,2,0,0,0,36,3,0,0,5,0,4,0,19,2,7,0,0,0,0,0,10,0,0,0,1,2,0,0,0,57,0,6,2,0,6,0,15,4,0,18,1,0,9,98,0,0,19,0,0
,755,497,2476,2421,2487,2498,4224,5505,5489,4577,4665,2963,1322,968,4050,3283,2578,4173,3196,0,84,51,36,20,23,10,42,0,0,0,0,59,0,0,0,1,0,0,0,0,0,7,6,16,24,0,0,9,0,0,0,0,0,4,0,0,19,0,0,1,0,2,10,0,4,0,0,0,17,4,13,0,0,1,0,0,5,0,0,0,0,2,5,0,5,0,0,0,0,4,12,29,51,0,13,0,0
,760,709,3299,3185,3297,3296,3389,4834,4604,3742,3832,2486,1096,772,3298,2601,1990,3384,2497,10,64,44,30,17,14,14,39,9,0,2,14,77,14,0,0,42,17,0,0,0,0,10,0,53,0,0,0,12,10,4,0,0,0,12,0,1,9,16,4,1,15,3,0,0,0,0,0,0,28,1,13,0,4,5,4,0,6,0,0,0,2,0,1,12,30,0,0,0,1,12,9,25,0,3,18,0,79
,765,950,4172,3999,4132,4041,2504,3861,3634,2824,2841,1960,858,590,2400,1880,1441,2392,1831,0,44,45,13,11,16,9,64,0,0,1,16,10,1,0,71,0,11,8,0,0,0,10,1,0,0,0,5,18,23,5,0,34,0,3,0,0,0,11,0,0,3,1,10,0,0,0,0,0,96,1,17,0,2,1,0,4,0,10,0,0,0,6,0,0,15,5,0,0,3,13,10,31,0,0,21,0,15
,770,1172,4770,4471,4709,4623,1943,3132,2910,2186,2253,1578,677,433,1895,1412,1056,1808,1410,0,35,34,9,4,10,3,29,0,0,0,1,9,18,0,1,0,19,0,73,0,0,8,1,0,0,0,1,10,10,0,0,0,4,20,0,0,12,0,0,1,0,0,7,32,0,0,0,1,35,1,1,0,0,0,0,0,0,0,0,0,2,0,0,1,22,9,0,0,4,60,0,21,0,0,42,0,0
,775,1441,5122,4892,5069,4949,1493,2563,2292,1718,1761,1243,498,334,1447,1102,825,1383,1052,7,27,16,18,5,11,5,16,0,12,0,0,15,0,0,19,0,8,0,0,0,0,52,6,0,0,0,12,30,6,3,0,0,0,13,0,0,15,20,0,4,3,4,0,0,0,1,0,0,23,0,26,0,2,3,0,0,0,0,0,0,4,0,37,5,11,0,0,7,0,139,12,31,0,0,40,0,7
,780,1705,5113,4894,5032,4966,1053,1848,1639,1216,1222,882,345,234,1029,762,557,973,729,0,20,30,15,1,6,7,0,0,0,0,0,0,0,0,13,0,0,0,0,36,0,10,0,0,0,0,29,20,0,0,0,0,19,14,0,0,26,1,0,1,1,0,11,2,0,0,0,0,18,0,20,0,4,5,0,0,0,0,0,0,0,0,13,0,14,0,0,0,0,0,0,30,0,0,41,0,0
,785,1923,4845,4637,4716,4648,733,1334,1196,863,864,608,260,156,726,527,426,682,520,0,4,16,2,19,12,0,25,0,0,4,12,17,0,0,17,0,16,0,0,0,0,48,0,21,0,0,13,23,5,124,0,0,23,5,0,0,42,4,0,0,10,0,0,0,0,0,0,7,40,0,18,0,5,7,0,0,0,0,0,10,4,0,10,0,0,0,0,4,0,0,0,38,0,0,25,0,0
,790,2067,4338,4171,4265,4190,549,968,848,593,628,451,167,110,522,373,286,485,368,0,0,9,0,0,16,0,20,0,0,10,0,0,20,0,2,0,14,0,0,0,0,25,0,0,0,0,13,19,14,8,0,0,0,10,0,2,22,10,0,0,0,0,0,0,14,0,0,0,41,0,27,0,6,4,0,0,88,0,0,0,10,7,0,10,53,25,0,0,0,12,16,61,0,0,28,0,0
,795,2117,3817,3689,3732,3573,409,729,660,478,504,334,131,90,390,288,198,368,272,0,5,14,0,0,15,3,23,0,0,4,14,20,0,0,0,0,11,0,0,1,0,15,22,2,0,0,30,26,15,0,89,0,3,18,0,2,21,46,0,0,0,9,6,0,12,1,0,30,37,3,29,0,10,0,0,27,0,5,0,0,3,0,30,29,28,13,0,0,0,0,8,248,0,0,0,0,0
,800,2066,3151,3046,3027,2988,302,525,442,328,320,233,84,70,273,202,160,249,200,0,5,0,0,0,23,89,11,58,0,0,0,19,16,0,0,0,16,0,0,0,0,16,0,0,8,88,0,37,97,0,0,0,10,37,119,0,29,0,0,3,0,0,7,0,1,1,74,0,41,0,41,0,7,0,74,0,3,0,0,45,0,0,2,7,27,0,0,24,0,14,19,26,0,0,3,0,16
,805,1854,2353,2243,2275,2188,185,361,310,212,215,156,51,46,186,126,97,169,138,0,0,7,5,11,0,1,32,0,0,0,5,13,37,0,0,0,1,0,0,0,0,14,14,18,0,0,0,30,0,28,0,0,28,10,0,0,0,16,0,1,0,0,171,0,60,0,0,0,20,0,29,0,4,0,0,0,4,0,0,0,2,0,0,23,22,16,0,0,0,0,0,44,171,0,29,0,0
,810,1613,1898,1737,1824,1718,139,263,231,151,159,96,41,28,126,80,74,119,88,0,8,6,0,5,0,17,13,0,0,0,2,26,27,0,11,0,28,0,0,0,0,10,15,0,0,0,39,33,0,0,0,0,0,11,0,0,0,0,0,3,0,6,8,0,0,0,37,0,74,0,22,0,7,16,0,0,0,0,0,0,5,4,3,3,28,0,0,0,0,5,0,67,0,13,55,0,0
,815,1389,1446,1344,1399,1327,99,187,162,117,122,96,4,31,83,71,68,88,87,0,65,0,0,0,14,0,21,0,0,0,19,59,0,0,7,0,0,0,0,0,0,7,16,0,0,0,33,28,30,0,0,8,0,3,0,3,13,176,0,0,45,0,40,0,0,0,0,0,48,2,18,0,2,6,0,21,8,0,0,0,7,10,34,0,29,0,0,0,0,0,36,73,0,0,10,0,0
,820,1045,1064,979,1031,961,73,147,103,138,71,70,2,21,59,39,54,73,62,0,0,0,0,0,23,4,5,0,0,0,0,22,0,0,13,0,0,0,180,0,0,21,14,8,0,0,0,50,0,0,0,0,5,0,0,0,6,12,0,0,50,0,0,0,12,0,0,0,54,0,14,0,7,0,0,0,18,8,0,0,0,8,0,0,18,0,0,0,0,20,20,29,0,0,61,0,285
,825,814,751,691,711,707,54,107,83,70,72,53,0,18,42,31,45,56,57,0,4,0,0,0,27,0,118,0,0,14,8,38,65,0,43,0,0,0,205,0,0,33,4,0,0,0,0,68,29,16,0,0,6,31,0,0,71,25,12,0,15,16,33,0,1,2,0,0,101,0,40,0,6,12,0,0,0,0,0,0,0,0,38,0,46,0,0,0,0,33,48,106,0,0,47,0,0
,830,626,565,524,528,504,58,83,59,49,30,31,0,0,11,23,23,33,52,0,102,0,0,0,3,0,12,0,0,3,18,34,51,0,38,15,0,0,0,0,0,46,13,0,0,0,0,105,14,10,0,153,8,98,0,0,51,254,0,7,28,3,16,0,25,0,5,4,54,0,41,0,3,39,0,0,0,0,0,0,10,0,58,0,59,0,0,0,0,0,30,80,0,0,82,0,0
,835,472,417,391,419,368,27,72,34,40,27,31,0,14,22,0,31,45,75,14,0,15,0,0,11,0,27,0,0,4,14,0,0,0,6,0,37,0,0,0,0,26,0,18,0,0,5,95,0,0,0,0,0,45,0,82,77,0,0,4,0,16,0,0,0,0,0,6,112,22,97,0,0,0,0,0,0,0,0,0,10,25,52,36,59,103,0,0,0,13,117,156,0,0,38,0,2
,840,358,317,327,289,303,25,69,28,66,12,4,0,0,0,0,58,21,68,0,0,46,0,0,0,0,40,0,0,21,638,0,0,0,228,0,71,0,0,0,0,348,42,11,0,0,23,174,56,0,0,0,0,79,0,0,115,65,0,6,0,56,0,242,0,0,0,0,180,180,0,0,213,97,0,0,0,0,0,0,21,3,98,11,104,42,0,2,0,0,206,23,0,0,205,0,0
,845,262,226,210,192,186,12,69,0,1,7,34,11,68,0,0,46,0,144,0,0,61,94,73,149,0,12,0,0,0,108,35,323,148,146,0,302,0,0,67,0,95,16,93,0,0,86,299,18,0,0,0,26,167,0,0,227,104,132,21,35,0,80,47,0,0,0,221,175,0,221,0,50,0,0,0,0,0,0,0,12,208,0,120,219,0,0,0,0,31,0,262,0,0,0,1162,0
,850,200,176,182,122,130,0,41,0,1,21,0,0,0,0,0,434,0,107,0,0,83,0,121,44,0,63,0,70,141,16,515,0,0,0,0,102,0,0,434,0,303,0,153,0,0,102,85,157,0,0,0,43,195,0,0,84,212,0,242,188,0,132,4,229,228,0,0,252,274,0,0,30,0,0,0,0,0,0,0,83,0,0,0,279,0,0,0,0,0,46,797,1350,0,501,0,0
,,,,,,,,,,,,,,,,,,,,,,,,,,,,,,,,,,,,,,,,,,,,,,,,,,,,,,,,,,,,,,,,,,,,,,,,,,,,,,,,,,,,,,,,,,,,,,,,,
Read 38:EM Spectrum,,,,,,,,,,,,,,,,,,,,,,,,,,,,,,,,,,,,,,,,,,,,,,,,,,,,,,,,,,,,,,,,,,,,,,,,,,,,,,,,,,,,,,,,,,,,,,,,,
,,,,,,,,,,,,,,,,,,,,,,,,,,,,,,,,,,,,,,,,,,,,,,,,,,,,,,,,,,,,,,,,,,,,,,,,,,,,,,,,,,,,,,,,,,,,,,,,,
,Wavelength,A1,A2,A3,A4,A5,A6,A7,A8,A9,A10,A11,A12,B1,B2,B3,B4,B5,B6,B7,B8,B9,B10,B11,B12,C1,C2,C3,C4,C5,C6,C7,C8,C9,C10,C11,C12,D1,D2,D3,D4,D5,D6,D7,D8,D9,D10,D11,D12,E1,E2,E3,E4,E5,E6,E7,E8,E9,E10,E11,E12,F1,F2,F3,F4,F5,F6,F7,F8,F9,F10,F11,F12,G1,G2,G3,G4,G5,G6,G7,G8,G9,G10,G11,G12,H1,H2,H3,H4,H5,H6,H7,H8,H9,H10,H11,H12
,500,1,1,1,1,1,2,2,3,2,3,2,5,6,2,4,2,3,1,15,8,12,9,13,15,14,12,10,16,18,24,22,24,19,20,19,17,18,19,13,13,10,15,3,15,17,16,2,11,10,10,15,5,11,16,19,12,17,12,11,12,10,10,11,11,6,17,1,12,10,18,15,16,5,10,19,18,23,5,17,25,16,13,11,12,7,10,8,3,19,2,43,54,10,11,49,39
,505,1,1,1,1,1,3,3,2,2,3,4,3,4,2,2,3,3,2,20,9,9,9,10,11,11,8,12,20,23,18,19,23,21,24,15,16,23,14,13,17,17,16,4,11,16,15,3,8,11,12,14,5,15,12,17,13,9,8,13,11,14,11,12,12,4,15,1,17,8,17,14,18,4,9,13,18,17,5,13,19,17,17,18,15,5,8,16,2,12,2,95,106,17,19,93,89
,510,1,0,1,1,1,2,2,3,2,2,2,3,4,3,4,3,2,3,27,9,10,11,10,14,13,8,8,14,18,16,22,24,14,24,19,16,17,12,18,12,11,12,3,17,15,17,2,10,13,9,9,6,15,11,13,10,16,11,14,10,10,10,11,9,7,10,2,18,9,14,18,13,5,10,14,17,18,6,16,23,18,17,10,16,3,11,9,4,11,3,209,203,11,24,176,192
,515,0,1,1,1,1,3,3,2,2,3,2,4,5,1,2,3,2,3,67,7,11,10,10,12,12,8,9,16,20,16,21,21,13,18,13,21,17,18,16,17,16,13,3,17,11,14,2,8,17,9,15,4,11,16,18,12,15,8,10,10,14,10,16,12,4,11,1,11,6,10,19,17,4,8,13,20,22,4,12,19,18,19,17,12,4,8,18,4,23,4,525,515,11,36,444,508
,520,1,1,1,1,1,3,3,2,2,2,3,3,4,2,2,2,3,2,121,7,7,10,13,13,11,9,12,17,15,21,14,16,13,15,16,15,11,11,11,14,14,12,2,11,14,8,2,10,16,11,8,6,9,16,13,16,14,11,13,14,9,10,11,8,6,10,2,11,9,13,18,18,5,10,17,23,15,4,11,15,12,16,25,20,7,11,24,3,21,4,1137,1088,21,55,932,1063
,525,0,0,1,1,1,2,3,3,1,2,2,3,4,1,3,2,2,1,181,6,7,13,8,9,8,9,10,18,15,14,18,16,13,21,15,14,19,9,10,10,15,10,3,13,11,11,2,7,14,8,13,5,9,14,19,11,12,13,9,12,10,9,12,10,5,19,1,16,10,18,15,17,4,7,11,12,16,6,17,15,23,32,26,25,9,17,30,5,27,6,2067,2076,24,104,1740,1958
,530,1,0,1,0,1,2,1,3,1,1,2,3,6,2,2,3,3,2,339,11,8,9,7,8,8,9,13,14,19,15,19,16,13,22,18,19,14,15,10,9,15,16,3,11,12,10,2,10,17,8,15,6,9,21,15,15,21,16,20,20,19,19,21,17,6,13,2,19,8,15,21,15,4,9,14,16,14,5,19,25,34,49,47,57,14,23,46,11,63,10,3905,3906,50,211,3325,3698
,535,0,1,1,0,0,1,1,1,2,1,2,2,4,2,2,2,1,2,471,7,6,5,10,8,7,5,9,12,20,15,20,22,14,22,19,25,19,16,17,15,11,17,2,13,12,18,2,10,16,10,14,7,14,17,18,21,25,22,25,33,29,38,27,26,12,28,3,28,16,28,21,22,6,13,20,20,21,7,17,31,55,105,95,96,26,54,87,21,112,20,5822,5914,86,349,4804,5167
,540,0,1,0,1,1,2,2,1,2,1,2,3,2,1,3,4,2,1,552,6,5,5,9,12,9,7,5,12,19,23,17,17,17,29,21,26,19,14,17,11,12,14,4,19,21,23,4,14,29,12,19,8,21,30,30,36,44,31,44,45,43,42,48,43,15,37,4,33,17,39,35,32,9,14,38,36,35,9,21,35,88,150,147,166,39,81,138,36,161,30,6874,6642,130,482,5606,6271
,545,0,0,0,1,0,2,1,2,2,2,1,1,3,2,2,2,2,1,567,8,7,7,6,7,6,6,7,13,33,29,24,32,27,40,27,45,24,21,17,19,24,20,5,23,25,24,5,25,56,24,24,10,29,37,43,59,70,48,71,70,58,66,73,63,20,63,7,54,27,72,59,52,13,21,52,44,42,10,26,48,132,203,206,216,52,116,202,45,225,38,7205,6825,196,560,5897,6502
,550,0,0,1,0,0,2,1,2,1,1,1,1,2,0,2,2,1,2,499,3,3,6,11,6,5,2,4,26,50,38,41,40,51,63,35,84,35,32,29,34,35,35,7,36,39,37,6,31,69,30,39,17,50,65,64,88,111,78,96,93,94,105,101,81,30,85,10,75,48,101,90,75,14,25,76,49,44,12,35,67,155,262,245,272,62,136,233,54,243,46,6491,6345,223,589,5353,5773
,555,0,0,0,0,1,1,2,1,2,1,1,2,2,1,2,1,1,1,349,4,8,5,6,10,8,5,10,40,83,80,81,83,89,123,67,144,69,57,49,48,53,49,10,58,57,60,10,46,101,48,60,26,70,92,104,123,150,106,133,120,120,141,137,126,45,130,15,115,67,138,121,104,17,28,112,63,55,15,44,69,191,279,273,295,65,152,253,60,254,49,5259,5031,243,542,4470,4716
,560,0,0,0,0,1,1,1,1,1,1,1,2,2,1,1,1,0,0,216,4,5,5,6,13,11,4,5,70,162,150,160,155,170,232,117,258,113,97,82,78,76,74,14,82,78,79,12,62,128,72,82,36,102,123,127,163,190,131,168,152,147,188,185,166,57,165,20,163,96,185,167,136,20,32,155,79,67,17,47,82,210,254,266,276,60,140,240,52,237,45,3794,3478,217,442,3119,3202
,565,1,0,0,0,0,1,1,1,1,1,1,2,2,1,1,1,1,0,144,5,4,4,6,17,16,4,7,120,251,241,256,245,251,362,175,384,164,135,109,103,97,93,17,94,92,97,16,75,141,86,101,46,127,146,151,179,210,142,175,161,183,223,221,193,65,197,25,206,110,217,193,163,21,35,189,85,66,19,52,84,203,229,226,233,51,132,197,45,196,39,2706,2460,185,329,2109,2382
,570,0,0,0,1,0,1,1,1,1,1,1,1,2,1,2,0,1,1,93,3,7,6,8,25,24,4,10,198,399,380,408,394,375,550,238,561,231,184,149,138,116,121,21,115,121,118,20,87,158,99,108,51,141,157,163,195,226,153,192,161,188,245,239,220,72,221,29,243,133,234,217,166,20,34,212,83,65,17,48,77,191,175,183,192,44,102,158,36,151,29,1753,1632,150,249,1412,1587
,575,0,0,0,0,1,1,1,1,1,1,2,1,2,1,1,0,0,0,54,4,4,7,12,46,45,5,13,326,610,607,630,594,532,807,328,735,315,264,201,192,146,158,26,136,141,134,23,107,170,110,113,54,153,164,174,208,211,157,193,168,206,267,267,237,80,220,32,265,138,259,231,178,18,29,218,78,55,15,42,62,150,117,143,130,29,76,109,26,112,22,1057,942,109,164,841,902
,580,0,0,0,0,0,1,1,1,1,1,0,1,2,1,1,1,0,0,31,3,5,10,18,88,79,8,26,546,813,868,907,856,705,1033,440,942,437,338,266,252,187,194,33,177,164,163,30,132,163,121,123,58,149,154,173,201,221,158,203,169,208,292,296,268,90,236,34,273,144,239,223,159,15,24,207,59,45,12,33,48,110,80,94,91,20,49,79,17,75,14,569,553,73,95,477,512
,585,0,0,0,0,0,1,1,1,0,1,0,1,1,1,1,0,0,1,16,3,12,16,32,145,137,13,46,790,1066,1170,1209,1109,913,1243,555,1102,563,456,336,325,234,247,41,204,213,215,35,157,161,123,119,57,148,151,165,202,217,166,217,184,219,318,309,289,90,232,34,256,129,211,175,134,11,18,173,41,34,9,24,35,76,54,58,60,14,33,49,11,51,10,322,305,46,58,266,282
,590,0,0,0,0,0,1,1,1,1,1,1,0,1,1,1,1,0,0,11,7,11,24,51,220,209,20,76,1037,1217,1367,1387,1295,993,1293,631,1134,621,513,396,369,281,304,47,247,241,249,41,177,164,130,123,60,145,148,170,202,225,178,227,194,240,314,302,282,85,204,30,224,114,168,152,111,9,17,141,29,26,7,18,29,53,40,45,44,8,25,38,8,36,7,209,201,37,51,173,183
,595,0,0,0,0,0,0,1,1,1,1,0,0,2,1,1,1,0,0,6,7,18,39,86,327,310,33,126,1288,1319,1570,1529,1393,1037,1284,662,1096,654,581,451,421,320,335,55,293,281,273,45,190,163,145,125,64,148,153,175,207,243,189,235,211,235,308,291,247,75,172,24,185,85,126,112,85,7,12,110,32,19,6,12,26,42,27,35,29,7,17,27,6,25,6,136,134,27,30,109,121
,600,0,0,0,0,0,0,1,0,1,1,0,1,1,0,1,0,0,0,3,13,34,82,158,515,483,61,214,1537,1321,1569,1573,1449,997,1173,623,964,637,555,455,440,354,359,61,313,305,290,48,194,169,170,126,64,159,156,178,206,228,193,233,218,229,249,236,205,57,131,19,137,62,88,75,57,6,7,87,18,14,4,9,18,38,19,24,21,5,12,19,4,17,7,82,78,16,20,64,69
,605,0,0,0,0,0,1,0,1,1,1,0,1,2,1,1,0,0,0,0,24,61,138,259,751,715,114,355,1747,1257,1493,1457,1321,879,947,553,737,551,491,429,418,348,366,64,319,311,285,45,179,166,193,135,71,170,155,181,206,215,181,203,204,198,187,174,143,42,94,13,90,43,59,51,41,6,6,60,16,10,2,7,11,22,13,15,28,4,9,12,3,15,3,50,46,10,13,38,43
,610,0,0,0,0,0,1,0,1,0,1,0,1,2,1,1,0,0,0,0,38,106,224,398,1026,986,190,519,1787,1051,1327,1246,1136,694,747,447,584,447,419,379,376,338,336,61,300,287,270,41,159,168,207,146,76,178,161,178,197,196,156,175,168,169,141,128,108,31,68,10,66,38,43,37,33,4,10,39,8,6,3,5,11,16,11,13,14,3,8,14,2,14,2,34,31,10,9,31,23
,615,0,0,0,0,0,1,1,1,1,1,0,1,2,1,1,0,0,0,0,64,171,343,594,1315,1276,290,737,1756,882,1170,1053,932,566,599,348,434,357,343,321,318,308,288,56,269,265,244,38,134,162,228,145,75,174,153,162,178,150,133,149,147,128,103,99,92,23,48,7,48,24,31,29,22,3,4,30,7,5,3,4,6,12,7,9,14,2,7,7,2,10,3,26,23,8,9,19,16
,620,0,0,0,0,1,1,0,2,1,1,0,3,2,1,1,1,0,0,0,118,291,552,873,1662,1655,487,1053,1548,688,902,799,718,401,434,250,299,262,244,240,250,245,233,46,228,215,197,28,106,131,221,143,71,162,133,139,140,127,98,107,110,90,75,67,57,16,33,5,32,22,35,24,26,3,4,22,6,6,2,1,10,12,7,7,10,2,5,3,1,5,2,16,18,5,6,14,10
,625,0,0,0,0,0,1,1,1,0,1,0,4,4,1,2,1,0,0,0,203,470,860,1250,1945,2018,770,1476,1258,494,654,562,538,278,308,164,200,170,179,179,197,181,167,36,177,159,155,22,73,101,193,122,61,141,105,106,96,93,78,78,79,73,53,48,40,11,22,4,29,14,18,19,16,2,3,18,4,1,2,1,3,6,4,3,5,2,4,6,0,6,2,14,28,5,1,13,6
,630,0,0,0,0,0,1,1,1,1,1,1,4,5,1,2,2,1,0,0,339,735,1265,1652,2132,2274,1138,1924,1025,337,471,415,383,200,228,118,153,125,118,122,135,128,135,27,132,129,108,15,53,79,151,99,51,108,78,91,72,59,53,47,53,44,38,32,32,9,16,3,21,9,13,11,12,3,3,15,3,5,1,1,3,8,3,5,6,2,13,1,0,6,1,7,11,3,1,5,7
,635,0,0,0,0,0,2,1,2,2,2,0,7,7,2,3,2,2,2,0,510,1019,1623,2003,2232,2366,1508,2250,822,269,375,330,309,148,186,86,109,95,89,94,96,103,97,21,100,89,81,12,40,57,123,81,44,81,61,62,56,44,41,40,40,33,29,29,26,8,12,3,16,9,13,10,9,2,9,12,0,14,2,0,2,4,1,5,18,2,4,3,0,4,2,22,8,4,0,14,3
,640,0,0,0,1,0,3,2,3,3,3,1,12,13,5,4,4,2,2,0,753,1386,2031,2307,2117,2280,1936,2505,616,215,282,242,241,108,147,64,80,71,68,67,73,71,70,14,71,66,57,8,30,43,104,63,29,64,45,43,43,34,29,28,34,26,21,22,20,5,9,2,15,13,8,10,5,4,3,10,2,1,2,0,1,1,5,3,4,5,3,3,0,5,2,5,5,1,1,2,20
,645,0,0,0,0,0,5,3,4,5,5,1,20,18,5,5,7,4,5,0,1068,1784,2438,2545,1910,2075,2395,2661,471,154,211,193,181,76,117,49,65,51,47,47,56,53,51,10,53,47,38,6,22,30,66,45,21,48,35,29,32,25,20,19,28,18,15,17,16,6,6,1,9,6,6,5,7,2,1,7,1,0,2,0,0,2,0,6,3,1,3,1,1,2,1,8,9,2,0,3,0
,650,0,0,0,0,1,9,5,6,9,7,3,38,31,8,9,11,8,9,0,1482,2182,2736,2579,1617,1795,2700,2580,335,119,161,146,141,58,95,42,43,37,39,35,34,34,37,7,39,33,30,4,15,21,59,29,16,31,20,22,23,21,16,14,17,10,25,15,12,4,2,1,7,5,1,6,7,2,1,4,1,0,2,0,3,16,12,22,1,1,4,19,0,4,2,3,5,0,0,7,0
,655,0,0,1,1,1,13,8,10,11,11,4,56,48,14,14,20,14,15,0,1822,2425,2841,2456,1346,1467,2965,2421,267,90,127,116,114,45,68,25,42,29,28,28,30,25,30,7,34,27,21,3,13,15,32,24,12,25,13,20,16,10,15,10,16,10,8,13,8,5,1,1,7,7,3,5,5,2,1,7,0,3,1,0,2,2,0,0,3,1,2,0,0,18,2,4,6,0,0,9,0
,660,0,2,1,1,1,22,12,16,16,18,8,89,73,19,23,35,21,26,0,2160,2534,2763,2231,1111,1178,2958,2160,219,73,103,93,86,39,51,19,29,20,23,21,25,18,20,5,20,21,15,2,11,26,25,16,17,16,9,18,13,11,11,4,10,6,6,8,8,4,0,1,5,4,4,3,4,2,1,11,0,0,5,0,0,0,0,0,1,0,1,0,0,6,2,9,7,2,19,2,0
,665,0,1,1,1,2,33,21,27,27,28,11,146,114,27,34,50,37,42,0,2418,2578,2620,1939,859,927,2845,1784,178,55,85,68,77,27,46,20,24,21,19,16,18,18,13,6,15,14,13,2,7,3,32,12,8,14,5,26,11,5,9,7,9,6,7,9,7,4,0,1,3,4,0,4,4,1,3,10,0,0,2,0,0,1,0,5,3,2,1,0,0,0,2,5,4,0,0,1,0
,670,0,2,2,2,2,59,38,45,50,48,22,244,192,48,61,84,62,74,0,2615,2453,2231,1561,624,652,2512,1358,124,47,61,50,52,26,36,17,19,16,14,21,18,8,12,2,10,12,4,2,7,4,12,11,5,12,5,7,1,11,7,6,9,4,3,6,4,2,0,0,6,3,17,2,6,1,1,9,0,0,0,0,0,0,0,2,2,1,3,0,0,1,2,4,11,0,0,28,0
,675,0,3,3,3,4,98,56,72,74,76,33,369,287,76,97,130,100,122,0,2615,2298,1840,1253,497,486,2185,1068,104,34,47,43,45,18,29,9,19,14,9,13,15,7,7,2,7,12,1,0,7,0,6,10,9,25,1,1,3,1,7,0,3,3,5,4,7,1,1,1,0,1,0,2,4,1,1,0,0,0,3,0,0,0,17,3,0,1,2,0,0,3,3,3,9,1,0,2,0
,680,1,5,5,6,7,149,90,111,117,118,53,565,405,123,155,206,158,186,0,2511,1925,1539,956,368,357,1780,813,74,30,40,33,39,13,23,6,15,6,11,10,13,19,10,1,3,3,2,1,7,0,3,6,12,6,1,6,6,0,2,2,1,4,5,2,8,3,0,1,0,3,0,6,4,2,1,4,0,0,2,0,0,0,0,0,0,3,0,0,0,0,7,1,11,0,0,5,0
,685,1,8,8,9,9,236,145,180,178,190,86,792,586,196,233,327,258,296,0,2390,1642,1194,723,272,277,1409,578,59,21,36,27,26,16,18,9,15,2,9,10,8,0,8,1,6,6,0,2,2,2,4,4,4,1,1,5,27,4,4,0,3,0,0,1,8,2,0,1,0,4,0,1,6,2,2,3,0,1,1,0,0,31,2,0,5,0,5,0,6,0,2,6,8,1,0,6,0
,690,4,15,14,14,14,370,225,278,289,291,131,1129,804,301,378,512,401,471,0,2086,1298,928,538,209,198,1119,427,44,16,27,20,34,15,9,6,7,1,10,6,11,7,9,1,1,27,0,1,5,0,2,5,2,0,0,0,32,3,0,3,0,0,0,2,7,3,0,1,0,6,0,0,14,2,3,7,0,0,2,0,0,0,0,0,1,1,2,0,0,0,2,5,8,0,0,6,0
,695,4,21,23,22,22,618,369,467,482,500,212,1587,1068,507,637,851,667,804,0,1685,1011,671,383,155,142,789,296,39,15,26,11,18,10,13,3,14,7,10,11,11,0,5,0,1,10,0,1,6,0,0,2,2,0,0,6,23,4,3,0,2,4,6,1,9,3,0,1,7,3,0,0,1,2,0,31,0,0,2,0,0,0,2,3,16,1,4,0,0,1,1,7,20,0,0,0,0
,700,7,34,35,36,38,978,595,728,762,794,309,1998,1314,800,1009,1315,1066,1276,0,1463,780,508,286,107,108,594,214,30,13,16,16,19,10,13,1,8,3,4,9,6,0,5,0,2,5,0,1,2,4,0,2,5,3,0,0,0,1,2,0,4,0,0,2,8,2,0,0,0,24,0,0,0,1,0,0,0,0,1,0,0,0,0,3,0,0,0,1,0,0,2,1,0,0,0,4,0
,705,9,53,53,57,55,1437,897,1090,1125,1175,415,2452,1545,1210,1475,1911,1570,1889,0,1160,591,364,212,79,84,455,170,30,12,17,12,16,11,7,33,12,0,9,13,14,0,6,6,3,9,0,1,5,0,0,17,5,0,1,6,0,0,3,1,3,0,3,0,3,3,0,0,0,1,0,0,3,2,1,7,0,0,1,0,0,0,0,3,0,0,8,1,0,0,2,3,0,0,0,0,0
,710,13,79,81,81,81,2074,1279,1614,1695,1809,567,2691,1666,1746,2122,2665,2138,2662,0,851,417,255,148,67,62,323,119,18,12,12,4,14,1,10,3,0,0,3,9,4,0,8,1,0,6,0,1,2,0,0,2,5,0,0,0,0,0,2,0,0,0,3,4,6,1,0,0,0,2,0,0,0,2,18,11,0,0,1,0,0,0,0,1,0,1,0,0,0,5,2,0,16,1,0,6,0
,715,22,120,127,127,128,3015,1938,2409,2520,2617,764,2784,1682,2535,2961,3603,2928,3641,0,601,275,165,100,42,65,204,78,15,36,16,3,14,3,12,1,6,0,0,6,9,0,6,0,2,12,0,1,7,0,0,1,2,4,0,1,33,4,0,0,1,0,0,0,0,2,0,0,0,0,0,2,0,4,4,4,0,0,2,0,0,0,0,0,0,2,4,0,6,3,0,1,8,0,0,4,0
,720,31,178,185,189,186,3957,2717,3275,3406,3503,897,2759,1618,3442,3708,4386,3602,4629,0,431,191,122,80,35,36,147,62,15,10,15,3,11,9,12,3,9,2,10,5,7,0,26,0,0,5,0,0,3,0,0,7,4,0,0,0,0,34,0,19,3,0,0,0,10,1,0,0,33,5,26,0,4,1,2,37,0,0,2,0,0,5,0,4,8,1,2,0,1,0,1,9,14,0,0,42,0
,725,45,262,264,275,273,4823,3533,4193,4452,4517,1108,2680,1666,4372,4452,5058,4082,5436,0,335,149,93,60,27,25,110,49,32,2,8,1,8,3,4,1,6,6,3,4,8,0,8,0,0,7,0,1,6,0,0,3,4,0,0,3,0,0,1,0,1,0,6,1,1,5,0,0,0,4,0,0,1,3,4,11,0,0,1,0,3,0,0,0,3,2,3,0,1,4,3,4,11,0,27,0,0
,730,65,379,392,400,401,5668,4493,5158,5530,5647,1224,2607,1570,5190,5170,5576,4521,6177,0,267,122,74,50,23,23,90,43,8,11,10,6,11,3,6,1,6,6,3,8,4,1,0,1,3,3,0,4,4,0,1,0,4,0,0,0,0,0,5,0,1,0,0,0,3,15,0,0,0,2,0,0,9,0,4,5,0,0,7,0,0,1,0,10,0,1,3,0,0,0,1,4,2,0,0,5,0
,735,102,570,592,599,610,6494,5596,6140,6609,6678,1396,2501,1542,6071,5501,5927,4851,6718,0,207,109,62,31,38,39,72,26,15,6,13,4,11,4,6,4,8,0,1,3,5,0,1,2,0,9,0,1,1,0,0,37,2,2,0,0,5,0,0,0,0,3,0,6,6,1,0,0,33,6,0,0,3,4,5,11,0,0,0,0,0,0,0,0,0,1,2,6,0,0,3,4,15,0,0,6,0
,740,163,916,946,941,949,6500,6331,6738,7257,7368,1502,2207,1380,6471,5489,5651,4627,6684,0,141,65,45,34,8,14,54,23,13,15,14,0,10,8,0,4,0,0,3,2,10,0,5,0,0,9,0,1,27,0,0,5,2,1,0,0,0,8,6,0,2,0,0,0,1,4,0,0,0,3,0,0,2,2,1,4,0,0,0,0,0,6,0,0,56,3,0,0,0,0,3,6,4,0,0,0,0
,745,231,1299,1335,1342,1330,6391,6571,6726,7489,7402,1493,1997,1239,6550,5353,5334,4422,6299,0,114,56,35,25,15,19,40,23,0,8,8,7,19,7,13,4,0,8,17,8,10,0,6,0,5,27,0,2,11,0,0,1,4,2,0,7,0,55,7,0,6,8,0,5,54,5,0,0,9,35,0,0,14,6,0,68,0,0,4,0,0,2,0,50,64,2,5,0,0,0,3,15,24,2,0,8,0
,750,331,1776,1798,1881,1815,5715,6436,6326,6997,7022,1420,1711,1086,5992,4768,4699,3948,5570,0,82,42,31,19,10,8,28,14,0,8,4,0,13,3,0,5,2,0,2,2,17,0,0,0,4,7,0,0,6,0,0,0,3,1,0,0,0,0,2,0,4,4,0,61,0,5,0,0,0,0,0,0,0,3,0,3,0,0,2,0,0,0,0,1,0,3,4,0,0,0,4,2,23,0,0,0,44
,755,461,2412,2447,2510,2490,4743,5707,5518,6285,6113,1323,1441,875,5144,3925,3791,3148,4598,0,60,26,26,14,10,8,21,19,1,10,0,0,9,12,8,5,0,3,10,8,7,0,5,0,0,8,0,0,6,0,0,4,5,1,0,69,0,0,4,0,1,0,0,0,5,4,0,1,0,5,0,0,12,20,2,12,0,0,0,0,0,0,0,0,81,2,19,0,1,4,2,2,0,0,0,10,0
,760,660,3243,3247,3316,3330,3946,4908,4727,5290,5249,1166,1112,678,4206,3196,2975,2548,3750,0,45,22,22,5,20,9,22,15,0,68,10,0,17,22,0,0,0,0,6,18,8,0,4,5,0,12,0,1,9,0,0,5,7,0,7,0,0,1,11,0,2,0,0,0,7,7,0,0,7,9,0,9,12,5,1,21,0,11,1,0,0,28,13,6,0,3,2,3,0,4,4,5,15,0,0,28,56
,765,886,4032,4119,4134,4070,2951,3946,3612,4055,4031,930,805,509,3316,2452,2104,1871,2717,0,26,24,18,12,4,0,13,16,7,5,7,4,19,5,2,0,7,0,74,20,15,0,13,12,0,16,0,0,7,0,7,2,4,80,0,3,0,12,0,0,64,0,0,2,9,5,0,1,0,14,67,0,6,5,0,12,0,0,0,0,0,0,0,0,89,0,4,0,0,0,3,0,19,0,0,26,0
,770,1115,4585,4661,4728,4676,2290,3223,2838,3288,3279,760,626,379,2569,1844,1671,1431,2129,0,9,24,63,14,1,0,11,5,71,14,24,6,26,41,0,7,10,0,0,16,21,0,9,0,11,15,0,2,4,0,0,4,2,0,0,0,0,0,4,0,6,33,0,5,8,16,0,0,0,0,0,0,9,6,0,8,10,0,0,0,0,0,0,0,13,4,0,4,0,0,8,12,12,0,0,5,0
,775,1376,5134,4995,5061,4972,1825,2581,2323,2540,2569,626,490,293,2027,1423,1258,1079,1632,0,12,8,9,8,77,10,12,16,13,23,4,14,7,14,7,29,14,2,0,19,27,0,3,0,3,17,0,3,13,0,6,25,11,0,0,0,0,0,0,0,12,2,16,8,0,12,0,1,0,11,0,3,10,6,11,20,0,0,5,0,0,38,0,18,0,5,5,0,0,0,10,0,41,3,0,12,0
,780,1630,5025,5074,5087,5018,1265,1857,1678,1846,1794,441,313,200,1474,1001,884,740,1107,0,3,10,5,0,5,15,4,13,0,12,15,0,24,1,0,0,9,2,0,10,30,0,8,0,0,6,0,0,14,0,0,8,6,7,0,0,0,0,0,0,5,0,0,0,19,0,0,1,2,9,0,0,13,4,4,145,0,0,0,0,0,153,0,0,0,4,8,0,0,0,4,0,0,0,0,17,0
,785,1846,4726,4793,4821,4757,905,1353,1207,1294,1313,316,219,142,1020,714,641,516,800,0,0,7,0,4,6,18,9,12,0,33,0,5,11,118,0,3,0,0,13,124,13,0,8,0,88,18,0,0,15,0,0,3,0,1,0,17,0,0,0,0,0,0,0,0,0,14,0,0,15,6,5,0,0,6,0,10,0,0,5,0,0,8,0,3,0,0,20,0,0,15,6,0,20,0,0,169,0
,790,2047,4259,4304,4338,4203,651,992,852,960,931,219,166,106,718,518,432,360,561,0,0,0,16,0,17,4,7,9,13,17,0,0,31,30,0,15,0,0,0,0,5,0,9,0,0,25,0,5,13,0,0,3,12,0,0,0,0,34,0,0,9,0,0,0,11,12,0,0,0,12,0,0,10,2,0,22,0,72,42,0,0,0,0,0,0,8,4,0,0,0,6,0,44,126,0,0,0
,795,2069,3800,3741,3775,3682,495,768,657,695,702,183,128,80,541,364,317,259,395,92,0,13,0,13,114,0,49,8,0,42,0,0,29,29,0,0,0,6,22,54,12,0,87,1,0,0,0,4,8,0,126,19,2,0,0,0,14,0,17,0,0,0,7,29,21,9,0,2,0,15,0,16,17,12,0,8,0,0,3,78,0,0,2,12,23,5,0,0,0,13,10,14,28,0,126,26,0
,800,2041,3125,3111,3110,3053,347,544,478,524,505,117,102,65,399,265,221,184,308,0,0,0,12,0,7,0,6,13,0,0,0,0,18,2,19,163,132,7,0,3,48,0,7,0,1,15,0,1,15,0,0,7,8,0,0,0,0,15,0,0,0,0,0,12,0,18,0,0,0,0,0,0,167,5,77,30,0,0,0,0,0,0,0,0,0,5,13,0,0,0,8,20,41,0,0,0,0
,805,1850,2337,2288,2294,2210,240,364,310,349,352,64,57,47,258,174,144,110,181,0,50,0,0,1,0,0,0,0,167,34,181,0,8,0,0,0,0,3,10,0,46,109,4,0,9,16,58,0,11,0,0,0,25,73,0,0,0,0,0,0,151,0,0,4,145,12,13,1,0,0,0,10,36,6,0,29,0,0,4,0,0,0,8,9,1,0,0,0,0,5,2,0,50,10,0,48,0
,810,1581,1822,1791,1790,1765,177,256,231,238,242,69,49,43,185,145,114,82,133,0,0,0,3,99,21,0,0,7,0,19,11,0,33,28,8,0,1,177,24,8,23,0,17,0,26,2,0,0,45,0,0,0,13,2,0,15,0,0,4,0,0,4,0,0,14,9,0,0,0,6,0,0,13,9,7,31,0,0,11,0,0,0,150,0,0,2,9,0,40,0,8,0,54,11,0,21,0
,815,1403,1428,1390,1411,1369,131,193,165,187,184,41,31,22,138,108,78,65,109,0,0,6,3,6,0,0,0,0,0,40,0,0,27,30,0,23,0,8,21,37,7,0,9,0,51,28,0,13,7,0,0,0,86,12,0,6,0,0,12,0,0,13,0,0,24,12,122,2,0,6,0,0,10,4,0,11,0,33,1,0,0,0,0,0,13,0,0,2,0,0,10,19,83,0,0,3,0
,820,1082,1053,997,1023,968,93,143,110,131,124,25,30,38,86,80,64,40,74,0,0,0,6,23,0,0,3,3,0,0,0,0,15,3,16,57,1,0,173,36,24,179,0,0,0,0,0,0,28,0,0,0,18,0,0,0,0,3,0,0,0,154,0,0,13,0,0,0,0,0,0,0,0,10,11,12,0,0,0,0,0,0,211,12,0,4,0,0,0,6,13,29,66,70,0,0,0
,825,833,750,723,748,721,71,104,94,105,109,21,21,61,86,79,27,17,66,0,0,0,0,147,0,95,0,7,0,100,0,0,44,0,5,0,15,70,9,0,10,0,25,0,8,80,0,8,6,1,0,0,4,0,0,0,0,0,6,0,0,0,7,13,10,104,0,37,0,33,0,0,25,6,0,44,0,0,12,0,0,0,0,32,0,25,8,0,0,0,10,43,44,0,0,30,0
,830,607,537,556,538,512,60,74,73,63,90,6,0,26,61,88,29,7,19,0,0,0,0,6,0,0,192,24,20,0,0,0,288,45,7,0,0,40,28,131,53,0,40,0,10,55,0,0,8,0,0,0,18,0,0,0,0,0,0,0,23,254,0,17,13,14,0,2,0,37,218,20,0,104,13,151,0,0,81,0,0,0,0,0,0,15,42,0,0,41,20,44,125,0,0,0,0
,835,478,403,400,415,406,56,48,50,48,69,11,0,35,43,76,21,0,0,0,0,15,19,43,6,0,0,0,0,0,17,0,87,39,9,0,171,478,479,87,116,0,76,13,0,14,0,7,72,0,0,42,43,49,0,0,0,0,0,0,0,0,0,59,37,33,0,2,85,8,0,3,1,37,18,182,0,0,21,0,0,0,0,0,1,0,23,0,0,0,27,46,16,0,0,23,513
,840,372,330,316,327,301,52,56,16,75,86,0,0,28,27,95,0,0,16,0,0,0,0,0,43,0,0,88,39,23,58,0,16,73,49,47,210,637,171,93,134,116,96,0,0,21,0,20,93,0,0,30,63,0,0,0,0,0,42,0,31,0,104,87,0,35,0,0,0,32,0,0,65,75,44,75,0,0,0,0,0,0,0,0,0,30,34,154,0,0,236,0,248,21,0,124,0
,845,239,252,204,306,224,15,47,32,40,96,0,59,53,49,76,1,0,0,0,0,0,0,0,15,35,1,0,663,120,0,941,279,0,49,51,6,0,0,157,0,0,76,0,58,183,0,45,105,0,0,75,160,13,0,0,0,0,113,138,0,0,0,55,41,4,0,0,0,18,0,0,209,26,28,31,0,0,19,0,0,0,0,94,0,235,0,0,262,66,56,0,260,0,0,130,99
,850,213,148,135,295,152,16,341,35,59,65,0,0,5,20,64,0,0,0,0,0,0,5,753,0,573,0,128,0,0,0,0,433,196,266,0,388,0,0,81,239,0,331,324,0,142,0,303,328,0,0,42,172,0,0,0,0,129,225,0,0,0,0,43,340,252,0,285,0,253,0,0,0,65,71,102,0,0,58,0,0,0,0,0,0,67,257,0,0,0,22,55,301,0,0,152,0
,,,,,,,,,,,,,,,,,,,,,,,,,,,,,,,,,,,,,,,,,,,,,,,,,,,,,,,,,,,,,,,,,,,,,,,,,,,,,,,,,,,,,,,,,,,,,,,,,
Read 39:EM Spectrum,,,,,,,,,,,,,,,,,,,,,,,,,,,,,,,,,,,,,,,,,,,,,,,,,,,,,,,,,,,,,,,,,,,,,,,,,,,,,,,,,,,,,,,,,,,,,,,,,
,,,,,,,,,,,,,,,,,,,,,,,,,,,,,,,,,,,,,,,,,,,,,,,,,,,,,,,,,,,,,,,,,,,,,,,,,,,,,,,,,,,,,,,,,,,,,,,,,
,Wavelength,A1,A2,A3,A4,A5,A6,A7,A8,A9,A10,A11,A12,B1,B2,B3,B4,B5,B6,B7,B8,B9,B10,B11,B12,C1,C2,C3,C4,C5,C6,C7,C8,C9,C10,C11,C12,D1,D2,D3,D4,D5,D6,D7,D8,D9,D10,D11,D12,E1,E2,E3,E4,E5,E6,E7,E8,E9,E10,E11,E12,F1,F2,F3,F4,F5,F6,F7,F8,F9,F10,F11,F12,G1,G2,G3,G4,G5,G6,G7,G8,G9,G10,G11,G12,H1,H2,H3,H4,H5,H6,H7,H8,H9,H10,H11,H12
,500,1,1,1,1,1,3,4,2,1,2,3,4,5,2,2,3,2,3,3,9,14,15,12,18,12,10,13,17,21,17,22,19,15,26,17,22,15,13,12,14,18,20,4,19,13,15,15,13,9,16,10,14,10,13,10,3,12,8,3,13,12,15,17,14,14,4,21,8,12,9,22,16,25,9,12,26,22,1,19,5,14,2,7,3,2,9,10,5,14,9,44,50,12,19,35,40
,505,1,1,1,1,1,3,3,2,1,2,4,4,4,2,2,3,3,2,3,11,11,10,10,17,13,12,9,15,15,21,19,22,14,26,21,19,19,19,14,12,16,13,3,14,12,12,17,13,7,13,15,19,10,18,7,2,15,11,2,8,12,15,18,10,17,5,12,12,11,9,19,20,23,8,18,18,18,2,24,7,13,4,10,4,2,16,10,5,10,9,102,96,15,21,90,91
,510,1,1,1,1,1,2,3,2,2,3,2,4,5,2,1,3,3,1,4,9,12,13,13,16,15,8,13,19,17,20,20,18,13,23,25,14,14,12,11,13,10,18,3,16,15,13,15,16,12,11,15,12,8,12,10,2,15,6,3,9,11,9,11,15,9,5,10,10,13,6,14,20,23,8,20,25,17,2,23,5,7,3,9,2,2,14,10,10,11,17,189,211,14,22,173,187
,515,1,1,1,1,1,2,3,2,1,2,4,4,3,1,2,3,3,3,4,12,9,15,11,14,11,8,9,17,16,15,23,17,17,17,14,17,14,16,13,9,13,18,3,18,16,13,10,19,8,14,12,12,10,14,10,3,10,9,2,14,15,10,12,17,15,6,16,11,16,8,14,14,17,7,9,21,15,2,24,6,12,3,7,3,4,16,18,12,20,10,498,509,19,39,461,469
,520,0,0,1,1,1,2,2,2,2,1,4,3,5,2,2,3,3,2,6,8,8,13,11,10,11,8,7,18,19,15,17,17,20,19,13,20,13,16,10,8,10,16,2,17,15,10,11,11,7,8,8,8,13,16,6,2,9,10,2,9,11,11,19,10,17,5,9,7,10,9,14,18,17,7,11,16,21,2,17,4,14,4,11,3,4,17,19,11,20,17,1076,1095,15,53,946,1007
,525,1,0,1,1,1,1,1,2,2,2,3,3,3,1,1,2,2,1,8,8,10,7,9,13,10,7,10,13,15,19,21,17,15,21,15,22,16,14,10,8,11,15,2,17,16,14,15,11,8,12,14,13,13,13,7,3,16,11,3,8,19,18,19,13,10,5,15,9,10,6,20,22,23,10,16,17,17,2,17,5,17,6,12,8,5,21,25,19,35,23,1985,2004,25,94,1714,1832
,530,0,0,1,1,1,1,2,2,2,1,2,4,4,3,2,3,1,3,14,7,6,15,9,9,8,5,7,16,18,16,15,16,11,16,17,17,16,15,10,12,15,11,4,17,11,9,11,13,13,8,13,10,18,20,10,3,15,10,3,19,22,16,18,23,15,7,20,15,14,9,23,17,24,9,14,25,24,1,27,6,25,11,24,10,11,44,47,28,65,55,3750,3913,48,189,3253,3646
,535,0,0,1,0,1,2,2,1,0,1,1,2,2,1,1,3,1,1,16,8,6,7,8,14,8,7,4,14,14,21,23,22,15,19,15,29,20,10,12,17,15,12,2,18,19,13,20,21,14,13,11,15,11,24,13,4,30,17,6,24,33,41,29,31,33,9,22,16,23,12,25,28,31,10,27,21,23,2,33,11,34,20,52,18,20,91,96,55,107,96,5635,5796,92,352,4829,5116
,540,0,0,0,0,0,1,1,1,1,2,3,2,2,2,1,1,4,2,17,5,5,6,10,8,7,5,4,14,26,19,25,28,25,32,17,31,23,15,14,16,14,15,3,23,23,17,17,32,23,18,15,13,17,27,17,7,48,29,10,37,53,49,53,58,41,17,33,29,38,26,47,38,40,14,30,34,31,2,40,11,53,31,82,29,29,135,155,89,161,144,6613,6657,149,478,5821,6056
,545,1,0,0,0,0,2,1,2,1,1,3,3,3,0,2,2,2,3,15,8,5,10,10,8,12,4,5,25,28,38,33,32,28,45,27,60,30,26,24,15,27,20,5,25,30,31,34,36,35,29,29,22,31,41,26,9,73,42,14,60,66,77,73,83,70,23,50,36,52,36,57,62,46,16,52,40,40,3,42,13,82,43,112,41,41,193,207,117,225,185,6859,6853,189,539,5793,6356
,550,0,1,1,0,0,0,1,1,0,2,2,3,2,1,0,1,2,1,14,7,7,7,6,14,12,3,7,34,56,61,70,49,59,71,49,93,46,42,34,27,39,40,7,41,39,43,53,59,46,35,38,38,41,65,42,15,122,62,20,77,94,110,108,116,99,35,78,57,83,57,93,88,66,20,75,59,54,4,62,21,110,54,145,50,51,230,240,139,255,218,6238,6298,239,553,5406,5946
,555,1,0,0,0,0,1,1,1,1,1,3,3,2,1,1,2,1,2,10,5,5,7,7,15,13,5,4,62,107,114,119,103,106,140,81,171,80,66,52,40,54,60,10,58,63,61,63,79,71,52,59,62,69,101,58,23,143,85,26,101,133,152,145,161,132,48,122,82,120,70,138,119,74,27,116,71,59,5,66,19,129,54,157,52,51,263,252,148,263,234,5291,4996,247,531,4311,4807
,560,0,0,0,0,0,1,1,1,1,1,2,2,2,1,1,2,1,1,7,5,5,8,9,20,20,5,8,126,208,220,233,212,205,267,142,313,136,106,87,69,77,85,15,89,91,96,88,112,87,70,80,85,91,133,72,29,177,108,31,120,158,192,194,206,179,66,166,116,174,96,173,158,86,30,163,90,73,5,73,22,147,52,147,48,46,247,249,132,242,214,3628,3555,243,414,3075,3302
,565,0,0,0,0,0,1,1,1,1,0,1,2,1,0,1,1,1,2,6,4,5,6,9,33,30,4,9,197,324,346,371,328,305,416,196,449,191,141,121,87,101,109,19,104,105,107,105,135,98,85,94,93,110,139,81,32,195,114,34,129,185,223,221,229,208,83,217,138,200,110,212,189,98,35,191,88,74,6,74,23,151,45,125,44,42,217,207,114,200,182,2615,2552,200,328,2239,2344
,570,0,0,0,0,0,1,1,1,1,1,1,2,2,1,0,1,1,1,4,5,5,8,14,57,50,6,16,329,489,542,586,518,447,616,286,608,256,201,161,118,131,134,22,122,129,127,135,165,106,94,107,108,124,155,86,35,201,123,35,137,189,245,249,266,236,97,239,164,226,116,236,203,93,31,216,86,67,5,72,20,129,36,109,34,33,168,167,91,160,139,1722,1637,157,237,1402,1576
,575,0,0,0,0,0,0,1,1,0,0,1,2,2,1,1,1,0,1,3,4,6,13,23,96,88,9,33,555,732,824,877,767,631,889,381,851,362,283,226,159,162,179,27,155,156,147,158,208,106,110,122,112,124,150,84,34,191,124,36,135,199,289,276,295,276,105,273,183,251,127,233,211,90,27,222,75,59,4,58,20,106,25,75,24,23,125,121,67,112,105,1014,981,111,150,834,913
,580,0,0,0,0,0,0,1,1,0,0,1,1,1,0,0,1,0,1,2,4,13,17,39,177,151,14,55,829,1024,1148,1217,1072,850,1155,505,1066,473,352,287,213,199,225,35,190,193,186,200,249,103,115,110,116,125,147,85,33,201,129,39,143,209,308,304,323,293,113,295,192,252,129,222,189,70,20,216,62,44,3,44,13,76,17,49,17,14,84,84,47,80,68,596,565,74,104,475,527
,585,0,0,0,0,0,1,1,0,0,1,0,1,1,0,0,1,1,1,1,7,15,39,75,295,253,27,92,1170,1236,1451,1564,1356,1013,1346,626,1193,594,458,352,266,252,280,44,238,249,233,238,297,108,121,109,120,130,146,87,34,201,140,41,152,221,334,325,356,303,111,262,175,224,105,191,165,47,15,181,47,33,2,36,10,55,11,34,11,10,53,52,33,56,50,320,306,51,61,267,285
,590,0,0,1,0,0,0,1,0,0,0,0,1,1,0,1,1,0,1,1,10,24,57,117,436,369,41,151,1400,1375,1624,1714,1487,1089,1361,688,1192,661,514,413,305,296,331,53,274,281,272,276,325,113,128,114,123,130,144,85,35,205,147,43,161,242,323,323,332,290,99,239,156,189,81,147,135,40,13,137,35,27,2,26,8,38,8,25,9,7,40,37,22,36,29,213,201,36,41,174,190
,595,0,0,0,1,0,0,1,0,0,0,0,2,1,0,0,1,0,0,1,16,38,95,175,597,517,73,239,1609,1418,1708,1773,1545,1099,1301,698,1134,680,555,438,332,336,383,56,326,316,292,304,349,111,151,118,136,135,152,90,37,212,159,47,168,245,304,295,303,263,89,199,130,154,65,114,94,33,11,107,26,18,2,20,6,28,6,17,6,5,30,27,16,23,19,137,127,26,35,113,119
,600,0,0,1,0,0,0,1,0,0,0,0,2,1,0,0,1,0,0,1,27,75,171,295,887,753,136,377,1736,1334,1598,1717,1476,1022,1112,655,959,650,537,439,347,357,376,62,325,330,309,304,340,111,170,129,148,145,162,94,37,232,160,46,175,231,242,245,238,203,68,150,96,108,45,82,77,24,7,71,21,14,1,13,4,19,5,12,4,3,22,19,10,15,15,86,75,18,24,67,71
,605,0,0,0,0,1,1,1,0,0,0,0,3,1,0,0,1,0,0,1,48,133,283,490,1229,1071,232,584,1659,1157,1394,1416,1261,824,894,555,717,543,469,401,334,347,371,63,330,319,301,293,298,123,201,140,162,153,158,96,37,204,148,41,159,201,187,179,180,146,46,98,61,72,30,55,45,17,4,48,14,13,1,10,7,14,4,10,3,2,18,16,8,11,11,49,47,13,18,38,44
,610,0,0,0,0,0,1,0,0,0,2,0,4,2,0,0,1,0,0,1,81,219,429,680,1535,1375,362,830,1465,956,1146,1173,1045,669,689,424,556,427,382,354,287,322,330,61,320,300,272,260,260,114,223,142,167,162,153,93,34,184,136,34,137,168,146,146,128,120,39,74,49,50,23,44,33,11,4,38,11,9,1,9,3,13,3,6,2,1,11,13,5,8,7,41,30,9,13,29,34
,615,0,0,0,0,0,0,1,0,0,1,0,6,2,0,0,1,2,0,2,122,326,622,919,1813,1673,560,1117,1303,752,933,918,832,512,539,330,409,345,305,279,235,288,302,54,276,269,242,217,214,108,228,144,166,158,151,87,30,156,113,28,117,133,106,98,93,81,25,58,35,41,18,32,28,10,4,28,10,6,0,3,2,10,2,4,2,1,11,8,5,6,7,27,25,5,10,18,22
,620,0,0,0,0,0,0,1,0,2,0,1,10,4,0,0,1,0,0,1,224,521,904,1240,2043,1979,821,1521,1027,550,686,692,614,367,397,237,289,238,223,218,185,224,222,43,225,211,183,162,163,87,210,133,151,147,133,75,25,110,86,20,86,94,74,68,66,59,18,38,24,37,13,22,20,21,2,22,5,6,1,4,2,8,3,5,1,0,10,9,4,5,6,23,29,6,11,13,18
,625,0,0,0,0,0,0,1,0,0,0,1,16,6,0,0,1,0,1,1,379,778,1292,1646,2151,2196,1185,1969,758,391,503,475,457,253,285,159,192,166,156,150,131,169,169,31,166,162,142,135,117,69,194,120,131,119,108,56,18,83,63,14,66,60,51,49,53,43,14,29,20,21,10,19,15,7,3,15,3,5,0,5,1,10,2,4,1,0,4,4,1,3,0,13,13,2,10,11,29
,630,0,0,0,0,0,1,1,1,0,0,1,29,11,0,2,1,0,1,1,598,1108,1699,1975,2090,2265,1651,2331,550,288,369,363,330,176,207,109,142,115,111,105,95,123,130,24,123,109,99,88,78,50,150,93,106,96,80,41,12,59,47,10,44,45,36,38,35,31,10,24,14,18,9,16,11,4,3,12,1,4,0,2,1,5,2,3,3,0,4,2,3,4,1,11,9,3,9,9,11
,635,0,0,0,0,0,1,1,3,1,0,2,51,18,1,0,2,0,1,1,835,1409,2055,2220,1946,2167,2004,2600,448,225,287,282,256,139,172,85,102,86,82,86,69,108,93,18,96,91,74,67,63,42,121,74,82,76,63,35,9,43,35,8,36,33,30,27,26,23,9,17,11,10,8,15,13,3,2,8,3,2,0,2,5,6,4,2,1,0,19,6,1,1,1,9,9,3,8,5,8
,640,0,0,0,0,0,4,2,2,3,1,3,80,29,1,1,3,1,2,1,1155,1739,2345,2324,1680,1936,2368,2659,350,166,234,215,202,102,134,60,83,67,60,57,51,71,64,13,68,63,52,47,41,27,89,56,64,50,47,24,7,30,23,6,25,29,22,21,21,22,6,13,9,10,5,12,9,4,1,9,2,4,0,1,1,4,1,0,1,0,1,3,2,0,0,10,7,0,7,4,9
,645,0,0,0,0,0,4,4,3,2,1,5,130,46,2,1,6,2,3,1,1531,2039,2519,2274,1435,1613,2617,2588,275,127,173,174,158,77,103,45,61,44,48,43,38,52,46,9,47,46,37,35,31,20,63,54,42,39,31,15,5,21,16,5,23,18,17,19,20,15,5,10,15,7,4,24,7,6,1,7,2,2,0,14,1,3,1,0,1,0,0,0,1,10,2,10,7,2,17,3,7
,650,0,0,1,1,0,6,6,7,3,2,9,222,83,3,3,7,4,6,1,1925,2273,2499,2063,1121,1265,2712,2286,216,90,137,131,118,53,85,32,51,35,45,29,28,32,30,8,37,32,24,27,20,10,42,24,28,29,19,12,5,14,13,4,16,16,12,14,12,13,4,7,6,2,5,10,3,3,1,3,0,2,0,0,1,4,1,11,0,0,0,2,12,0,0,4,7,0,9,3,6
,655,0,1,1,0,0,10,9,9,5,3,17,328,125,7,4,10,9,8,2,2215,2298,2398,1851,889,999,2666,1996,172,73,114,113,99,43,67,22,42,31,23,25,19,25,34,6,27,23,18,17,15,11,32,25,22,23,17,8,2,15,14,3,9,12,25,9,9,9,3,10,5,23,3,9,2,4,4,5,1,0,0,0,0,5,5,1,1,0,0,3,0,0,0,7,6,0,7,2,5
,660,0,1,1,1,2,19,13,15,8,4,28,480,196,11,10,16,14,14,2,2385,2280,2196,1596,718,813,2501,1642,151,59,91,82,88,35,60,19,31,24,19,19,16,19,24,4,21,18,15,14,10,7,21,17,16,16,13,5,2,21,10,2,10,10,6,10,8,11,3,6,4,0,3,6,3,5,1,4,0,2,1,0,1,3,1,0,1,0,1,1,1,0,0,13,29,0,6,0,6
,665,0,1,2,1,1,25,24,26,13,7,45,698,299,17,12,26,24,22,1,2573,2121,1895,1317,556,607,2202,1298,121,47,73,67,70,26,42,15,27,20,19,11,14,15,11,6,16,18,9,13,9,5,16,16,13,19,29,5,0,6,7,1,8,9,3,25,6,5,2,0,3,0,4,7,0,1,2,4,0,1,0,0,0,2,1,0,3,0,0,0,1,13,0,7,4,0,9,0,8
,670,1,2,2,3,2,46,38,45,23,13,76,1066,479,29,22,43,42,37,1,2466,1847,1532,998,441,424,1806,950,94,32,54,55,56,21,32,7,19,15,14,8,9,26,10,2,9,9,3,5,5,2,11,10,4,6,6,2,1,4,7,2,10,6,3,5,5,6,2,7,1,1,0,3,0,3,0,3,0,0,0,0,1,3,1,0,0,0,1,1,1,0,0,3,27,0,7,4,8
,675,1,3,4,3,5,75,58,70,35,21,120,1428,686,47,36,67,67,63,2,2307,1602,1244,795,330,330,1451,693,79,30,44,43,43,20,33,9,17,12,28,5,10,9,5,2,8,10,0,4,5,21,12,3,9,8,5,3,0,3,4,2,8,5,0,11,3,7,1,0,0,1,2,6,4,4,0,0,0,0,0,0,0,0,2,0,1,0,2,0,0,2,0,9,8,0,9,0,5
,680,1,5,6,6,5,113,90,111,60,34,187,1863,943,74,55,103,105,95,1,2061,1343,969,586,245,240,1118,520,58,25,36,53,35,14,38,7,15,12,7,8,22,8,1,1,4,8,0,1,1,17,7,1,5,23,6,3,0,4,19,1,6,2,2,8,3,3,0,1,1,2,0,5,0,6,9,3,0,0,0,0,0,0,0,0,1,0,0,0,1,0,0,9,9,24,6,0,4
,685,2,9,9,9,9,184,145,178,88,52,277,2385,1246,112,86,161,164,149,1,1816,1078,746,440,191,190,845,371,45,14,27,28,21,10,19,7,19,13,12,8,6,10,4,5,3,11,1,26,0,1,5,5,4,5,3,1,0,2,4,2,8,7,0,5,3,8,12,0,0,5,0,4,1,0,0,0,27,0,0,0,1,3,2,0,0,0,3,0,0,0,0,4,8,0,8,0,7
,690,2,14,13,13,13,292,226,278,145,87,423,2907,1612,183,139,247,253,234,2,1489,858,568,327,153,135,655,268,39,10,20,21,21,3,28,5,12,11,9,3,4,5,0,1,6,8,0,0,0,0,2,2,1,2,5,0,0,0,3,1,6,31,0,7,3,2,0,0,1,0,5,5,0,0,6,0,0,0,0,0,0,3,1,0,1,0,0,4,1,0,22,13,7,0,9,0,8
,695,5,24,22,23,23,490,381,462,243,141,613,3530,2048,317,237,381,405,388,1,1163,631,408,238,104,99,469,180,56,4,14,18,13,8,14,3,12,6,10,2,8,6,0,0,3,4,0,4,0,0,5,4,2,5,15,2,0,0,5,1,7,1,0,2,4,7,3,0,2,0,2,0,0,0,0,0,0,0,0,0,0,8,2,2,1,0,0,0,0,7,0,0,5,0,4,2,7
,700,6,37,36,37,35,772,593,729,381,220,871,4096,2313,492,353,547,604,580,1,899,469,293,169,77,85,321,136,24,0,13,10,20,38,11,6,11,5,32,1,4,5,4,2,1,3,0,0,0,1,7,25,0,5,34,0,0,0,3,1,6,3,0,5,3,6,0,0,0,0,2,3,33,2,0,0,0,27,0,0,0,0,1,0,1,0,0,0,0,0,0,7,0,0,8,0,0
,705,8,54,54,55,53,1134,908,1077,581,335,1122,4340,2533,756,492,777,850,834,2,693,350,221,129,66,65,245,105,17,4,13,12,11,9,20,3,16,15,12,0,0,7,3,1,2,4,0,4,4,1,0,0,2,1,4,0,0,5,8,1,5,9,7,5,2,0,0,0,6,0,0,6,0,0,0,0,7,0,0,0,0,0,2,0,1,0,0,0,20,0,0,7,8,0,10,3,13
,710,13,82,81,85,82,1685,1324,1582,859,492,1380,4346,2575,1083,684,1075,1113,1145,6,500,255,153,100,43,51,184,71,15,10,12,2,0,2,14,0,10,12,5,0,28,6,2,1,9,24,0,0,0,3,0,3,0,2,2,5,0,6,6,0,7,3,30,0,0,6,1,0,4,0,1,8,0,0,0,0,0,4,0,28,0,8,3,20,1,0,0,0,0,26,0,5,7,0,4,4,17
,715,20,127,125,129,128,2504,2006,2408,1303,731,1635,4011,2359,1636,961,1432,1463,1548,2,325,161,104,66,32,30,114,51,3,0,4,7,0,7,9,0,14,4,5,0,6,6,0,1,3,2,0,0,3,8,0,3,0,0,4,0,0,0,3,2,5,0,0,0,0,1,1,8,2,0,3,0,0,0,15,0,0,0,0,0,0,7,1,16,0,0,0,7,17,0,33,11,6,0,4,0,9
,720,29,185,186,187,186,3397,2762,3240,1806,980,1701,3543,2129,2226,1163,1734,1689,1927,3,242,117,78,51,21,23,84,35,12,1,4,1,1,3,9,1,6,7,30,0,5,0,4,1,8,4,0,0,24,22,0,0,4,0,0,0,0,0,2,1,6,5,0,6,1,4,2,0,23,0,3,0,7,5,4,0,0,0,1,0,0,9,2,15,0,0,5,7,0,0,29,6,4,0,10,0,5
,725,41,273,268,272,272,4298,3578,4167,2378,1270,1891,3143,1960,2786,1423,1998,1976,2286,2,192,90,62,41,17,26,63,27,3,0,5,0,3,0,8,0,2,11,5,1,3,0,1,1,0,5,0,0,0,0,0,1,0,1,0,0,0,0,0,1,0,0,0,5,0,2,0,0,1,0,2,0,0,0,1,0,0,0,0,0,0,4,2,0,0,0,3,0,0,0,0,8,1,0,11,0,4
,730,65,397,389,394,388,5287,4633,5196,2995,1564,1931,2805,1795,3508,1593,2215,2228,2632,1,139,72,50,30,16,25,51,27,3,3,2,11,7,1,6,0,9,10,9,0,5,1,0,1,10,3,0,0,0,0,0,6,4,0,3,0,0,23,4,0,5,8,1,7,5,10,2,0,20,7,18,0,0,8,0,3,0,2,0,0,0,0,1,2,0,0,0,0,1,0,0,8,10,0,10,0,9
,735,93,597,586,604,605,6382,5739,6161,3650,1927,1980,2351,1610,4190,1834,2432,2370,2913,1,104,54,33,33,17,19,38,18,8,0,2,4,3,37,10,0,0,12,11,28,5,0,0,0,0,3,0,0,0,0,1,0,6,0,1,0,0,0,3,2,4,8,1,16,0,4,3,0,0,0,4,4,1,0,0,0,0,33,0,0,0,1,3,0,0,0,0,5,0,0,0,33,8,0,12,0,0
,740,149,958,924,967,955,6925,6580,6720,4123,2185,1891,1807,1339,4599,1902,2409,2394,2939,3,75,38,32,23,10,50,27,4,3,0,0,0,0,3,4,0,4,5,1,35,5,0,7,0,3,4,0,0,0,0,0,0,3,0,0,0,0,0,4,10,3,2,0,0,0,18,0,0,2,0,6,47,0,2,0,0,5,0,0,0,0,5,11,0,0,0,0,1,18,0,0,3,6,0,6,0,7
,745,216,1342,1311,1367,1330,6938,6841,6871,4219,2250,1874,1405,1154,4748,1922,2326,2269,2830,2,60,29,33,23,11,11,24,13,9,0,11,11,54,0,14,0,6,6,5,0,3,0,6,4,1,6,30,0,0,0,0,3,1,1,0,21,0,36,11,9,13,3,2,13,3,7,2,10,1,0,9,9,0,3,0,0,0,0,0,2,1,9,3,0,2,0,0,0,0,0,0,21,0,0,1,15,21
,750,304,1861,1825,1834,1826,6456,6593,6365,4113,2253,1656,1109,952,4438,1758,2123,2092,2659,2,43,31,22,13,13,18,15,6,9,57,1,0,2,0,13,0,6,8,60,0,1,2,0,0,3,0,0,0,0,0,46,0,0,0,0,0,0,55,6,2,1,9,0,16,0,10,0,0,0,0,0,12,0,5,0,0,57,0,0,21,0,0,4,0,1,0,0,0,0,0,0,16,2,0,32,1,13
,755,428,2562,2474,2547,2517,5817,5920,5505,3788,2088,1507,763,718,3980,1529,1741,1790,2211,3,31,23,10,40,1,8,7,2,0,0,0,0,0,12,11,0,0,0,2,4,5,49,7,0,0,3,0,0,3,0,0,24,0,0,4,0,0,0,5,1,10,6,62,0,0,14,0,0,0,4,5,0,0,0,0,0,0,0,0,0,0,0,5,0,0,0,0,0,3,0,0,0,0,0,9,0,17
,760,602,3366,3229,3364,3325,4898,5083,4675,3371,1908,1285,561,552,3373,1325,1462,1482,1902,3,33,52,13,16,6,1,3,48,0,0,0,3,0,0,9,0,16,0,15,10,0,1,0,1,77,9,0,0,0,0,0,0,0,4,28,0,0,3,10,3,13,20,0,11,89,5,0,44,18,3,13,7,0,88,0,0,0,0,0,0,0,4,3,1,1,0,24,0,1,0,0,25,11,0,14,1,7
,765,830,4233,4031,4210,4093,3795,4019,3636,2659,1583,1021,403,393,2677,1006,1120,1128,1426,5,21,7,20,5,0,20,4,0,10,0,0,0,0,10,17,0,16,17,13,7,0,0,0,1,4,6,0,0,0,0,0,0,0,9,1,0,0,0,9,0,15,6,0,12,0,1,0,20,0,8,0,0,0,0,0,0,0,0,0,0,0,36,4,0,2,0,1,0,0,0,0,1,101,0,21,1,22
,770,1063,4857,4650,4719,4600,3052,3297,2910,2206,1340,774,291,310,2216,803,869,851,1118,2,19,8,6,19,0,2,3,0,0,0,0,0,0,2,4,88,0,2,10,82,4,0,31,3,9,0,3,0,0,0,0,0,0,2,0,0,0,0,10,4,16,14,0,81,0,6,3,0,0,3,0,3,0,0,0,0,0,0,0,0,0,7,6,0,0,0,0,0,0,0,0,0,16,0,21,0,18
,775,1259,5221,4982,5145,5083,2439,2701,2364,1803,1037,615,226,218,1711,661,669,692,885,9,62,0,14,16,0,4,0,0,3,0,12,0,5,7,4,0,9,0,3,0,8,2,5,0,112,47,0,0,0,0,0,0,0,0,0,0,0,0,21,4,32,13,0,15,0,0,37,0,2,0,11,7,6,8,0,0,0,0,0,0,0,14,3,0,0,0,0,9,0,0,0,0,4,0,29,0,34
,780,1530,5281,5063,5167,5041,1749,1961,1674,1345,794,418,163,155,1243,452,481,446,608,17,3,10,2,12,0,18,0,0,0,0,0,0,0,0,28,0,7,2,9,4,7,2,0,1,11,0,0,0,0,0,0,100,0,0,4,0,0,2,6,2,3,14,111,8,0,100,5,0,0,0,0,10,92,0,0,0,0,0,0,0,21,0,5,0,2,0,0,0,12,0,0,30,0,0,5,0,49
,785,1725,5010,4772,4786,4750,1212,1395,1249,938,564,299,116,110,882,314,343,311,427,7,2,2,6,13,80,5,0,0,0,0,6,0,0,0,5,46,0,2,0,0,0,0,0,2,3,3,0,0,0,0,0,0,0,0,0,0,0,0,19,5,21,0,8,31,0,18,5,0,0,0,2,18,75,0,4,0,0,0,0,0,0,0,5,0,2,14,0,0,0,0,0,1,5,0,24,0,69
,790,1889,4517,4290,4367,4263,894,1037,874,700,425,217,85,86,647,220,243,222,346,3,0,0,0,10,2,12,0,0,0,0,0,0,13,0,0,0,21,18,4,4,13,27,10,3,3,29,0,0,0,0,0,0,0,0,1,0,0,0,3,4,8,0,2,27,54,9,7,1,0,0,15,1,0,0,4,0,0,0,0,0,0,0,1,0,8,0,107,11,1,0,0,6,0,0,29,0,177
,795,1971,3971,3767,3827,3706,658,810,640,506,309,185,66,59,473,174,185,166,237,10,0,0,7,31,5,23,0,0,0,0,7,0,11,24,6,0,27,23,76,8,12,19,11,30,0,0,0,96,0,0,0,6,0,1,0,0,0,0,10,4,30,18,0,32,0,0,14,0,0,0,14,1,20,52,0,0,0,0,0,0,0,0,12,0,1,0,0,17,6,0,0,39,0,0,56,2,23
,800,1933,3306,3082,3139,3044,467,544,457,364,221,115,48,44,324,117,134,113,158,4,58,2,0,28,0,6,0,0,0,0,11,0,19,0,15,0,17,0,24,5,0,0,5,0,7,0,27,0,0,0,0,14,17,7,36,0,8,0,0,3,0,8,0,43,0,0,7,0,3,0,6,178,0,0,0,0,0,0,0,0,0,19,3,0,2,0,0,4,4,0,0,27,17,0,57,0,47
,805,1751,2590,2326,2338,2243,314,379,302,240,147,64,38,31,213,63,111,59,107,9,0,90,6,10,0,6,0,0,0,0,0,0,188,0,16,4,18,27,0,9,0,128,0,1,0,179,0,0,0,0,22,152,0,108,0,94,0,0,15,8,17,13,0,3,25,81,0,0,127,6,5,0,0,14,0,0,0,8,0,0,0,10,10,0,2,0,0,0,0,0,0,35,13,0,37,0,0
,810,1511,1952,1796,1845,1772,219,264,214,174,105,52,31,20,146,54,70,51,81,3,70,0,0,7,0,20,87,0,5,0,0,0,0,0,36,0,57,16,23,0,5,20,0,0,0,14,0,0,0,0,0,4,0,0,0,0,24,0,47,39,8,18,0,17,27,0,0,15,30,0,2,22,0,31,0,0,0,0,0,0,0,15,8,0,0,0,0,0,115,0,0,0,32,0,46,0,47
,815,1268,1567,1405,1437,1382,169,202,159,127,71,25,20,23,113,43,63,37,55,14,0,0,3,21,19,14,0,0,0,0,0,0,0,13,29,0,42,55,54,0,16,0,1,1,18,176,0,0,0,0,0,0,0,0,51,0,0,0,14,1,31,0,0,19,0,49,0,6,0,0,13,7,0,0,9,0,0,0,0,0,0,8,13,0,0,0,0,18,0,0,0,47,27,0,60,0,202
,820,1012,1122,1010,1040,981,109,148,107,100,58,22,14,6,83,58,41,14,74,14,0,0,0,23,0,8,0,0,43,0,0,0,0,0,38,0,73,25,28,7,6,4,6,2,0,0,0,0,0,9,0,5,24,0,0,0,0,0,24,5,14,1,0,0,0,178,0,0,0,0,0,46,0,5,0,0,0,0,0,0,0,27,13,0,5,0,0,0,0,0,0,53,31,0,56,0,21
,825,789,818,728,761,722,85,108,71,58,43,70,19,11,53,17,53,2,31,4,0,112,0,11,0,34,0,0,8,0,0,0,0,0,18,0,298,82,48,225,27,250,1,11,238,26,0,0,0,159,0,18,0,48,0,27,0,4,0,6,76,7,4,39,0,25,0,0,10,0,26,2,0,0,2,220,6,0,0,0,0,32,12,111,23,0,0,15,11,0,0,56,0,0,75,0,100
,830,568,592,529,554,516,43,79,50,42,81,11,0,10,28,3,29,0,7,21,0,0,16,0,6,25,0,0,243,0,16,0,0,0,0,0,308,39,19,52,9,14,0,0,0,2,0,0,0,0,0,0,0,9,0,172,3,0,2,9,74,9,0,32,14,65,13,0,0,0,34,50,0,0,0,0,0,0,0,0,85,68,10,0,0,0,0,0,0,0,0,0,49,0,406,0,45
,835,458,456,410,421,399,50,66,43,20,72,0,0,0,16,0,22,0,7,26,0,0,0,0,0,33,0,0,68,0,0,9,0,20,68,0,534,119,50,0,0,0,0,0,43,0,0,0,0,0,0,82,11,12,69,0,0,0,26,9,37,12,0,44,0,0,18,0,0,0,256,30,39,25,0,0,11,0,0,0,13,0,25,46,0,0,0,0,3,0,0,97,0,0,132,0,0
,840,363,341,335,324,297,0,53,99,33,5,0,10,0,2,20,37,0,0,24,0,0,0,94,39,1,0,0,36,0,0,0,2,0,82,17,128,77,56,0,439,60,138,2,0,115,0,0,0,0,62,30,0,0,0,0,0,0,138,0,81,0,0,175,0,82,56,0,0,0,47,139,0,56,0,0,0,0,0,0,0,193,39,279,0,0,0,0,76,0,0,144,166,0,208,0,112
,845,256,252,234,226,189,0,40,0,0,32,0,0,38,0,0,51,0,35,86,0,0,19,45,0,119,455,0,135,0,81,0,0,0,20,27,0,73,219,0,29,0,0,0,77,0,0,0,0,129,0,0,0,0,0,0,0,0,228,241,214,82,0,18,0,187,352,0,187,0,77,0,183,0,23,0,0,0,78,0,0,132,279,0,1,0,0,62,0,0,0,153,121,0,342,0,219
,850,197,173,194,135,108,33,0,0,0,30,0,4,8,230,0,37,0,97,111,0,0,5,159,0,268,0,0,0,0,0,0,0,1039,33,0,433,165,18,0,186,0,0,323,0,0,0,0,0,0,0,81,4,89,0,0,205,0,161,25,182,0,172,269,0,215,69,0,275,0,0,0,0,0,84,0,0,0,0,0,0,223,41,0,283,247,0,0,268,0,0,380,18,0,616,149,0
,,,,,,,,,,,,,,,,,,,,,,,,,,,,,,,,,,,,,,,,,,,,,,,,,,,,,,,,,,,,,,,,,,,,,,,,,,,,,,,,,,,,,,,,,,,,,,,,,
Read 40:EM Spectrum,,,,,,,,,,,,,,,,,,,,,,,,,,,,,,,,,,,,,,,,,,,,,,,,,,,,,,,,,,,,,,,,,,,,,,,,,,,,,,,,,,,,,,,,,,,,,,,,,
,,,,,,,,,,,,,,,,,,,,,,,,,,,,,,,,,,,,,,,,,,,,,,,,,,,,,,,,,,,,,,,,,,,,,,,,,,,,,,,,,,,,,,,,,,,,,,,,,
,Wavelength,A1,A2,A3,A4,A5,A6,A7,A8,A9,A10,A11,A12,B1,B2,B3,B4,B5,B6,B7,B8,B9,B10,B11,B12,C1,C2,C3,C4,C5,C6,C7,C8,C9,C10,C11,C12,D1,D2,D3,D4,D5,D6,D7,D8,D9,D10,D11,D12,E1,E2,E3,E4,E5,E6,E7,E8,E9,E10,E11,E12,F1,F2,F3,F4,F5,F6,F7,F8,F9,F10,F11,F12,G1,G2,G3,G4,G5,G6,G7,G8,G9,G10,G11,G12,H1,H2,H3,H4,H5,H6,H7,H8,H9,H10,H11,H12
,500,1,1,1,1,1,2,2,1,2,3,4,6,4,1,4,3,3,2,1,13,14,15,16,14,19,16,9,17,23,25,22,20,20,20,15,17,20,16,17,18,18,16,19,19,18,16,16,12,10,14,11,8,6,19,17,4,6,7,1,4,16,15,17,9,14,11,14,2,16,4,18,23,1,7,19,6,14,25,5,5,17,12,12,13,14,10,2,11,9,6,48,44,3,14,45,40
,505,1,1,1,1,1,3,2,2,1,3,5,8,4,2,2,3,3,4,1,12,11,12,16,15,17,13,14,15,19,22,25,25,19,26,20,10,14,14,10,13,16,11,18,14,13,17,11,13,10,10,12,9,9,17,17,6,7,10,2,3,11,9,10,10,19,17,11,2,15,6,19,22,2,6,14,6,11,26,5,5,10,15,16,11,9,9,2,17,16,8,102,94,4,29,85,91
,510,0,1,0,1,1,1,3,2,1,1,4,6,5,2,2,3,4,3,1,12,11,11,13,22,17,10,13,15,22,24,20,24,19,20,14,13,18,14,15,10,13,15,17,18,12,16,15,15,9,8,11,9,6,16,11,4,6,9,1,2,15,9,12,8,10,14,16,2,16,4,18,21,1,8,13,5,15,20,6,5,10,19,15,18,16,16,3,16,18,5,192,194,2,20,164,180
,515,0,1,0,1,1,2,2,2,2,2,4,7,5,2,3,4,4,3,1,10,13,13,12,14,13,10,12,14,20,22,18,25,19,19,13,11,18,16,13,11,12,16,14,19,17,15,15,11,9,8,12,7,5,17,17,4,5,7,1,4,10,15,17,7,15,10,16,2,10,4,16,21,1,8,19,6,13,24,5,4,15,15,19,13,17,19,4,21,12,6,496,510,3,35,404,444
,520,0,1,1,1,1,2,3,2,1,1,3,7,3,1,1,3,2,2,1,11,13,13,11,17,12,10,12,17,14,17,19,17,14,31,17,11,12,12,13,9,10,15,12,14,18,17,16,12,13,7,6,5,9,16,16,6,6,7,2,5,11,12,18,9,10,16,16,2,11,5,16,21,1,6,17,4,10,16,5,5,19,19,22,18,22,15,3,18,20,11,1053,1062,6,64,876,958
,525,1,1,0,0,1,1,2,1,2,1,4,4,5,2,3,3,2,3,1,11,9,9,12,16,12,9,10,13,15,24,23,16,17,22,13,9,13,22,12,15,14,14,17,17,10,11,16,11,8,8,7,7,8,25,12,6,8,8,2,3,17,18,15,8,15,17,17,2,12,6,14,17,1,6,15,5,9,21,7,5,22,36,32,31,31,31,6,33,37,12,1898,1988,6,112,1629,1800
,530,0,1,1,1,1,2,2,2,1,1,4,6,3,1,1,2,3,1,2,11,8,9,8,14,10,8,15,13,15,22,23,16,15,17,16,10,14,12,6,10,15,15,12,17,11,13,19,15,11,10,12,8,6,18,13,5,10,10,3,5,23,18,24,14,15,18,21,2,14,9,15,21,1,7,16,6,11,23,6,4,32,64,56,52,49,50,10,59,60,25,3625,3659,13,231,3008,3302
,535,1,1,0,1,1,2,1,1,1,1,2,4,4,1,1,3,4,2,2,7,7,10,13,16,15,12,6,15,17,24,24,18,16,19,17,14,15,12,15,16,12,12,14,16,24,16,16,17,23,9,8,11,11,23,20,8,12,16,4,9,28,41,35,21,27,35,31,3,22,12,34,35,2,11,28,5,17,34,7,7,46,107,94,110,98,89,18,105,113,43,5555,5563,26,386,4522,5091
,540,0,0,1,1,1,1,1,2,2,1,3,3,4,1,1,2,3,3,3,9,9,8,7,14,9,7,10,27,27,31,32,24,25,32,21,23,24,18,16,15,22,22,18,26,22,26,27,32,24,19,12,16,12,23,28,15,22,29,6,15,51,59,50,37,51,52,37,6,34,18,40,47,2,12,41,10,19,33,7,7,77,177,143,176,158,139,26,174,182,65,6571,6669,34,539,5495,5863
,545,1,1,0,1,0,0,2,2,1,1,2,2,4,1,0,2,1,1,2,6,8,7,12,11,9,9,9,30,35,38,46,39,36,43,32,37,36,30,18,20,23,25,24,35,31,38,32,48,40,27,23,28,22,38,48,21,30,39,9,21,69,89,80,50,69,74,59,8,59,29,67,63,4,15,50,12,22,51,11,10,119,235,208,231,206,195,37,209,236,86,6765,6969,46,661,5651,6240
,550,0,1,1,1,0,1,2,0,0,0,3,5,3,0,2,3,1,3,1,5,5,5,11,11,17,10,5,44,63,74,66,67,72,75,56,63,63,41,32,39,43,41,36,43,46,49,48,71,62,43,38,37,32,64,66,34,46,62,12,30,97,115,108,65,100,102,84,12,80,44,91,97,5,22,87,15,33,60,13,14,162,288,259,275,246,255,45,254,274,103,6342,6270,58,678,5344,5609
,555,0,0,0,0,1,1,2,1,1,2,2,3,2,1,0,2,1,1,1,6,10,7,10,21,21,9,8,88,127,144,140,126,124,149,95,112,95,71,55,66,59,61,58,68,68,71,64,97,93,64,58,61,44,93,95,45,63,77,15,37,133,167,155,92,138,150,127,16,116,59,137,130,6,25,130,18,33,62,15,15,188,297,296,290,273,264,47,265,278,108,5106,5064,61,592,4203,4636
,560,0,0,0,0,1,0,1,2,0,1,2,2,2,0,1,1,1,1,1,6,6,9,13,47,32,8,13,184,243,289,292,245,233,283,161,198,157,121,92,95,85,84,89,98,97,97,94,137,116,74,82,88,58,114,123,57,75,99,17,42,160,203,183,112,175,203,181,22,160,74,187,169,7,28,165,20,39,76,17,17,214,271,284,273,235,247,45,259,247,97,3707,3600,56,462,2971,3233
,565,0,0,0,0,0,0,1,0,2,1,2,3,1,1,1,1,1,1,1,5,7,11,19,62,54,9,18,302,378,454,450,386,348,436,220,293,215,162,122,124,111,109,111,113,114,115,112,167,124,90,87,92,68,129,130,68,82,102,19,42,170,229,207,125,204,239,204,26,180,83,210,203,8,27,203,21,39,79,16,18,219,240,229,230,212,216,38,220,220,81,2676,2520,48,366,2102,2291
,570,0,0,0,0,1,0,1,0,1,1,1,2,2,0,0,3,1,1,1,6,7,16,27,109,94,14,28,498,571,702,680,602,506,648,315,406,301,226,169,173,134,137,124,132,137,132,134,197,131,98,93,105,74,134,137,66,84,108,20,45,187,248,239,142,232,275,249,31,204,92,241,219,7,25,232,21,40,73,15,17,198,191,196,182,163,176,31,173,170,66,1800,1685,39,284,1368,1514
,575,0,0,0,0,0,0,1,1,0,0,1,3,1,1,0,3,1,1,1,6,11,25,48,194,154,21,54,787,843,1035,1023,880,716,917,418,531,417,314,219,223,167,177,169,169,172,169,164,241,134,105,101,109,75,132,141,66,82,105,20,46,188,270,261,156,261,302,268,35,229,96,241,223,6,22,236,19,34,56,13,14,149,132,139,136,117,122,22,119,114,48,1019,1014,28,179,805,916
,580,0,0,0,0,0,0,1,0,0,0,1,2,2,0,1,1,1,1,1,10,20,44,86,326,270,38,96,1115,1121,1435,1375,1218,904,1170,545,651,536,397,280,293,214,224,194,211,219,209,204,295,131,114,101,109,77,137,138,65,84,114,21,47,199,322,293,169,291,323,295,36,226,91,221,209,5,17,225,14,25,47,11,11,110,91,99,86,77,91,15,83,78,31,591,563,19,113,466,515
,585,0,0,0,1,0,0,1,0,0,0,1,6,1,1,0,1,1,1,0,12,33,82,149,532,427,66,166,1484,1362,1734,1705,1443,1082,1325,656,705,648,488,364,365,265,284,249,254,268,250,256,357,129,128,99,113,71,129,136,65,84,116,24,51,218,336,302,181,303,322,271,33,212,77,195,159,3,13,192,11,20,37,8,8,78,57,60,58,46,61,10,54,51,21,339,316,12,70,263,279
,590,0,0,0,0,0,0,1,1,0,0,1,5,1,0,0,1,1,1,0,19,55,122,221,750,583,101,246,1681,1469,1903,1833,1590,1140,1347,715,715,700,546,399,418,310,318,288,287,308,275,268,363,137,135,105,118,77,129,145,67,89,129,25,56,228,327,304,180,296,296,243,31,170,64,148,131,3,10,161,9,14,27,6,6,54,43,44,39,35,43,8,40,35,16,210,199,9,52,161,185
,595,0,0,0,0,0,0,0,0,0,0,1,9,2,0,0,1,1,1,0,31,88,195,329,990,818,160,372,1812,1480,1894,1815,1567,1117,1239,743,662,712,567,433,458,347,351,308,316,344,309,305,399,135,155,111,127,82,134,146,73,93,134,27,59,236,305,279,166,247,260,210,24,139,48,111,96,2,7,107,9,12,24,5,4,49,31,32,30,19,29,6,29,24,13,137,131,7,35,102,122
,600,0,0,0,0,1,0,0,0,0,0,1,15,3,0,0,0,0,0,0,58,152,319,508,1363,1132,271,567,1735,1338,1695,1662,1444,1001,1062,653,530,663,551,431,456,361,366,343,344,344,328,312,382,141,187,119,148,89,141,165,79,92,142,26,61,216,257,229,134,198,188,147,17,100,37,76,67,2,6,80,7,11,15,4,3,27,22,22,17,15,20,4,21,17,9,80,77,5,22,62,70
,605,0,0,0,0,0,0,1,2,0,0,1,28,3,0,0,1,0,0,0,107,258,492,760,1659,1492,432,817,1473,1105,1363,1331,1161,825,824,541,402,543,467,375,415,339,348,322,335,340,304,270,324,155,212,126,152,94,147,159,72,88,137,24,56,188,192,167,93,136,139,99,12,64,23,56,50,1,9,51,4,10,10,5,3,18,13,18,11,10,14,3,16,9,6,53,42,4,18,37,39
,610,0,0,0,0,0,0,1,0,1,0,1,47,4,0,0,1,0,0,0,170,387,693,1011,1867,1786,610,1114,1254,864,1075,1045,923,622,624,409,300,427,377,310,365,318,309,302,299,300,270,246,284,145,224,131,165,98,147,160,71,81,120,19,49,154,140,127,73,104,99,76,8,48,16,39,39,1,3,40,6,7,12,3,2,16,13,10,11,5,14,2,12,6,6,34,29,3,13,27,40
,615,0,0,0,0,0,0,1,0,0,0,2,82,7,0,0,1,0,0,0,260,563,947,1291,1971,2003,855,1438,1021,678,858,827,740,482,492,314,222,319,300,257,281,271,259,279,261,254,233,198,226,137,225,136,165,98,142,146,63,65,102,17,41,122,107,94,52,74,74,59,6,38,11,31,34,1,3,33,3,5,9,2,2,10,10,10,10,4,9,2,10,3,5,23,20,2,10,16,24
,620,0,0,0,0,0,0,1,0,0,0,2,145,12,0,0,1,0,1,1,410,787,1302,1599,1949,2136,1202,1827,745,500,605,593,530,347,369,230,152,232,212,186,221,212,203,210,207,200,180,153,169,113,220,120,151,87,122,127,46,48,77,12,30,86,74,65,39,50,54,42,5,27,10,22,25,0,3,29,3,10,5,2,4,7,8,6,4,1,4,2,7,3,5,19,17,2,12,10,14
,625,0,0,0,0,0,0,1,0,0,0,4,244,21,0,0,1,1,1,0,630,1079,1638,1865,1758,2118,1583,2219,552,355,445,437,382,244,258,151,108,156,144,126,154,159,148,161,155,144,135,110,119,85,185,107,120,74,102,92,34,36,54,8,22,60,53,48,28,38,35,34,4,19,6,18,20,0,2,22,2,3,5,2,1,2,7,18,3,1,4,3,7,3,4,16,11,2,10,9,7
,630,0,0,0,0,0,0,1,0,0,0,7,410,36,0,1,2,1,1,0,914,1361,1931,2043,1529,1902,1950,2422,391,259,325,312,280,161,193,110,78,120,105,90,106,122,95,113,116,105,99,81,82,63,144,85,98,56,68,68,24,33,40,6,14,43,37,33,20,25,26,21,3,16,5,14,16,0,2,15,1,2,3,2,0,5,7,16,3,0,6,2,6,8,4,12,6,1,6,7,6
,635,0,0,0,0,0,0,1,1,0,0,10,607,59,1,0,2,3,2,0,1188,1617,2084,2085,1296,1693,2235,2503,310,195,264,248,239,121,151,94,64,85,81,61,84,87,77,86,94,82,75,65,59,47,119,67,73,45,51,55,18,20,30,5,11,34,28,28,17,24,36,21,2,14,6,10,16,0,6,27,1,3,4,2,1,3,7,4,0,0,3,2,6,1,4,13,5,1,3,5,6
,640,0,0,0,0,0,0,2,2,0,0,16,862,94,0,2,4,6,2,0,1506,1735,2197,1978,1054,1417,2316,2364,251,161,212,205,201,96,123,61,46,62,60,48,62,60,60,68,65,60,51,44,44,34,92,45,54,33,50,40,14,15,26,4,9,24,24,17,13,12,16,10,2,13,4,9,22,0,2,13,1,4,0,1,1,1,6,1,2,0,3,2,6,0,4,4,0,1,7,3,5
,645,0,0,0,0,0,0,3,2,0,1,27,1217,151,0,3,6,10,5,0,1763,1849,2098,1755,821,1101,2379,2098,218,121,174,162,144,68,93,46,35,49,42,32,43,47,43,48,51,42,57,35,32,27,62,31,41,22,28,30,11,13,18,3,7,15,15,13,12,10,15,14,2,10,2,5,8,0,1,17,1,1,1,1,0,0,1,2,0,12,1,1,5,0,3,8,17,1,7,5,3
,650,0,0,0,0,1,1,5,5,1,2,50,1668,257,1,6,9,18,11,1,1996,1810,1909,1467,648,828,2256,1697,179,89,139,126,119,54,82,33,27,34,29,17,30,43,30,32,34,31,29,25,18,17,36,21,27,23,20,19,5,9,14,2,4,14,11,16,9,23,12,12,2,8,1,15,6,0,1,10,1,1,0,1,0,1,9,1,0,19,1,1,3,0,3,4,0,1,7,7,1
,655,0,1,0,1,1,3,8,9,1,3,77,2049,378,2,10,15,28,14,0,2123,1803,1706,1270,548,651,2018,1398,150,75,112,105,98,41,65,28,23,34,25,12,24,23,20,24,26,26,24,21,14,14,31,15,14,12,18,18,5,8,11,2,3,13,8,7,8,0,11,7,2,7,2,3,11,0,1,11,1,4,0,1,0,0,1,0,0,0,0,1,3,0,3,7,1,1,4,1,4
,660,0,1,1,1,2,8,13,13,3,3,121,2403,546,4,19,22,42,21,0,2095,1611,1475,1021,453,517,1756,1140,138,55,97,91,83,40,53,25,28,26,18,7,17,19,29,23,22,19,19,19,10,9,19,11,11,9,12,13,2,7,7,2,3,11,5,8,7,8,14,7,1,9,1,0,9,0,2,9,5,3,0,0,0,0,2,0,0,0,1,2,4,0,2,4,0,0,7,5,0
,665,0,1,0,3,2,9,19,21,5,7,186,2759,786,6,26,35,69,34,1,2036,1441,1218,823,359,391,1465,843,111,47,73,69,66,28,45,18,24,20,15,5,13,13,18,14,20,17,20,12,6,8,21,0,12,6,6,8,1,5,5,2,2,8,5,8,9,6,7,4,1,23,1,22,4,0,0,8,0,2,0,1,1,0,1,0,0,0,0,2,3,17,1,3,1,1,2,2,1
,670,0,3,2,2,4,16,33,38,8,13,317,3060,1139,11,45,60,122,57,0,1773,1197,954,615,274,294,1119,595,84,31,56,54,51,23,32,12,11,14,9,0,9,12,6,11,18,11,17,14,4,4,8,1,7,6,3,8,0,7,8,2,2,8,1,2,6,0,0,5,1,3,1,0,6,0,0,7,1,3,21,0,0,0,3,0,1,0,0,1,5,0,3,5,0,1,3,26,3
,675,0,4,4,4,4,28,51,65,12,21,474,3278,1536,20,71,92,188,90,1,1577,1049,760,482,230,221,875,440,69,29,45,43,44,22,31,15,12,19,6,0,9,8,9,9,17,15,18,29,4,2,14,0,2,2,7,6,0,5,8,1,1,4,1,6,7,0,4,1,1,4,0,0,5,0,1,7,1,0,0,2,0,0,3,0,0,0,0,1,6,0,5,3,1,1,4,0,0
,680,1,5,5,5,6,42,80,97,20,31,710,3416,1928,26,113,138,290,143,1,1348,828,597,356,186,179,670,316,49,15,39,35,35,19,25,13,13,15,6,0,12,5,5,4,10,12,11,8,2,2,7,0,4,1,6,24,7,16,6,1,0,5,25,0,7,0,6,2,1,5,0,0,6,0,1,4,1,0,20,1,0,0,2,3,0,0,3,2,0,0,3,0,0,1,1,0,0
,685,1,8,9,8,9,68,125,160,32,48,1013,3417,2362,42,165,201,417,209,2,1093,682,460,280,147,134,514,231,46,18,41,27,30,19,40,13,11,19,7,0,10,7,7,9,14,6,14,10,1,1,4,0,3,3,2,5,0,6,8,2,1,6,4,7,6,0,6,0,1,5,0,0,0,0,1,5,1,0,0,1,0,0,0,0,0,14,0,2,3,0,5,8,0,1,11,0,0
,690,3,12,13,14,14,109,198,247,51,77,1427,3351,2820,66,246,289,624,310,2,890,515,350,216,116,108,370,178,36,7,32,26,25,39,20,5,11,14,5,0,9,8,9,29,13,9,13,5,0,2,2,0,0,1,3,3,0,5,4,1,0,0,12,4,7,0,7,11,1,3,0,0,5,0,0,7,0,2,0,0,0,0,1,0,0,14,0,2,6,0,3,5,0,1,39,0,1
,695,3,23,23,23,24,181,332,410,86,126,2019,3148,3226,111,378,431,895,485,0,675,369,257,150,83,77,283,135,23,7,19,15,22,13,48,7,9,12,6,0,6,8,0,2,9,7,7,7,26,1,0,0,0,0,1,4,0,5,8,2,1,5,7,0,5,2,4,0,0,10,1,4,6,0,1,46,1,4,0,1,0,0,2,35,0,0,0,3,5,0,4,0,0,2,34,0,0
,700,5,35,37,35,38,286,527,647,129,190,2592,2974,3492,172,528,599,1231,665,0,497,284,206,114,62,57,212,97,31,1,10,9,13,8,10,4,7,19,5,0,1,7,6,3,13,7,14,5,0,28,24,0,23,2,8,4,0,6,6,1,1,7,0,7,4,0,0,0,1,3,0,0,6,0,0,8,11,1,0,9,0,0,24,0,0,0,0,1,0,0,4,10,0,2,1,2,5
,705,8,53,54,56,55,445,786,984,195,278,3137,2794,3595,246,693,778,1555,892,1,375,211,153,87,51,53,150,71,11,2,19,13,11,44,19,8,9,20,6,0,8,4,4,7,11,10,11,9,0,0,28,0,0,2,7,12,0,6,7,2,1,4,0,1,1,0,5,0,0,3,2,0,43,0,0,48,0,2,0,1,1,15,0,0,0,0,6,3,6,0,2,9,0,2,9,3,2
,710,12,80,80,80,81,640,1188,1433,269,374,3481,2492,3289,351,855,991,1818,1097,1,274,145,104,62,33,41,112,47,8,5,15,15,12,13,13,3,9,10,4,0,1,3,23,9,10,7,7,8,0,0,4,0,0,0,0,35,0,4,4,2,0,2,0,1,5,0,14,0,2,0,0,0,6,0,1,1,1,3,43,1,0,0,1,0,0,0,0,1,0,0,4,1,0,2,11,30,1
,715,19,125,126,126,129,930,1819,2164,412,515,3691,2025,2766,501,1026,1133,2061,1277,0,167,93,76,45,26,27,80,32,3,6,5,10,7,21,9,0,5,13,0,0,0,0,0,2,12,33,41,8,0,0,1,0,0,13,4,8,0,5,1,2,0,0,0,7,7,0,5,0,1,2,0,0,7,0,1,8,2,1,0,0,0,0,0,25,0,0,29,1,3,0,4,10,0,0,3,0,0
,720,29,179,184,185,190,1286,2459,2990,537,636,3602,1678,2359,657,1195,1258,2156,1414,0,126,72,55,41,15,25,57,24,5,0,9,9,0,9,13,5,5,8,6,0,0,6,1,0,13,5,11,10,0,0,4,0,0,1,0,5,0,8,5,2,0,5,0,0,6,0,2,7,2,1,0,0,4,0,2,9,1,0,0,1,0,0,7,0,0,0,0,2,3,0,4,0,0,0,3,0,0
,725,43,260,268,272,275,1626,3331,3887,705,764,3474,1433,2010,838,1297,1396,2219,1555,1,95,51,59,29,14,18,50,20,6,0,6,6,1,11,5,4,6,6,5,0,1,0,1,1,11,8,8,6,0,0,24,0,0,0,0,32,0,10,4,4,1,0,0,1,6,0,2,0,0,5,0,0,6,0,0,6,0,22,0,7,0,0,1,0,0,0,2,2,5,0,5,1,0,1,0,0,0
,730,62,387,392,404,404,2056,4435,4954,874,892,3304,1194,1685,1003,1388,1461,2274,1695,0,72,46,33,26,16,19,44,20,2,0,2,10,2,7,8,7,8,9,8,0,35,1,0,7,15,10,17,31,0,0,4,0,0,0,33,0,0,5,8,2,0,0,0,0,4,0,9,7,1,7,0,0,7,0,0,38,0,0,0,8,0,0,45,0,0,0,1,2,0,0,4,0,0,0,4,0,0
,735,96,591,587,613,616,2480,5570,6151,1083,1093,3165,929,1427,1248,1506,1550,2365,1819,1,61,32,31,16,12,22,33,14,0,0,9,0,1,1,10,0,6,8,5,0,1,0,2,5,13,3,9,5,0,0,0,0,0,0,0,44,0,7,8,1,1,0,18,43,7,0,3,1,1,10,1,0,3,0,0,11,1,6,0,11,0,0,0,0,0,0,0,3,7,32,3,52,0,1,11,0,0
,740,155,923,940,956,959,2768,6551,6919,1240,1164,2737,696,1014,1414,1479,1555,2219,1788,1,42,24,23,14,10,20,28,11,0,0,11,9,5,9,10,0,7,15,1,0,0,9,7,2,24,7,11,4,0,0,0,0,0,0,3,6,0,5,4,6,0,8,0,0,27,0,0,0,1,1,0,0,3,0,3,9,1,0,0,0,0,0,0,0,0,24,0,2,1,0,3,6,0,2,6,0,4
,745,220,1317,1319,1342,1364,2854,7068,7162,1317,1218,2370,517,817,1469,1436,1509,2053,1793,1,34,21,24,6,16,18,25,11,0,0,9,4,6,50,12,3,6,57,14,0,7,12,0,1,19,12,17,5,40,0,9,0,0,0,5,0,0,8,7,2,0,6,0,0,5,0,0,0,1,10,1,0,56,0,0,16,2,37,0,5,12,0,10,0,0,0,1,2,0,0,7,6,0,1,15,0,0
,750,305,1807,1828,1869,1847,2754,7042,6829,1360,1238,2006,393,616,1507,1395,1417,1834,1600,1,28,15,19,11,3,23,22,7,6,0,7,4,0,14,25,9,11,27,0,0,2,7,0,3,22,18,18,3,0,0,0,0,0,0,47,16,0,9,2,1,3,0,0,1,11,0,0,0,0,7,0,0,0,0,0,9,0,0,0,1,13,0,4,0,0,0,0,4,4,0,14,14,0,2,12,0,0
,755,439,2438,2507,2538,2518,2557,6550,6072,1316,1154,1596,268,435,1391,1185,1205,1536,1391,0,19,8,17,15,9,4,23,0,0,0,88,5,0,8,8,2,17,6,3,0,0,8,1,0,17,10,12,0,0,0,0,0,0,0,0,2,0,6,8,2,0,0,0,0,0,0,3,2,1,3,2,0,4,0,2,17,17,1,0,5,0,0,0,0,0,0,75,3,8,0,5,0,0,0,71,0,0
,760,627,3316,3306,3411,3418,2361,5689,5367,1262,1088,1265,205,311,1317,1009,1024,1268,1162,1,17,12,16,55,11,22,33,11,6,0,15,0,4,27,17,18,20,29,9,0,6,12,0,13,27,5,25,24,0,0,11,0,0,1,1,9,0,13,14,4,0,5,56,0,12,0,0,0,1,4,0,81,15,0,11,18,0,14,6,0,0,0,0,0,0,0,0,7,14,0,6,25,0,4,25,0,0
,765,843,4145,4161,4224,4182,1935,4733,4182,1067,892,902,128,224,1106,808,757,942,909,2,19,6,15,12,0,31,14,0,0,4,19,23,0,6,19,1,17,24,10,0,7,0,0,5,14,23,15,21,0,0,3,0,0,3,84,11,0,11,7,3,0,5,77,0,15,0,11,0,3,13,0,0,19,0,0,20,1,57,0,0,0,0,0,0,0,64,5,6,0,0,4,6,76,4,0,66,0
,770,1060,4694,4755,4763,4842,1556,3878,3386,885,736,667,106,157,905,597,575,691,754,2,13,0,18,0,0,18,29,0,0,0,4,0,0,7,19,0,9,20,13,0,1,0,0,3,33,13,10,5,0,0,2,0,0,6,0,10,0,13,8,4,0,1,0,0,14,0,0,0,0,9,0,0,21,1,0,25,2,0,0,2,0,0,21,0,0,0,0,25,17,0,17,13,0,0,16,0,0
,775,1311,5124,5089,5168,5123,1291,3154,2732,738,634,525,74,140,740,481,474,537,558,2,17,6,18,15,2,115,25,8,0,0,0,23,1,37,26,3,18,20,22,0,0,12,87,20,51,11,34,26,0,0,0,0,0,0,2,22,0,56,12,4,29,14,117,10,25,0,10,0,4,13,0,10,37,0,0,36,4,9,0,3,27,0,157,0,0,0,0,9,3,0,21,11,0,5,48,0,89
,780,1574,5178,5113,5211,5191,928,2297,2008,569,490,346,41,90,534,315,300,381,389,1,3,0,9,9,11,26,33,0,0,0,11,11,0,22,11,6,14,38,0,0,0,0,0,0,38,10,25,9,0,0,5,0,0,0,0,1,0,15,39,6,2,15,0,0,15,0,0,0,2,114,0,0,22,0,2,13,3,0,0,0,0,0,1,0,0,0,0,12,0,0,9,0,0,4,30,4,127
,785,1818,4887,4909,4931,4867,672,1700,1450,395,341,249,44,68,382,229,232,254,265,0,11,0,16,3,0,22,23,0,0,0,0,0,0,15,22,10,27,15,23,0,13,15,14,0,26,14,30,86,0,0,0,0,95,6,0,1,0,12,13,4,0,10,0,9,16,96,0,8,2,15,7,0,7,0,8,21,3,10,0,4,0,0,0,0,0,0,0,7,0,0,73,0,0,0,0,0,4
,790,1958,4421,4376,4388,4331,487,1249,1081,303,238,191,31,52,278,155,171,217,195,1,12,0,19,4,2,16,45,0,0,0,19,0,0,6,40,10,25,28,29,0,5,10,0,2,47,62,35,16,0,0,0,0,0,39,6,10,0,17,25,3,1,0,0,0,31,0,0,5,5,16,3,0,19,0,3,31,10,13,0,4,0,0,10,147,0,0,0,0,28,0,30,0,0,4,0,0,17
,795,2001,3982,3791,3918,3759,363,914,776,225,172,136,28,44,215,140,124,133,143,3,18,0,30,0,3,36,10,0,0,0,0,21,8,24,42,32,39,24,52,0,12,164,0,25,28,164,54,36,0,0,0,0,0,5,3,15,0,28,8,6,0,0,170,32,33,0,123,9,4,14,0,0,4,0,2,51,5,12,0,2,30,34,20,0,0,0,0,10,9,0,31,25,0,5,38,0,0
,800,1972,3284,3177,3198,3137,244,679,571,153,122,102,8,28,143,82,96,104,96,1,0,0,23,10,31,27,20,0,0,0,23,4,0,19,20,5,23,8,7,0,6,4,0,16,44,21,41,56,0,0,126,0,0,0,11,0,0,26,9,7,0,6,0,0,25,0,0,0,5,0,0,0,52,0,0,19,0,58,0,1,0,0,2,0,0,0,0,3,24,0,13,47,0,4,26,0,0
,805,1794,2516,2357,2384,2347,163,441,368,105,70,112,6,25,98,34,64,61,63,2,19,0,4,0,0,20,19,0,0,0,0,0,0,12,25,5,35,57,12,0,2,24,0,0,32,19,43,39,0,0,0,0,0,0,25,25,0,21,10,4,2,14,0,0,0,0,3,0,5,0,0,0,15,0,0,15,0,6,0,4,0,0,18,0,0,0,0,7,16,0,25,29,0,5,0,0,0
,810,1540,1939,1818,1829,1829,122,333,265,71,52,60,0,20,73,33,51,46,52,4,0,0,24,20,0,40,65,0,0,0,67,0,0,58,14,0,9,51,4,0,0,9,0,0,39,46,24,41,0,0,0,0,0,0,3,53,0,33,18,7,0,0,0,0,42,0,18,0,4,190,0,0,121,0,0,58,0,6,0,7,0,0,8,0,0,0,0,11,11,0,13,0,0,7,0,13,24
,815,1312,1512,1425,1456,1379,80,251,202,55,51,41,0,18,48,20,39,34,33,3,0,0,48,0,28,38,40,15,0,0,0,10,0,9,5,20,32,33,18,71,0,24,26,7,43,40,29,49,0,0,0,0,0,0,0,11,0,27,8,8,0,7,0,0,35,0,30,0,7,29,0,0,33,0,0,52,1,1,0,6,0,0,9,0,0,0,0,11,0,0,113,41,0,7,40,0,219
,820,1052,1162,1057,1089,1074,55,162,135,35,20,30,16,27,35,7,31,13,30,0,0,0,0,0,18,48,44,0,167,0,5,0,0,27,6,23,17,54,5,0,0,6,0,0,95,46,43,242,0,0,0,0,0,107,0,0,0,116,36,8,2,0,32,0,46,0,40,255,0,0,0,0,56,0,0,8,7,33,0,0,0,0,0,0,0,0,0,6,21,0,12,0,0,21,23,0,0
,825,782,832,756,769,752,39,127,87,16,15,22,0,10,22,0,30,16,28,3,1,0,0,17,0,62,50,0,0,0,12,0,23,32,28,28,40,83,19,103,0,20,0,3,102,17,108,20,0,0,0,0,0,13,0,0,0,85,42,37,0,0,18,0,28,18,12,3,3,80,1,0,112,0,1,24,85,10,0,18,0,196,3,0,0,0,0,5,0,0,47,19,0,6,108,0,0
,830,568,579,534,535,554,0,104,71,9,19,38,0,29,14,11,20,20,11,10,64,0,18,0,13,33,56,0,0,0,0,316,3,143,61,19,46,58,32,0,13,25,14,28,157,55,23,0,0,0,0,0,0,158,0,18,0,44,55,10,0,0,0,0,66,0,34,0,0,43,0,0,96,0,0,61,6,45,0,84,0,0,0,0,0,0,18,6,53,0,210,24,0,0,36,0,0
,835,479,457,412,437,414,0,89,28,1,14,12,0,0,0,0,21,0,0,35,1,0,98,53,0,102,115,0,0,0,9,34,97,21,453,49,89,91,56,0,0,0,0,0,132,63,147,140,0,0,0,0,0,0,0,37,0,75,62,21,0,96,0,0,100,0,0,5,6,47,21,0,54,0,0,110,21,24,0,0,85,0,0,0,0,0,0,3,0,0,51,81,0,17,0,0,0
,840,350,400,334,335,319,78,70,29,0,0,22,0,45,2,8,7,0,0,54,0,0,99,31,0,161,75,0,0,0,31,135,0,81,192,21,161,230,0,0,0,50,245,0,68,206,210,111,0,0,0,0,0,0,0,0,202,96,160,32,25,74,9,47,72,0,0,0,16,135,253,0,39,0,0,81,21,45,0,24,0,0,0,0,0,0,146,27,0,0,66,97,0,20,295,0,0
,845,221,262,283,234,222,0,73,0,112,0,7,0,0,0,0,0,0,0,16,0,0,7,50,0,88,194,0,0,0,193,0,66,135,280,115,259,269,0,0,0,0,0,65,345,179,346,177,0,0,44,0,0,0,0,89,0,154,225,50,216,0,0,20,164,0,0,0,15,251,0,0,95,0,83,103,0,74,0,46,0,0,118,0,0,0,0,273,172,0,148,44,0,265,189,0,0
,850,158,210,164,130,176,0,68,0,0,0,35,0,0,46,0,40,0,0,14,51,160,128,0,0,323,323,0,0,0,179,45,0,357,370,13,1249,92,0,0,26,0,0,0,270,249,123,338,0,0,0,0,0,0,0,0,0,233,184,261,0,156,0,0,330,0,0,0,277,0,0,0,107,106,0,0,0,0,0,20,0,0,0,97,0,0,0,1,225,0,252,133,0,16,73,0,0
,,,,,,,,,,,,,,,,,,,,,,,,,,,,,,,,,,,,,,,,,,,,,,,,,,,,,,,,,,,,,,,,,,,,,,,,,,,,,,,,,,,,,,,,,,,,,,,,,
Read 41:EM Spectrum,,,,,,,,,,,,,,,,,,,,,,,,,,,,,,,,,,,,,,,,,,,,,,,,,,,,,,,,,,,,,,,,,,,,,,,,,,,,,,,,,,,,,,,,,,,,,,,,,
,,,,,,,,,,,,,,,,,,,,,,,,,,,,,,,,,,,,,,,,,,,,,,,,,,,,,,,,,,,,,,,,,,,,,,,,,,,,,,,,,,,,,,,,,,,,,,,,,
,Wavelength,A1,A2,A3,A4,A5,A6,A7,A8,A9,A10,A11,A12,B1,B2,B3,B4,B5,B6,B7,B8,B9,B10,B11,B12,C1,C2,C3,C4,C5,C6,C7,C8,C9,C10,C11,C12,D1,D2,D3,D4,D5,D6,D7,D8,D9,D10,D11,D12,E1,E2,E3,E4,E5,E6,E7,E8,E9,E10,E11,E12,F1,F2,F3,F4,F5,F6,F7,F8,F9,F10,F11,F12,G1,G2,G3,G4,G5,G6,G7,G8,G9,G10,G11,G12,H1,H2,H3,H4,H5,H6,H7,H8,H9,H10,H11,H12
,500,1,1,1,1,1,2,3,2,3,3,5,14,8,2,5,5,6,5,2,16,15,17,19,22,15,13,15,18,19,22,25,21,22,25,19,22,14,18,17,11,15,14,19,13,11,11,12,19,2,12,12,2,10,18,1,12,12,10,11,17,10,9,11,14,11,11,18,16,17,7,18,11,4,20,11,11,3,7,6,28,7,10,3,6,9,4,8,15,8,2,41,50,8,12,41,46
,505,1,1,1,1,1,3,3,3,3,3,6,12,6,2,3,3,5,5,3,16,13,13,19,22,14,11,18,23,18,20,22,23,16,23,16,21,12,11,18,11,19,14,14,13,15,16,10,19,2,9,8,2,11,13,2,11,16,10,12,16,15,18,10,14,11,12,17,10,17,9,12,8,4,19,10,7,3,7,7,25,10,16,3,9,12,4,11,8,14,2,96,91,7,21,79,85
,510,1,0,1,0,1,2,3,3,2,4,5,12,8,2,3,4,4,5,1,14,11,13,17,21,16,14,11,16,24,19,26,24,19,22,14,21,15,12,17,14,11,13,15,12,9,14,10,16,2,8,10,2,15,13,1,10,10,10,7,14,9,8,9,13,15,9,17,20,16,7,17,10,4,16,13,7,3,6,5,18,7,18,3,6,12,4,7,9,10,3,199,198,7,20,162,188
,515,1,0,1,1,1,3,3,2,3,2,3,13,7,3,3,3,6,4,1,14,11,11,18,19,17,11,15,18,22,23,24,21,14,19,18,22,17,11,15,9,17,13,14,16,7,14,13,14,2,8,7,2,12,18,2,16,11,10,7,14,9,8,9,9,12,12,9,9,16,6,19,8,5,19,13,9,3,7,8,17,10,18,3,7,13,4,9,12,12,3,502,498,12,43,391,464
,520,1,1,1,0,1,1,2,2,2,2,3,11,7,2,4,4,2,3,1,11,12,11,18,16,11,13,13,22,16,18,22,18,13,23,14,14,16,12,13,13,11,22,12,11,10,13,16,14,2,7,10,1,9,16,1,10,17,14,11,11,9,9,10,15,11,16,12,16,17,9,25,10,3,17,8,9,3,6,7,25,11,22,5,11,13,6,12,23,22,5,1080,1062,16,73,844,954
,525,0,1,1,0,1,1,2,1,3,2,5,12,5,2,4,3,3,4,2,14,14,10,17,19,15,10,13,21,22,21,15,22,18,18,13,16,11,17,10,13,15,17,19,9,7,10,17,13,2,7,10,2,9,16,2,23,14,16,11,12,16,17,13,11,18,18,17,9,13,7,19,11,3,23,14,7,2,5,7,25,10,25,5,15,20,10,18,35,31,5,1952,2001,19,117,1543,1835
,530,0,0,0,1,1,1,1,2,1,2,3,10,4,1,2,4,2,3,2,13,11,13,11,17,11,9,14,16,21,22,19,16,12,21,18,17,14,15,11,10,12,15,13,21,11,9,13,15,3,11,11,2,11,18,2,12,17,23,14,22,23,23,18,18,22,24,22,16,19,13,23,13,4,16,12,10,2,8,6,26,16,54,8,29,37,19,35,62,45,10,3666,3708,38,244,2907,3322
,535,0,0,1,0,1,2,2,1,1,3,4,10,4,1,1,4,4,4,3,10,9,16,11,16,10,8,13,25,25,21,28,31,22,22,23,31,16,19,13,11,18,15,16,14,10,18,20,28,4,14,9,2,15,19,3,26,32,32,25,35,29,33,40,33,28,29,31,25,21,19,27,15,5,19,17,9,3,7,9,36,29,97,18,49,72,33,70,116,91,21,5391,5544,75,414,4284,5045
,540,0,0,1,0,1,2,1,1,2,2,4,10,4,2,2,3,2,2,3,8,12,8,15,13,11,11,11,22,33,41,29,28,25,32,28,46,22,16,23,19,24,25,25,27,13,27,21,33,6,18,17,4,26,36,4,34,53,50,38,53,47,56,54,56,53,49,48,49,40,27,41,25,7,28,29,13,4,11,10,38,45,143,28,79,113,51,95,157,142,31,6742,6489,111,575,5137,6251
,545,0,0,0,0,0,2,2,1,1,2,3,6,5,1,3,1,3,1,3,8,7,11,14,16,13,10,12,31,45,43,47,39,39,51,42,76,33,28,27,21,26,26,29,35,24,41,32,51,7,21,18,4,31,45,6,60,76,69,53,78,73,85,86,82,82,81,59,62,61,40,70,31,10,32,45,19,6,12,14,47,69,202,37,97,149,67,138,239,173,41,6922,6675,150,670,5370,6209
,550,0,0,0,0,1,1,2,2,2,2,4,5,5,1,1,3,3,3,2,7,5,10,15,28,15,6,12,55,72,76,83,72,76,80,67,115,65,45,41,38,47,40,42,44,31,61,54,77,12,30,30,7,57,62,9,88,112,95,80,108,101,119,113,127,104,114,86,81,84,63,91,43,11,44,71,23,7,15,17,62,83,252,44,128,176,83,165,261,209,48,6534,6235,179,665,4914,5659
,555,0,0,1,0,1,1,1,1,1,2,2,5,3,1,2,4,2,1,2,8,7,11,21,37,29,10,13,119,139,160,167,138,144,165,107,224,105,80,70,55,67,68,64,69,43,87,79,114,15,56,47,11,75,86,12,113,153,124,101,142,129,156,151,160,139,150,128,120,121,78,134,63,13,51,95,29,8,19,19,87,105,250,51,126,185,90,170,279,205,48,5155,4982,183,614,4017,4752
,560,0,0,0,0,1,1,1,1,1,2,1,6,3,1,2,1,2,2,2,8,13,14,24,74,57,13,21,249,263,314,319,258,264,313,189,418,181,134,110,85,95,100,93,98,66,111,109,160,18,68,57,13,96,116,15,141,176,150,114,160,152,199,188,199,180,205,168,170,158,95,179,80,18,56,126,37,8,21,21,86,109,239,47,120,176,86,160,255,188,46,3776,3587,182,487,2864,3287
,565,0,0,0,0,0,1,1,1,1,1,2,6,3,0,1,2,2,2,1,8,11,18,35,120,97,15,31,400,408,494,502,431,401,480,272,592,261,184,141,112,125,133,111,112,77,135,127,186,20,83,67,16,114,133,16,153,185,158,121,163,171,212,214,222,207,230,198,198,184,111,214,88,17,57,152,35,9,21,20,93,115,195,42,111,149,77,138,217,161,38,2718,2499,158,402,2011,2357
,570,0,0,0,0,0,1,1,1,2,1,1,7,2,1,2,1,2,1,1,14,14,28,56,204,156,25,53,639,621,771,785,646,574,715,394,813,352,247,187,144,153,154,141,140,92,165,158,237,22,85,72,17,111,133,17,155,187,165,121,173,177,233,236,256,236,264,235,225,212,122,236,101,17,56,170,39,9,20,21,77,95,160,34,86,113,62,111,170,132,31,1776,1697,122,274,1392,1575
,575,0,0,1,0,1,1,1,1,1,0,1,9,5,1,1,1,2,1,1,12,25,51,97,349,274,43,92,1007,897,1126,1146,933,773,998,514,1073,480,337,258,194,185,188,169,170,120,201,198,274,20,91,74,17,122,138,16,154,181,163,131,168,179,258,256,281,266,303,276,250,231,131,240,102,15,51,172,31,7,17,15,65,81,113,24,60,81,47,79,119,89,21,1078,963,85,183,806,934
,580,0,0,0,0,0,1,0,1,0,0,1,12,3,1,1,1,1,1,0,18,44,92,170,572,452,80,167,1384,1212,1492,1514,1264,1008,1248,649,1319,629,434,316,252,242,244,220,218,145,253,253,344,19,96,71,17,116,133,16,164,179,170,141,187,207,285,286,310,306,314,295,259,224,126,221,94,12,37,165,25,5,14,13,50,60,77,16,41,55,30,53,83,62,14,597,563,58,115,489,549
,585,0,0,0,0,0,1,1,0,2,2,1,20,4,2,1,1,1,1,0,31,83,162,289,881,687,140,275,1730,1408,1740,1812,1490,1137,1373,790,1377,726,526,397,324,297,306,269,260,171,300,303,408,19,106,78,18,118,130,17,164,191,191,159,192,216,307,305,340,308,324,266,238,210,104,184,79,9,28,134,19,4,12,10,37,40,49,12,28,37,20,36,53,48,9,351,324,38,70,249,282
,590,0,0,1,0,0,0,0,1,1,1,1,33,4,0,1,1,1,1,0,50,125,248,424,1158,915,213,383,1917,1472,1828,1915,1559,1183,1375,816,1350,774,582,428,351,336,351,306,298,194,335,341,428,21,118,78,19,118,124,18,168,201,211,167,212,229,311,304,325,291,294,237,215,172,82,147,62,6,20,112,15,3,9,7,30,30,37,8,21,26,14,30,36,30,6,226,199,27,52,175,181
,595,0,0,0,0,0,0,0,1,1,0,2,53,6,1,1,1,2,1,1,80,203,369,615,1433,1210,319,545,1932,1418,1804,1865,1591,1143,1244,793,1187,764,586,447,390,379,390,322,330,207,369,351,438,22,137,81,21,133,131,18,177,221,221,176,228,234,288,273,289,264,240,200,164,143,64,113,47,5,28,86,12,2,6,5,24,21,35,6,16,18,10,21,27,23,5,137,122,22,32,103,118
,600,0,0,0,0,0,0,0,1,0,0,2,99,11,0,1,1,1,1,0,147,319,578,897,1696,1483,500,817,1765,1257,1548,1613,1351,1008,1066,699,968,694,549,431,373,379,379,349,342,217,362,339,398,23,155,88,23,139,133,20,187,223,234,171,229,214,239,224,231,197,184,139,119,97,44,76,34,4,13,59,9,2,4,4,17,17,22,4,11,20,7,15,15,18,4,80,89,12,21,66,87
,605,0,0,0,0,0,2,0,0,0,0,4,183,20,0,1,1,2,1,0,230,500,829,1236,1789,1728,742,1126,1419,1007,1244,1271,1101,773,773,571,703,533,455,377,332,354,350,342,329,195,334,310,344,24,180,96,25,156,139,20,184,208,208,151,210,182,176,165,163,138,137,96,84,64,27,55,23,3,8,42,10,1,3,3,13,11,14,3,9,10,6,12,13,19,3,49,47,11,16,37,37
,610,0,0,0,0,0,0,1,0,0,0,5,290,32,0,1,1,2,1,0,352,684,1117,1519,1757,1837,1005,1483,1166,799,973,966,841,584,612,429,528,424,350,303,280,322,312,297,295,177,290,257,280,24,194,98,26,164,151,21,166,177,192,129,183,148,133,120,128,98,96,70,56,51,24,35,17,2,7,36,4,1,3,3,21,9,10,2,8,10,4,8,10,10,2,32,27,6,9,25,29
,615,0,0,0,0,0,0,0,0,0,0,9,458,54,0,1,1,3,1,0,495,902,1383,1789,1648,1831,1287,1821,894,619,743,751,676,463,463,319,397,332,274,252,227,274,263,256,242,153,236,214,234,21,193,99,27,159,136,19,153,158,159,108,149,117,100,90,87,72,67,57,45,38,18,29,15,2,4,25,4,1,2,1,10,9,12,2,7,5,3,8,18,8,1,24,22,4,8,19,16
,620,0,0,0,0,0,0,0,1,0,1,16,717,91,0,4,1,3,2,0,727,1167,1714,2013,1431,1735,1625,2132,648,444,533,526,462,311,335,220,273,226,199,193,173,207,195,197,188,115,187,162,168,18,177,90,25,139,126,17,115,129,117,75,114,88,61,63,67,57,51,39,29,29,14,31,17,2,6,19,2,1,1,3,7,6,9,2,5,7,2,6,3,7,1,15,13,4,5,16,13
,625,0,0,0,1,0,0,1,0,0,1,29,1073,158,0,1,2,6,2,0,1001,1376,1932,2056,1125,1443,1897,2315,469,309,398,389,351,220,237,161,185,152,142,125,120,157,137,143,137,85,131,118,117,13,150,77,21,115,92,11,85,93,83,48,80,59,49,45,41,38,40,29,31,20,11,12,9,1,3,13,1,1,1,1,8,7,7,3,6,4,2,7,1,7,1,10,8,3,8,12,10
,630,0,0,0,0,0,0,1,1,0,1,54,1495,258,0,4,3,12,4,0,1244,1575,2047,1996,858,1189,2156,2387,370,228,281,286,263,149,192,103,132,111,107,94,78,105,97,108,102,62,100,82,82,10,121,60,15,88,65,8,59,61,58,38,50,42,38,31,29,28,25,18,17,19,10,9,9,1,3,19,2,1,0,0,6,4,6,2,4,3,2,5,1,5,1,5,9,1,2,13,4
,635,1,0,1,0,0,1,1,1,0,2,84,1838,379,1,5,5,13,7,0,1447,1640,2028,1848,718,1005,2181,2260,291,190,243,235,217,120,145,84,103,92,71,66,62,88,79,81,79,50,71,59,61,8,95,46,13,71,56,6,43,43,42,26,42,29,25,25,25,23,20,16,21,14,7,7,13,1,13,9,2,0,0,0,5,4,7,1,5,3,7,6,0,7,0,6,7,1,2,9,3
,640,0,0,0,0,1,1,1,1,1,2,140,2178,559,1,10,9,22,11,0,1594,1632,1897,1625,559,781,2146,1972,255,146,183,188,173,82,122,59,78,57,50,50,42,65,53,64,55,34,45,46,47,6,67,37,9,50,44,4,32,34,31,20,28,24,19,19,18,22,23,15,9,9,8,3,5,1,3,6,1,0,0,0,2,4,5,1,4,1,2,14,0,6,0,5,6,1,0,7,18
,645,0,0,0,0,0,1,2,2,1,4,223,2424,785,2,15,14,40,17,0,1724,1567,1680,1321,475,580,1948,1683,212,117,158,153,152,62,96,44,62,41,42,38,30,47,38,45,41,27,34,29,31,4,49,26,7,35,26,3,23,23,21,12,23,15,24,14,14,13,12,9,5,10,5,6,9,1,0,8,1,0,0,0,5,3,7,1,4,3,1,3,0,6,1,3,1,3,0,26,4
,650,0,0,0,0,1,2,3,5,3,7,367,2509,1110,3,27,26,69,36,0,1741,1385,1407,1080,398,445,1657,1258,180,88,129,131,110,49,72,33,43,30,28,27,25,32,27,32,25,19,24,17,27,3,41,19,5,26,20,2,14,18,16,11,13,15,8,11,5,12,11,9,17,8,6,0,5,0,3,3,2,3,0,0,0,2,4,0,5,2,2,5,14,6,0,3,2,0,0,4,20
,655,1,0,1,0,1,3,6,6,4,12,533,2574,1391,6,43,41,104,50,0,1666,1268,1193,885,353,378,1420,994,168,69,103,103,88,43,58,22,41,23,18,22,22,23,18,25,33,16,14,14,19,2,21,14,3,23,14,2,6,18,13,9,14,8,5,9,20,7,11,6,1,6,12,0,5,0,1,4,0,0,5,0,6,3,6,1,6,0,1,6,0,6,0,0,0,1,0,9,0
,660,0,0,1,0,1,3,9,11,7,18,740,2421,1699,9,69,64,168,80,0,1540,1128,999,717,315,304,1191,774,137,62,87,88,79,31,50,25,30,19,19,16,17,18,15,19,15,12,10,27,12,2,15,20,3,16,8,1,7,12,12,6,4,7,2,11,2,11,23,3,22,7,7,3,12,0,3,5,0,0,0,0,2,3,6,1,6,1,2,3,0,7,0,6,0,0,0,2,0
,665,0,1,2,1,1,7,13,16,12,32,1049,2222,2045,16,111,107,266,125,0,1374,961,828,580,277,249,964,568,115,50,69,68,58,29,43,18,25,34,10,17,12,11,11,12,12,11,8,2,16,1,14,9,2,16,7,1,4,8,9,3,6,6,4,4,3,9,9,4,0,7,6,0,5,0,0,1,1,0,0,0,0,2,1,1,6,1,0,14,0,5,0,2,3,3,0,30,1
,670,1,2,4,2,3,12,24,28,19,54,1471,1887,2381,27,186,175,441,215,0,1185,836,636,460,229,182,731,386,98,37,57,56,71,22,30,12,20,7,14,26,11,10,27,13,7,10,4,8,14,3,10,6,1,5,2,0,2,8,8,5,1,7,0,3,0,6,6,0,0,5,6,0,3,1,2,3,0,0,0,0,5,4,7,1,6,3,1,5,0,6,0,4,0,0,0,7,26
,675,2,3,4,3,3,20,39,46,32,88,1952,1690,2709,44,290,261,659,323,0,1015,706,522,358,195,148,588,288,80,35,44,44,38,15,49,33,19,12,8,10,24,9,8,10,6,9,1,2,12,1,5,6,1,6,1,1,0,4,5,3,1,4,0,2,0,6,2,0,0,7,6,0,5,0,4,4,2,0,0,0,5,1,3,1,5,0,1,8,0,5,0,0,24,0,0,10,0
,680,1,5,6,5,6,32,59,71,47,133,2407,1469,2905,64,422,383,985,478,0,831,587,420,277,162,114,437,225,60,26,33,40,30,14,18,27,20,28,5,10,9,3,24,6,3,9,0,0,9,0,22,5,2,4,0,0,4,4,9,2,7,2,0,2,0,26,5,0,0,6,7,0,4,0,1,0,2,0,0,0,0,2,7,1,5,0,0,5,0,18,0,0,3,0,0,30,0
,685,1,8,9,8,9,48,94,112,73,201,2911,1357,3084,97,635,553,1346,699,0,675,474,319,213,131,84,327,183,51,23,32,29,31,10,20,10,18,7,4,8,5,9,5,11,7,9,0,0,1,0,7,6,2,4,2,0,0,4,11,1,0,1,0,2,0,0,4,0,0,6,6,0,4,0,5,0,1,0,7,0,0,17,8,0,4,0,2,5,0,6,0,0,1,0,0,8,0
,690,2,12,13,13,14,78,152,176,114,309,3460,1364,3179,149,863,770,1846,975,0,536,375,245,171,101,64,254,113,45,17,20,20,18,4,19,0,15,2,3,8,3,3,4,7,0,5,0,0,6,0,3,3,2,3,0,0,24,5,3,2,0,0,0,9,0,1,1,2,0,1,22,0,5,0,0,2,0,0,0,0,11,5,5,1,8,0,0,4,0,3,0,31,0,0,0,8,0
,695,4,20,22,22,23,125,253,292,186,484,4038,1467,3194,240,1235,1114,2482,1369,3,392,275,182,130,76,45,181,91,35,16,26,17,15,8,19,5,11,8,0,12,6,2,0,7,3,11,0,0,4,1,5,5,1,6,1,0,10,0,2,19,0,1,0,0,22,5,2,0,0,4,6,0,7,0,0,0,0,0,0,0,0,4,4,1,4,4,0,5,0,6,0,0,0,1,0,15,3
,700,6,34,35,34,35,190,404,467,267,696,4488,1545,3060,344,1601,1393,3057,1789,0,305,213,134,97,51,33,142,72,37,13,21,5,6,6,8,32,11,0,2,5,9,33,0,4,0,10,0,0,6,1,2,5,1,2,0,0,0,4,2,0,2,0,0,0,14,0,3,0,0,5,6,0,8,1,0,2,0,0,0,0,2,3,8,1,7,0,0,8,0,35,0,0,0,0,0,2,0
,705,9,49,53,56,55,262,602,720,390,966,4651,1631,2798,470,1985,1720,3454,2136,4,223,163,105,78,45,27,103,62,27,16,18,12,12,9,6,8,11,2,0,17,28,3,5,4,0,9,0,0,10,6,21,6,2,7,0,0,3,34,2,0,0,5,0,0,0,12,4,0,0,10,4,0,9,4,2,4,1,0,0,0,0,4,11,1,11,4,7,6,0,8,1,0,24,0,0,14,1
,710,13,74,80,81,80,359,872,1056,503,1184,4615,1662,2423,606,2188,1924,3687,2491,0,163,110,80,63,65,16,71,41,26,7,11,4,6,6,12,0,6,0,0,6,14,0,2,4,0,5,0,0,8,0,0,8,1,12,0,0,0,2,0,0,0,0,0,7,0,3,4,0,0,2,25,0,2,1,4,5,0,0,0,0,0,6,10,1,10,1,1,29,0,2,0,0,0,0,0,6,0
,715,21,120,128,125,128,501,1363,1617,659,1435,4124,1557,1802,789,2335,2001,3587,2523,0,101,64,46,49,23,18,50,34,16,9,9,28,7,2,8,0,7,0,0,12,4,8,0,0,11,7,0,0,0,0,5,16,1,1,0,0,0,0,0,0,0,7,0,4,0,1,2,0,1,2,6,0,6,0,0,3,0,0,7,0,0,2,6,0,16,0,1,3,0,5,0,0,0,0,0,8,0
,720,30,177,182,188,187,631,1921,2288,796,1575,3619,1384,1384,886,2334,2002,3458,2565,0,84,48,38,34,21,13,42,31,13,4,2,9,0,0,9,1,5,0,0,6,2,2,5,0,0,5,0,0,2,0,0,4,1,6,0,0,0,2,0,0,0,3,0,4,0,5,0,0,0,7,5,0,4,0,0,5,2,0,0,0,4,3,6,1,8,1,1,4,0,1,0,0,5,0,0,4,0
,725,43,252,266,266,272,740,2622,3031,946,1731,3140,1222,1121,1038,2303,2004,3326,2545,0,55,40,27,32,20,5,36,29,11,10,14,0,0,1,2,0,8,0,0,11,27,0,0,4,0,6,0,0,9,0,3,4,1,0,1,0,0,5,0,0,0,0,0,1,0,8,5,0,0,4,6,0,3,0,4,1,1,0,0,0,6,0,0,1,6,0,0,8,0,9,0,0,42,0,0,2,0
,730,64,367,391,392,399,919,3485,3857,1051,1858,2696,1032,897,1145,2287,1980,3146,2480,0,52,30,26,24,15,4,29,17,19,8,4,0,3,32,5,34,6,0,0,13,2,0,0,12,0,6,0,0,6,0,0,5,1,6,0,0,0,4,0,0,0,0,0,0,15,7,2,0,24,1,7,0,7,0,4,2,0,0,0,0,0,4,4,0,11,0,0,2,0,10,0,0,0,0,0,14,0
,735,100,563,588,593,598,1048,4503,4866,1176,1917,2186,860,695,1302,2245,1942,2909,2460,0,40,26,24,23,17,0,43,18,9,5,8,0,5,0,1,0,10,0,0,15,36,32,3,5,0,3,0,0,3,1,1,5,0,1,0,0,0,1,0,0,0,29,0,0,0,13,1,0,0,5,9,0,7,0,0,0,0,0,0,0,0,23,7,1,30,0,0,4,0,1,0,0,0,0,20,9,0
,740,159,893,918,943,959,1211,5510,5707,1281,1875,1608,609,474,1349,2032,1846,2523,2258,0,41,10,12,19,19,0,16,16,5,2,13,0,0,43,0,0,13,0,0,10,4,0,0,4,0,6,0,0,8,0,1,5,1,31,0,0,0,0,2,0,0,0,0,0,0,5,2,1,0,3,9,0,7,0,1,3,0,0,0,0,0,8,14,1,10,0,0,14,40,2,0,0,0,0,0,4,0
,745,219,1281,1326,1359,1351,1270,5964,5969,1265,1827,1220,485,372,1368,1948,1701,2191,2055,0,27,8,10,61,13,0,14,15,13,5,4,0,0,0,3,0,9,0,3,14,5,14,0,0,0,13,0,0,53,0,1,6,1,11,0,0,3,53,0,0,0,0,0,6,0,7,0,0,0,0,11,0,9,0,0,7,0,0,0,0,6,6,0,0,15,2,2,16,0,19,0,0,4,0,0,5,2
,750,307,1737,1807,1836,1833,1274,6026,5950,1260,1719,924,367,271,1369,1672,1496,1893,1779,0,27,3,10,23,60,0,15,14,9,55,6,0,43,0,0,0,69,0,0,12,11,0,0,6,0,6,0,0,3,0,2,7,1,7,0,0,0,9,9,0,0,1,0,0,12,5,0,1,0,63,13,0,15,1,5,11,0,0,0,13,0,5,13,0,31,0,0,43,0,51,0,0,0,0,0,28,0
,755,431,2382,2479,2519,2526,1179,5704,5468,1163,1477,640,248,191,1207,1427,1188,1463,1561,0,13,0,11,18,11,0,8,13,9,10,5,0,0,0,1,0,19,0,0,15,0,0,0,0,0,12,32,0,3,0,0,4,11,0,0,0,0,65,0,0,0,0,0,5,0,4,13,42,0,30,15,0,10,9,0,0,0,0,0,0,4,3,13,14,10,0,0,4,0,3,0,0,0,0,0,95,0
,760,622,3236,3306,3386,3318,1118,5239,4771,1085,1323,465,191,152,1132,1141,950,1107,1252,2,54,6,3,25,20,0,15,16,24,9,16,0,0,0,81,0,16,0,0,33,13,0,0,14,0,16,38,0,40,0,0,0,3,9,0,0,0,0,2,0,0,0,0,2,0,6,2,0,0,9,19,0,15,0,0,3,0,0,0,0,4,13,37,0,16,0,2,13,0,10,0,0,14,3,69,2,0
,765,839,4049,4139,4233,4116,966,4343,3949,910,1093,315,133,101,935,882,721,784,901,0,18,0,4,14,8,0,6,14,24,0,8,0,0,0,10,0,12,0,2,1,13,0,2,3,63,16,0,0,0,0,0,4,12,7,0,0,0,19,2,0,0,0,0,2,0,0,0,0,0,1,18,0,13,0,0,31,0,0,0,0,5,8,17,2,16,0,0,65,0,14,2,0,2,0,0,27,0
,770,1074,4654,4775,4773,4740,817,3572,3315,778,883,238,98,97,766,648,556,582,666,0,15,0,63,26,17,0,2,17,13,3,7,0,14,0,9,72,6,0,0,15,14,13,0,4,0,24,0,0,63,0,0,2,1,0,0,0,0,7,0,0,0,0,0,7,33,5,7,0,0,4,18,0,4,1,0,0,0,0,0,20,0,0,23,0,20,0,8,11,0,11,0,0,104,0,0,2,0
,775,1299,5121,5143,5187,5114,672,3012,2682,654,718,182,80,67,652,487,421,447,553,0,9,0,0,15,26,0,24,11,14,16,2,0,0,0,7,2,15,0,1,22,24,0,0,0,0,16,0,0,27,2,54,14,2,6,0,0,0,3,0,0,0,0,0,0,0,8,0,0,0,19,26,0,17,0,0,0,0,0,0,0,6,9,15,6,15,0,7,14,0,33,0,0,0,5,0,0,0
,780,1577,5183,5152,5254,5187,494,2273,1930,483,500,124,59,44,448,364,287,310,378,0,51,0,0,104,13,0,6,13,105,12,3,0,0,0,5,0,7,0,0,4,2,16,0,12,41,26,0,0,0,0,0,5,3,79,0,0,0,6,3,0,0,0,0,5,0,6,0,0,0,0,5,0,17,1,0,0,5,0,0,0,3,5,8,3,17,0,0,15,0,101,0,0,0,0,0,36,0
,785,1754,4892,4889,4946,4849,350,1653,1431,335,354,88,46,39,300,265,192,221,254,0,16,0,0,29,17,0,2,5,33,13,18,0,0,0,2,2,27,0,0,22,111,0,0,0,7,26,0,0,6,1,0,6,0,10,0,0,0,1,0,0,0,0,0,12,0,7,3,0,0,5,95,0,3,1,0,0,0,0,0,0,0,7,18,3,25,0,24,14,0,28,0,0,0,0,0,173,0
,790,1956,4437,4324,4502,4388,262,1234,1057,253,255,66,63,26,234,176,154,173,195,0,10,0,0,27,21,0,11,1,22,23,9,0,0,0,6,9,2,0,0,15,5,10,0,11,0,26,0,0,19,0,0,10,0,11,0,0,0,7,7,0,0,6,0,0,53,11,0,0,0,12,28,0,16,0,0,77,0,0,0,0,35,21,2,2,47,0,4,18,0,30,0,0,0,0,0,169,113
,795,1980,3999,3905,3918,3773,182,915,815,191,185,52,48,22,166,137,116,106,142,0,8,0,12,37,23,0,22,16,2,32,25,12,0,0,25,0,28,0,0,0,8,4,0,15,0,26,0,0,0,0,4,26,4,5,0,0,0,0,0,0,0,0,0,0,0,46,11,0,0,6,20,0,9,0,22,3,0,0,0,0,17,109,14,5,25,0,3,27,0,52,1,51,3,0,0,36,0
,800,1966,3294,3214,3248,3079,155,664,563,166,133,32,106,15,124,106,78,98,99,0,0,83,34,16,25,0,0,0,18,1,11,0,0,0,6,0,10,0,0,24,75,18,0,136,2,24,0,0,0,1,0,33,0,9,0,0,0,46,1,7,112,0,0,133,0,25,4,0,0,7,35,125,29,0,0,7,0,0,0,0,0,0,36,4,109,0,3,38,0,11,2,0,0,0,0,29,0
,805,1793,2504,2405,2427,2334,82,430,374,70,90,27,4,26,83,62,53,70,72,0,17,0,0,57,19,0,23,16,31,0,54,0,0,0,3,0,15,0,0,51,20,0,7,0,0,31,0,0,20,0,0,5,23,0,0,0,0,9,0,0,0,0,0,0,0,0,0,0,0,44,10,0,23,2,0,0,91,23,0,0,0,36,7,0,26,3,0,25,0,43,0,0,0,0,0,32,0
,810,1576,1956,1919,1915,1843,61,319,279,66,62,15,47,8,54,36,33,55,90,0,31,0,0,30,33,4,9,0,48,19,18,0,0,164,0,0,45,4,5,0,0,0,0,3,0,134,0,0,13,0,35,9,4,11,0,0,0,0,71,0,0,149,0,0,0,20,0,0,0,8,33,0,107,0,0,23,3,3,0,0,11,0,40,5,44,26,8,24,0,116,0,9,4,0,222,22,19
,815,1288,1550,1466,1479,1417,91,228,208,45,45,19,34,9,43,42,24,37,30,26,17,0,0,40,41,0,13,0,61,1,63,0,0,0,8,3,37,0,0,64,0,0,0,49,0,25,0,87,4,26,0,0,7,41,0,0,0,35,73,0,0,13,0,0,0,51,10,0,0,0,30,0,26,0,0,0,6,0,0,0,46,31,29,5,53,0,2,54,0,45,0,0,0,0,0,12,0
,820,1036,1161,1065,1116,1031,31,160,138,22,32,1,20,1,31,24,17,42,28,28,0,0,26,53,60,0,7,5,30,252,0,0,0,0,4,0,65,0,0,25,21,0,0,0,0,38,0,0,0,0,23,18,8,0,0,0,0,0,0,0,0,0,150,0,0,0,0,0,0,0,28,0,13,0,0,15,0,0,29,0,6,13,73,5,41,0,12,13,0,51,0,0,12,0,0,50,0
,825,756,815,769,785,761,23,124,100,11,23,9,31,2,13,18,8,26,23,0,27,0,26,29,37,0,49,39,57,21,13,0,0,0,11,0,85,0,203,75,46,0,0,0,0,53,0,0,0,0,0,9,0,0,0,0,0,34,0,0,0,0,0,297,0,57,0,0,0,64,34,0,16,0,1,0,0,0,0,0,0,35,26,7,30,4,0,10,0,80,42,0,23,0,0,50,0
,830,555,586,572,546,539,5,118,72,13,0,0,54,0,0,27,0,35,6,1,10,0,0,76,93,0,23,0,14,179,41,0,0,0,14,0,32,319,44,30,46,8,0,45,0,67,116,0,295,44,0,26,1,0,0,0,0,10,17,0,0,0,0,25,0,1,0,0,0,55,92,0,34,0,0,30,0,0,0,0,0,49,15,0,71,265,40,59,0,24,0,6,0,253,0,0,0
,835,453,462,432,459,418,11,58,71,4,0,0,54,7,12,28,0,27,28,0,27,0,0,139,2,1,39,120,76,14,0,16,0,0,0,0,55,0,0,51,54,0,0,0,0,87,0,0,44,0,0,29,28,0,0,0,0,59,129,245,0,0,0,10,0,98,84,0,0,0,79,0,70,0,0,1,0,0,75,81,81,26,94,15,114,0,0,134,0,98,0,0,0,0,0,0,0
,840,358,339,367,302,324,0,27,54,0,0,0,80,0,0,0,0,158,53,0,40,0,32,165,62,0,0,76,0,20,67,0,0,37,0,28,0,359,0,90,475,0,0,0,0,41,0,0,99,0,21,137,93,55,0,0,0,3,0,0,0,0,0,85,0,57,123,9,0,131,122,0,112,0,47,223,0,72,0,0,0,156,137,40,147,143,269,130,0,17,0,0,0,0,0,106,94
,845,232,228,227,200,223,0,0,40,0,0,0,144,62,0,0,0,78,0,0,33,0,0,314,78,0,776,103,183,251,336,0,0,0,0,0,1350,0,88,148,219,27,75,172,0,172,0,0,24,159,0,137,164,19,0,0,0,115,0,0,0,0,0,221,0,119,0,0,0,46,175,0,121,0,77,26,0,0,0,0,0,31,308,7,138,17,13,171,0,252,24,1302,0,0,0,63,0
,850,171,152,223,97,161,0,276,12,0,20,0,89,0,0,121,0,87,9,0,160,0,118,268,0,0,61,42,1094,0,0,0,0,0,0,75,169,0,0,294,391,0,0,152,0,362,0,0,84,0,226,116,38,0,0,166,0,189,50,46,0,0,0,177,0,103,0,0,0,260,260,0,223,105,0,0,0,0,0,0,0,235,180,288,306,0,137,274,0,295,257,0,0,0,0,408,0
,,,,,,,,,,,,,,,,,,,,,,,,,,,,,,,,,,,,,,,,,,,,,,,,,,,,,,,,,,,,,,,,,,,,,,,,,,,,,,,,,,,,,,,,,,,,,,,,,
Read 42:EM Spectrum,,,,,,,,,,,,,,,,,,,,,,,,,,,,,,,,,,,,,,,,,,,,,,,,,,,,,,,,,,,,,,,,,,,,,,,,,,,,,,,,,,,,,,,,,,,,,,,,,
,,,,,,,,,,,,,,,,,,,,,,,,,,,,,,,,,,,,,,,,,,,,,,,,,,,,,,,,,,,,,,,,,,,,,,,,,,,,,,,,,,,,,,,,,,,,,,,,,
,Wavelength,A1,A2,A3,A4,A5,A6,A7,A8,A9,A10,A11,A12,B1,B2,B3,B4,B5,B6,B7,B8,B9,B10,B11,B12,C1,C2,C3,C4,C5,C6,C7,C8,C9,C10,C11,C12,D1,D2,D3,D4,D5,D6,D7,D8,D9,D10,D11,D12,E1,E2,E3,E4,E5,E6,E7,E8,E9,E10,E11,E12,F1,F2,F3,F4,F5,F6,F7,F8,F9,F10,F11,F12,G1,G2,G3,G4,G5,G6,G7,G8,G9,G10,G11,G12,H1,H2,H3,H4,H5,H6,H7,H8,H9,H10,H11,H12
,500,1,1,1,1,1,4,2,2,3,4,8,16,10,4,5,3,4,5,0,16,15,18,17,20,21,16,14,23,19,25,19,19,17,24,15,20,14,13,12,14,13,14,16,19,13,10,3,20,11,15,14,9,7,5,7,12,15,12,3,11,12,9,19,16,13,15,11,16,12,4,19,11,26,6,14,17,30,14,18,10,4,3,17,15,9,11,6,12,17,11,44,41,8,12,37,48
,505,0,1,1,1,1,3,2,3,5,4,8,16,11,3,4,5,4,5,0,17,18,18,21,16,22,14,12,24,17,26,20,27,16,21,13,20,20,7,19,13,13,19,15,13,10,9,3,24,15,15,10,13,6,7,7,14,13,10,3,16,12,16,17,11,10,14,12,10,11,2,19,12,19,7,19,16,19,12,14,9,4,3,11,10,12,11,6,18,20,10,93,88,9,22,82,85
,510,0,1,1,1,1,4,2,1,4,5,9,16,9,3,4,4,4,5,0,18,19,16,19,16,21,15,17,24,18,18,28,25,20,22,17,22,14,11,18,9,15,12,14,14,12,7,3,19,15,9,13,14,4,7,5,11,9,14,3,10,11,11,17,15,9,16,11,9,10,2,18,10,21,7,17,15,21,10,16,9,5,2,11,27,16,10,6,20,11,19,183,204,14,20,155,174
,515,1,1,0,1,1,4,3,1,4,4,9,14,9,3,2,4,4,3,0,14,15,13,19,19,24,14,12,17,22,23,17,19,19,22,20,21,17,11,18,9,10,16,18,13,13,8,2,17,15,13,14,8,6,4,6,9,13,13,3,11,20,13,10,11,10,11,17,10,10,3,20,11,25,8,17,10,23,13,16,8,6,4,12,12,19,14,5,14,15,15,471,466,13,40,388,420
,520,0,1,1,0,1,3,2,2,4,3,9,10,9,2,4,4,3,5,0,17,18,12,16,17,19,11,14,18,16,18,23,22,14,15,12,17,18,12,19,11,16,12,17,16,12,7,2,12,10,9,9,9,7,5,4,12,8,14,3,16,16,18,18,12,9,21,18,10,18,4,15,15,18,9,11,11,23,9,13,9,4,5,21,20,25,29,7,24,22,20,987,1008,25,70,828,889
,525,0,1,1,1,1,2,1,1,3,4,6,10,7,3,4,4,4,3,0,13,12,15,16,13,18,10,9,15,24,23,17,19,18,15,21,22,18,7,16,11,9,16,17,18,8,6,2,13,12,13,13,9,7,4,7,9,15,14,3,13,19,14,20,24,16,20,13,11,18,4,14,16,19,5,15,16,25,13,22,8,7,5,28,27,36,32,10,31,32,32,1826,1914,29,127,1523,1652
,530,1,0,0,1,1,2,2,1,3,4,5,13,9,2,2,2,6,3,0,12,14,8,13,16,16,9,13,21,25,19,22,24,15,20,13,21,13,12,15,11,16,12,14,12,13,10,3,18,19,9,12,10,5,8,8,12,16,15,4,19,19,27,22,22,23,16,23,22,17,5,31,17,20,6,22,15,27,11,19,8,8,11,49,63,57,58,23,61,72,64,3490,3516,64,237,2827,3183
,535,0,0,0,0,0,2,2,2,2,4,4,12,6,3,3,2,4,3,0,10,9,14,15,11,12,7,8,24,25,22,26,21,20,27,17,40,17,13,18,11,14,16,21,22,17,17,4,24,20,18,15,18,9,8,9,23,31,27,8,35,33,36,42,49,33,33,33,30,26,8,37,27,35,7,25,16,40,13,22,11,18,22,84,116,107,92,40,119,128,106,5039,5210,109,414,4180,4660
,540,0,0,0,0,0,3,2,1,2,4,4,7,8,3,3,2,3,4,0,13,9,9,15,19,18,11,11,31,33,33,29,28,34,33,29,48,27,13,23,17,20,20,21,22,19,20,6,39,32,22,25,19,13,11,13,33,54,49,13,58,54,66,59,68,51,53,40,40,47,10,46,31,38,10,45,25,38,21,24,17,26,38,128,171,166,156,60,186,191,166,6392,6303,170,537,5111,5540
,545,0,1,0,0,0,3,1,2,2,2,4,10,7,3,1,3,3,2,0,9,10,7,11,22,18,7,8,44,49,46,44,43,46,51,39,80,39,20,30,24,27,34,32,39,32,26,9,64,53,31,33,27,16,20,22,52,80,72,20,82,76,89,87,91,69,74,64,68,69,17,73,51,55,13,66,31,51,22,31,19,37,49,182,243,215,221,84,257,236,223,6557,6614,224,633,5485,5723
,550,0,1,0,1,1,1,1,1,1,3,4,11,7,2,1,1,1,2,0,8,20,12,18,28,30,7,10,68,77,83,84,71,80,87,72,145,68,37,51,37,41,44,44,56,43,37,13,93,72,43,46,43,27,31,29,67,122,106,24,115,110,131,121,120,99,105,103,87,94,24,104,67,69,16,95,38,52,29,42,24,52,58,226,296,258,252,104,307,283,253,6219,5964,291,675,4924,5344
,555,0,0,0,0,0,2,1,1,2,2,7,6,5,2,2,2,2,2,0,10,12,14,25,61,54,12,20,140,149,173,176,155,163,168,123,273,133,61,75,52,73,69,75,81,65,56,18,139,107,67,70,68,36,43,42,92,148,138,32,145,138,160,156,171,129,139,138,130,127,32,144,98,85,21,131,47,64,34,44,27,61,60,234,324,272,283,106,299,289,275,5076,5115,275,595,4121,4308
,560,0,0,0,0,1,2,1,1,1,2,4,8,8,1,1,2,2,3,0,9,15,22,40,116,105,18,33,269,292,340,328,283,305,329,218,477,217,101,119,88,102,105,95,107,90,76,24,185,127,80,85,86,46,56,48,111,170,154,37,161,162,198,189,212,171,176,176,170,171,40,188,129,100,23,181,54,74,37,55,30,64,58,234,282,244,264,100,281,272,242,3643,3489,268,495,2908,3145
,565,0,0,0,0,0,1,1,1,1,2,2,11,6,1,1,1,1,2,0,11,19,36,60,197,169,29,53,449,444,536,524,446,453,511,310,690,305,133,154,116,124,132,119,129,110,89,29,227,127,90,95,97,51,58,55,119,186,163,38,167,172,213,213,227,199,203,205,200,210,47,219,144,105,23,223,55,74,36,49,30,65,47,199,256,221,234,87,243,234,208,2637,2459,226,380,2050,2336
,570,0,0,0,0,1,1,1,1,1,2,3,12,5,1,1,1,1,2,0,16,26,56,103,325,284,54,94,694,679,806,790,691,643,748,417,950,408,180,209,154,158,167,149,157,134,111,37,268,125,100,97,100,52,59,53,123,191,160,39,176,190,238,235,260,224,238,238,228,237,50,247,158,102,23,228,51,69,37,46,28,59,37,159,197,179,181,67,189,178,154,1774,1640,173,271,1382,1457
,575,0,0,0,1,0,1,1,0,1,1,4,20,6,1,3,1,2,1,0,22,55,102,185,553,459,92,150,1081,982,1199,1191,996,880,1022,565,1237,551,238,260,206,199,209,181,204,169,138,45,335,129,105,97,106,55,58,54,120,177,166,43,173,195,252,262,289,255,255,271,255,258,51,247,157,92,20,232,49,61,28,39,24,48,25,124,145,117,135,51,132,131,113,1059,968,124,189,808,890
,580,0,0,0,0,0,1,1,1,1,2,4,36,8,0,1,1,1,2,0,41,97,177,316,855,708,155,259,1483,1288,1550,1523,1299,1101,1227,725,1477,720,322,332,268,253,272,236,251,209,171,56,397,125,114,109,107,53,55,55,120,190,171,44,191,211,284,300,317,282,276,291,263,259,50,231,145,78,15,215,37,48,23,31,19,35,18,76,100,77,92,32,97,84,74,582,553,87,118,463,502
,585,0,0,0,0,0,1,0,0,1,1,8,67,12,1,1,1,1,2,0,76,166,320,522,1205,1053,276,412,1815,1467,1743,1775,1512,1244,1346,799,1503,823,373,403,315,316,319,288,304,253,205,64,469,129,125,105,114,52,55,54,119,194,193,49,202,227,310,304,330,298,275,267,248,224,41,193,124,54,11,196,29,37,17,23,14,24,11,53,60,53,57,21,57,56,51,324,303,60,72,252,271
,590,0,0,0,0,0,1,0,0,0,3,8,111,20,1,1,1,2,2,0,120,255,470,734,1443,1322,420,594,1895,1498,1804,1851,1553,1267,1322,844,1465,848,400,453,362,349,366,324,333,276,220,68,492,132,142,106,120,57,58,60,131,201,211,53,213,244,307,306,325,274,261,237,201,191,33,151,98,41,9,144,22,26,13,16,10,18,8,38,48,36,45,15,43,38,32,205,203,40,53,154,186
,595,0,0,0,0,0,0,0,0,0,1,14,189,31,1,1,1,1,1,0,191,381,663,1008,1641,1555,597,796,1864,1478,1723,1752,1490,1193,1237,822,1283,824,417,462,380,391,391,348,372,293,233,73,482,138,163,113,131,65,60,64,140,219,226,57,241,242,281,276,294,241,217,191,169,144,28,113,71,33,6,110,16,21,11,13,8,13,6,29,34,25,32,12,37,31,23,127,123,32,44,107,112
,600,0,0,0,0,0,1,0,0,0,1,25,340,59,1,1,0,2,2,0,306,587,984,1346,1738,1669,860,1112,1607,1261,1469,1484,1285,1015,1007,701,1011,716,374,442,364,392,384,358,363,300,230,70,444,156,201,131,149,69,67,71,144,224,232,56,238,224,240,227,230,194,160,142,122,101,19,84,56,22,5,78,14,17,9,11,6,10,4,19,23,19,23,7,22,19,21,77,74,18,26,66,68
,605,0,0,0,0,0,3,0,0,0,1,49,562,106,1,1,1,3,2,0,481,834,1325,1648,1610,1667,1213,1482,1280,966,1108,1112,963,781,732,545,720,556,303,363,312,345,352,339,347,266,204,61,362,160,217,132,163,76,67,72,146,206,221,48,218,203,179,169,171,133,115,93,75,81,12,56,37,15,4,51,11,13,5,8,4,7,2,13,12,13,18,6,17,14,13,48,46,15,21,39,42
,610,0,0,1,0,0,1,0,0,3,2,84,843,174,0,1,1,6,2,0,665,1068,1624,1848,1397,1554,1503,1826,985,747,848,858,765,599,563,397,524,424,232,302,250,305,302,288,298,235,181,50,299,147,229,139,163,76,65,67,130,181,202,39,183,154,129,125,128,96,81,68,60,49,9,41,27,13,4,48,8,9,4,6,3,5,2,14,10,11,11,5,12,9,12,30,33,11,16,28,31
,615,0,0,0,0,0,1,0,0,0,1,140,1203,273,0,2,2,6,4,0,892,1300,1848,1945,1221,1399,1793,2078,758,575,655,660,610,450,421,297,398,324,180,241,200,251,247,246,246,196,145,42,231,140,224,138,167,77,63,60,116,153,165,33,150,122,96,93,96,67,64,51,41,37,7,31,21,11,2,31,5,8,4,6,4,5,1,12,10,9,12,3,11,9,9,21,21,6,11,19,23
,620,0,0,0,0,0,1,0,0,1,2,246,1586,428,1,4,4,12,5,0,1149,1478,1986,1912,941,1128,2046,2242,562,422,459,475,436,320,318,222,276,221,127,171,146,193,178,191,191,150,115,31,166,110,209,120,148,64,53,51,90,114,119,23,108,92,65,64,67,46,47,41,30,28,8,22,16,17,2,24,6,6,3,5,2,3,1,9,7,7,7,4,9,6,8,15,25,7,23,18,17
,625,1,0,0,0,0,3,0,1,1,3,416,1935,659,1,8,6,21,10,0,1365,1557,2020,1723,702,848,2125,2234,406,295,354,346,311,214,215,144,200,157,87,119,107,138,132,141,147,113,81,21,114,82,170,102,118,54,46,41,64,77,83,17,80,65,49,47,44,36,35,26,22,20,4,20,10,6,2,18,6,4,2,3,3,4,1,5,5,3,4,2,9,6,5,13,12,4,8,14,11
,630,0,0,0,0,0,2,0,0,2,5,691,2195,945,2,13,10,37,15,0,1518,1543,1895,1468,534,656,2069,2007,317,219,260,262,237,154,167,101,137,108,58,83,68,98,93,98,99,71,56,15,83,61,128,85,93,42,31,29,45,55,60,12,57,47,33,33,34,27,26,31,15,16,3,14,12,4,1,13,3,4,3,4,2,2,0,7,4,17,9,1,6,1,4,8,6,3,7,10,6
,635,0,0,0,0,0,2,0,0,4,7,955,2266,1194,3,20,17,61,25,0,1571,1493,1693,1272,449,538,1934,1770,261,181,215,221,195,123,133,78,113,78,42,64,59,81,69,76,77,57,42,12,62,46,103,70,75,34,23,22,38,43,42,9,43,33,25,22,29,19,21,20,13,13,2,13,7,9,2,12,4,1,3,3,2,3,1,5,5,2,6,2,5,5,3,8,19,1,9,8,6
,640,0,0,0,0,0,2,0,1,6,12,1382,2149,1466,5,32,29,98,43,0,1562,1337,1435,1036,378,416,1716,1490,220,142,180,182,167,91,114,56,87,60,34,47,45,52,49,66,50,38,29,9,43,40,78,46,56,23,16,16,26,29,31,7,34,27,21,22,23,14,19,13,9,11,2,9,5,6,0,9,3,4,1,3,2,3,0,3,2,0,2,1,6,4,2,5,6,2,4,7,4
,645,0,0,0,0,1,3,1,0,9,21,1832,2018,1719,10,59,48,160,67,0,1479,1156,1191,829,329,358,1456,1149,199,109,150,144,137,64,92,35,64,48,27,38,28,40,32,41,40,30,22,6,32,26,55,33,41,19,10,13,19,20,19,5,21,33,18,19,17,13,16,26,5,9,2,6,9,6,1,6,4,2,1,4,2,1,3,3,3,3,3,2,4,0,1,5,3,4,2,6,6
,650,0,0,0,0,0,6,1,1,15,37,2377,1665,1953,17,102,83,291,119,0,1349,1007,944,654,294,285,1140,837,172,85,111,114,116,62,76,27,49,33,18,27,19,26,38,31,31,21,13,5,25,20,37,24,25,11,6,8,11,11,15,4,17,14,11,15,12,6,12,5,4,2,5,5,4,2,5,4,3,3,1,3,1,2,0,6,1,3,1,0,2,0,2,0,4,0,2,6,5
,655,0,2,1,1,0,12,2,1,25,60,2812,1368,2110,27,160,130,432,185,0,1201,886,783,555,284,249,945,657,157,69,100,93,93,39,50,18,42,23,13,27,13,23,20,22,22,18,10,4,17,13,33,15,17,8,3,7,7,12,18,4,16,12,8,12,10,5,13,7,0,3,1,2,5,0,1,4,4,1,0,0,7,2,0,6,1,1,7,1,3,0,2,0,2,0,5,4,3
,660,0,1,1,1,1,15,4,5,36,90,3164,1151,2147,40,258,198,642,290,0,1070,789,700,472,258,220,801,493,129,60,82,83,77,36,44,10,33,21,11,19,9,18,16,21,13,14,9,3,10,10,22,14,16,6,1,5,7,6,5,2,13,6,7,7,6,8,8,7,2,4,1,0,6,5,0,5,0,3,0,4,2,6,3,7,0,2,5,0,0,3,0,1,1,0,6,17,3
,665,0,2,1,2,1,22,6,4,59,145,3424,969,2167,66,385,320,940,440,0,940,719,585,392,235,180,636,369,112,50,67,62,59,25,37,12,28,13,7,12,6,7,11,15,15,7,5,2,29,11,15,11,10,5,0,4,3,0,9,3,10,9,1,10,10,3,9,5,0,0,1,22,6,3,1,8,0,8,0,1,2,1,0,5,0,0,0,1,5,0,1,0,1,19,4,26,4
,670,0,2,2,2,2,37,12,9,103,247,3584,876,2125,117,623,521,1448,689,0,798,623,479,335,204,158,495,255,82,36,70,46,51,24,21,6,28,14,5,14,7,6,28,26,11,7,4,2,8,5,9,5,16,3,0,3,3,0,2,5,3,9,9,11,4,2,6,0,0,0,0,3,2,6,0,1,1,2,0,2,0,7,0,5,0,3,3,2,1,0,0,0,0,0,4,8,0
,675,0,4,3,4,3,62,18,14,156,375,3549,826,2034,187,927,749,1971,1005,0,690,554,412,265,192,122,404,207,77,30,39,35,34,22,20,2,23,10,6,10,18,3,4,4,6,5,2,3,4,6,10,20,6,2,0,4,0,0,2,2,7,3,2,12,7,0,10,1,1,0,1,0,3,7,0,0,0,0,0,1,0,3,0,7,0,0,26,0,2,1,28,0,3,0,1,6,0
,680,1,7,5,6,5,93,29,25,242,578,3335,840,1932,288,1293,1038,2604,1413,1,571,457,324,226,141,90,318,151,60,24,34,23,30,10,14,0,17,10,3,7,3,1,2,9,5,5,0,2,0,6,7,4,3,0,0,1,1,15,2,2,2,7,3,4,4,5,9,0,1,0,1,0,3,0,0,4,0,0,0,1,0,2,0,1,24,0,28,0,2,0,0,0,0,0,0,5,0
,685,1,8,7,8,9,141,45,43,372,860,3140,937,1829,414,1745,1431,3284,1897,0,482,396,297,181,114,68,255,112,46,15,27,24,19,21,33,0,14,4,1,12,0,6,2,9,3,2,0,2,0,7,5,3,3,1,0,1,0,0,0,2,3,24,3,6,4,0,13,4,0,4,6,0,0,0,0,2,0,2,0,3,10,2,0,3,0,0,0,7,0,1,0,0,18,27,40,0,37
,690,3,13,13,13,14,218,71,65,541,1239,2859,1090,1775,607,2313,1901,4026,2442,0,391,320,213,141,74,69,192,91,40,17,29,15,22,14,9,0,17,9,0,11,1,0,3,8,5,6,0,2,4,2,5,0,0,0,0,13,0,0,0,0,4,9,0,12,12,0,3,3,0,0,1,1,1,2,1,0,0,0,0,1,0,2,0,3,0,0,2,1,2,0,0,0,0,0,6,2,0
,695,4,22,21,22,23,340,118,107,852,1814,2453,1295,1690,905,2932,2467,4803,3109,0,301,242,174,101,54,42,136,66,25,10,19,13,15,6,5,0,15,5,0,5,0,0,3,5,1,3,0,2,0,10,1,0,4,0,0,0,0,0,0,2,1,6,6,5,4,0,10,23,3,1,0,30,0,3,0,33,0,0,0,1,0,1,0,2,0,0,0,0,1,0,0,0,6,0,5,13,0
,700,6,34,35,34,35,485,191,171,1191,2430,2285,1565,1619,1239,3597,2904,5411,3676,0,228,182,112,78,40,33,101,49,22,9,10,9,17,11,4,0,12,2,0,5,0,0,5,1,0,0,0,1,0,0,0,0,0,0,0,3,0,0,0,1,2,0,0,5,8,0,11,0,0,0,0,0,7,0,12,0,22,0,0,0,0,2,0,3,0,0,2,0,3,0,0,0,0,0,29,9,0
,705,9,49,52,53,56,659,286,253,1542,3059,2119,1801,1548,1584,4083,3245,5620,4100,0,171,139,85,61,30,29,78,40,24,8,13,8,15,13,0,0,12,4,3,11,0,0,2,6,7,0,0,2,3,2,1,0,0,0,0,3,0,0,12,2,3,8,3,10,10,0,16,3,0,22,1,3,4,0,0,1,23,0,0,2,5,14,0,6,1,0,14,1,5,0,0,41,0,37,3,4,9
,710,14,76,76,78,82,833,425,376,1899,3528,1923,1834,1347,1933,4153,3358,5488,4139,0,123,100,67,45,15,16,54,28,13,6,9,4,6,7,7,0,2,0,0,4,0,2,1,7,0,3,0,1,0,0,3,2,0,2,0,0,0,0,24,3,0,1,5,5,4,0,7,3,27,0,0,0,2,0,2,3,5,0,0,25,15,4,0,7,1,0,35,0,0,2,0,0,0,0,4,9,0
,715,21,116,122,126,130,1019,638,558,2202,3992,1679,1766,1028,2176,3983,3161,4801,3886,1,89,53,46,33,13,13,33,25,14,6,10,2,5,2,0,0,8,0,0,28,0,0,36,1,2,0,0,1,0,1,2,0,0,0,0,12,0,0,0,1,0,7,3,4,7,0,9,0,0,0,0,4,2,4,0,0,3,0,0,8,0,1,0,8,6,0,1,0,0,0,0,0,2,0,4,9,6
,720,32,172,177,182,194,1147,894,753,2385,4028,1473,1553,799,2332,3644,2918,4182,3640,0,54,45,37,24,6,11,25,16,10,8,10,8,8,6,0,0,9,2,0,7,18,0,1,3,2,26,9,1,0,5,0,0,0,0,12,2,0,0,0,1,2,9,0,7,5,0,7,0,0,0,1,0,19,0,8,1,6,0,0,0,13,0,0,9,0,0,3,7,3,0,0,0,0,0,0,2,0
,725,46,247,260,260,269,1286,1225,1014,2483,4095,1316,1411,660,2479,3467,2714,3590,3346,0,42,38,28,22,3,4,22,12,11,6,4,3,10,8,0,0,5,0,0,7,0,0,13,3,5,0,0,2,0,0,3,1,0,0,8,1,0,0,0,1,3,3,6,7,7,0,6,0,0,0,0,1,3,2,0,0,1,0,0,3,13,3,0,7,0,0,0,0,3,0,3,0,0,0,0,0,0
,730,70,369,379,379,394,1418,1624,1299,2589,4071,1140,1186,536,2531,3137,2520,3189,3029,0,39,32,26,19,0,12,17,17,8,4,8,2,5,0,0,0,11,1,0,0,0,0,0,10,0,0,0,1,3,0,0,0,0,0,0,1,0,0,0,1,0,0,0,3,0,0,10,0,0,0,1,0,5,31,0,7,0,0,0,0,1,2,0,6,0,6,7,3,0,0,0,0,0,0,12,8,2
,735,107,554,581,592,605,1510,2126,1694,2538,3948,942,987,418,2609,2779,2309,2536,2678,0,31,23,13,47,0,10,13,12,12,0,7,0,11,3,4,0,7,0,0,5,0,0,0,8,5,2,0,8,0,36,1,0,0,0,0,2,0,0,0,2,2,10,8,5,3,0,6,0,0,0,1,0,0,2,0,1,1,0,0,3,0,1,0,0,0,0,3,0,10,7,0,0,3,37,0,9,1
,740,168,878,920,925,964,1533,2584,1975,2404,3400,706,718,288,2350,2272,1868,1856,2161,0,15,19,7,6,4,4,6,7,2,0,8,0,7,10,0,0,8,0,0,8,0,0,0,7,7,0,0,9,1,0,0,0,0,0,0,0,0,0,0,1,2,2,0,11,9,0,19,0,0,0,1,0,1,0,0,44,0,2,21,6,0,1,0,5,37,0,1,0,2,0,2,0,0,0,0,4,5
,745,250,1254,1307,1318,1365,1481,2837,2184,2182,2982,550,576,225,2203,1963,1575,1476,1822,0,24,17,17,14,0,8,0,47,3,0,10,0,6,4,0,0,0,0,4,6,0,0,0,0,9,0,0,1,31,0,0,0,0,3,0,4,0,0,0,2,0,5,5,8,4,0,16,45,0,0,9,0,6,2,2,0,6,0,0,10,0,1,0,13,0,3,65,2,5,6,5,2,11,0,9,14,0
,750,341,1733,1816,1799,1857,1441,3025,2278,1988,2511,385,387,168,2007,1539,1298,1113,1494,0,13,19,0,15,46,2,43,14,54,0,11,60,1,0,0,0,66,3,0,20,42,0,0,9,23,0,0,1,0,0,0,0,0,0,0,5,0,0,0,4,0,1,7,11,19,0,11,47,0,0,2,0,19,0,0,0,5,4,0,4,0,0,0,15,0,0,0,0,6,0,9,0,0,0,0,13,11
,755,484,2384,2447,2480,2550,1310,2861,2204,1708,1945,280,293,117,1714,1197,963,792,1145,0,10,9,3,1,0,0,4,22,12,2,3,0,65,7,0,0,1,2,0,11,0,0,2,3,13,5,0,0,0,0,0,0,0,0,0,0,0,0,0,1,0,0,55,10,8,0,17,0,0,0,0,0,2,77,0,1,0,2,27,4,0,4,10,2,0,4,0,0,0,0,0,0,0,0,2,4,7
,760,670,3205,3291,3297,3397,1206,2768,2065,1474,1518,214,199,87,1466,923,759,576,903,0,13,67,3,5,0,3,0,0,9,0,17,0,1,4,0,0,7,6,0,9,4,0,0,10,0,0,39,3,0,8,59,0,1,0,0,0,0,0,0,4,4,20,14,0,9,0,31,0,0,83,2,2,14,18,0,6,1,14,0,1,2,9,0,27,0,0,7,0,0,1,3,0,0,8,0,5,10
,765,914,4109,4127,4118,4250,970,2358,1793,1198,1110,130,138,60,1126,624,516,388,636,0,6,2,12,5,0,1,0,7,0,0,12,0,5,12,0,0,13,1,0,19,0,0,2,13,9,0,0,0,77,1,0,0,51,0,0,37,0,0,0,0,77,5,0,4,9,0,20,0,0,0,0,0,0,0,0,0,0,0,0,1,0,5,0,11,0,18,5,0,14,0,0,0,0,0,99,11,6
,770,1153,4679,4673,4709,4844,839,2072,1623,958,846,95,91,36,896,452,406,297,458,0,5,0,0,0,0,42,0,7,5,5,7,0,0,17,0,0,9,0,0,18,0,0,16,104,62,0,0,3,0,0,2,0,0,5,0,0,0,0,0,1,10,1,0,2,17,0,13,0,0,3,0,0,0,0,0,0,0,0,0,6,0,12,0,18,0,0,0,0,0,110,0,0,0,0,2,15,7
,775,1375,5094,5068,5201,5269,695,1749,1384,726,626,86,86,38,711,358,305,218,372,0,11,27,0,13,51,16,0,13,29,0,0,0,26,5,0,0,10,1,47,15,64,0,7,21,3,7,0,4,0,6,8,80,0,0,0,38,0,0,0,4,11,129,9,13,8,0,121,91,0,0,0,3,84,6,0,5,4,0,2,11,1,9,0,27,1,117,0,0,11,5,10,0,0,0,12,13,11
,780,1665,5211,5152,5229,5250,485,1375,1044,509,433,52,53,25,487,243,212,153,236,0,16,0,5,0,0,12,0,10,0,12,0,0,0,9,0,0,11,0,0,22,0,0,8,20,15,0,0,3,0,6,0,0,0,0,0,2,0,0,0,1,0,19,101,9,6,0,14,0,0,0,4,0,0,0,0,2,0,0,0,0,0,6,7,15,0,0,0,0,0,0,0,0,0,0,13,3,8
,785,1882,4832,4863,4949,4980,363,1056,803,349,310,31,27,19,343,163,144,116,180,0,3,8,13,0,0,2,0,0,21,0,0,0,0,0,0,0,25,101,0,27,0,0,0,14,22,0,0,3,0,0,0,0,5,0,0,3,0,0,0,32,10,0,2,20,0,0,21,0,0,0,29,0,0,11,0,0,0,0,0,0,0,9,0,0,0,0,0,0,9,0,0,0,5,0,7,32,1
,790,2040,4450,4352,4406,4402,262,763,584,255,216,16,47,21,239,126,116,86,130,0,0,11,0,0,0,0,0,25,0,0,0,0,18,67,0,0,17,0,0,26,0,0,0,21,0,18,0,2,6,8,0,0,0,0,0,3,0,0,0,8,0,5,12,42,24,0,51,0,0,4,3,0,1,11,0,0,88,45,0,0,2,8,0,24,0,0,0,0,0,0,28,0,0,0,0,22,5
,795,2082,3997,3908,3873,3952,195,590,441,206,172,20,19,21,183,91,123,70,113,0,4,0,1,3,0,5,0,10,11,0,7,0,16,0,0,0,26,0,0,18,0,0,0,16,29,14,0,5,0,0,0,0,0,0,30,0,0,0,0,2,19,44,2,34,22,0,8,0,0,0,6,0,18,0,3,0,10,5,0,2,0,3,0,34,0,5,0,0,0,16,0,0,29,0,0,52,10
,800,2021,3347,3189,3282,3236,138,439,306,145,125,5,0,0,155,73,59,53,78,0,1,7,0,3,110,0,0,0,12,0,0,0,2,128,0,0,28,0,0,0,0,0,0,24,45,0,0,7,0,0,0,0,0,0,0,4,0,0,0,6,28,6,6,20,8,0,29,0,0,0,4,0,0,5,16,0,0,0,78,0,0,8,0,9,0,0,42,0,11,0,5,0,104,0,24,15,1
,805,1772,2534,2357,2451,2391,96,275,203,101,85,0,14,0,72,44,31,40,52,0,0,8,0,7,0,0,0,0,0,0,8,0,2,0,0,0,26,0,82,4,0,0,0,0,141,0,0,0,11,2,0,0,0,0,44,0,0,0,0,6,0,32,0,31,13,0,33,0,0,0,3,0,0,0,0,0,0,0,0,2,0,15,0,0,0,0,0,0,12,0,0,0,2,0,10,0,0
,810,1496,2068,1881,1901,1906,64,202,186,74,72,6,0,27,58,32,23,26,53,0,0,0,0,15,0,0,106,0,19,0,0,0,2,0,0,0,8,0,0,5,127,11,4,94,53,0,0,1,0,0,0,0,0,0,0,0,0,0,0,6,0,34,11,24,0,0,19,0,0,0,0,0,15,11,2,0,0,0,0,5,0,4,0,39,176,0,11,0,0,0,23,0,0,193,0,24,0
,815,1263,1612,1474,1476,1475,58,143,92,54,57,0,33,0,38,27,12,15,42,0,0,157,20,24,0,0,0,29,0,0,15,0,0,5,0,0,20,0,0,48,0,0,0,0,25,0,0,38,0,12,12,0,0,0,0,0,0,0,0,6,0,37,12,78,25,0,70,0,0,0,6,0,9,0,0,0,10,0,0,0,0,16,0,31,21,0,0,2,0,0,0,0,0,0,55,25,164
,820,932,1183,1074,1103,1099,39,104,75,37,39,0,0,13,85,6,12,14,36,0,0,14,0,18,0,0,10,0,7,193,0,0,19,0,0,0,22,0,0,43,0,0,5,35,23,0,0,8,0,0,0,0,0,0,0,0,0,0,0,2,0,14,8,12,0,0,64,0,0,0,1,0,23,13,0,24,0,0,0,11,0,7,0,0,247,0,6,0,45,0,0,0,0,178,0,0,31
,825,686,854,778,814,799,34,66,43,19,41,6,0,3,19,4,2,1,18,0,0,22,0,44,132,0,0,14,0,14,176,0,0,0,0,0,34,0,0,39,0,0,0,30,0,0,15,3,0,0,0,0,0,0,0,108,2,0,18,17,0,64,0,0,20,0,70,0,0,0,2,0,0,0,0,0,9,0,0,3,0,13,0,23,0,0,7,0,0,0,34,0,323,0,32,35,0
,830,472,625,571,588,560,32,41,63,0,17,0,11,0,4,0,0,0,20,0,0,28,0,28,0,0,0,37,0,10,9,0,0,355,0,0,0,0,152,0,0,29,0,54,0,9,0,13,0,3,0,0,7,7,0,5,194,0,0,0,0,115,125,63,26,0,75,0,0,0,5,0,28,0,78,0,0,0,0,0,4,23,51,21,0,0,93,123,0,0,0,0,0,0,106,79,0
,835,401,467,451,436,419,42,17,0,31,20,0,47,28,6,0,0,2,14,0,0,4,93,0,0,0,0,5,0,37,12,0,16,0,0,0,60,0,211,102,0,0,0,0,138,0,0,14,360,0,0,0,0,166,144,2,0,0,0,30,49,29,0,25,36,34,79,0,15,0,7,0,29,0,0,0,0,0,0,0,0,27,0,123,0,0,27,0,49,0,1,0,444,0,0,0,652
,840,276,369,350,398,332,26,21,0,7,34,0,0,41,9,0,0,132,32,2,0,19,44,28,0,0,0,61,37,19,532,0,7,35,0,0,0,0,0,35,486,0,0,0,23,0,0,42,0,0,0,0,0,0,0,0,0,0,30,10,41,111,60,0,102,0,22,0,0,0,10,0,0,0,0,0,0,23,0,0,0,39,0,0,0,0,0,288,0,289,0,0,0,0,104,134,71
,845,227,282,229,217,224,19,0,39,0,3,0,73,0,0,8,0,0,51,22,28,31,0,115,0,0,0,35,33,0,55,0,909,0,0,0,357,0,616,330,0,0,53,279,0,0,389,37,0,115,0,0,0,0,0,5,0,0,0,258,66,99,0,0,87,0,316,0,94,0,257,0,0,0,0,0,0,0,0,0,0,18,0,292,0,0,31,0,7,0,0,0,0,0,167,560,189
,850,125,187,156,179,152,91,0,102,0,5,0,0,42,0,0,0,52,89,0,0,51,0,1129,0,234,0,0,190,5,0,0,0,283,0,0,286,0,0,94,0,0,0,162,105,386,0,390,0,62,0,0,0,0,0,168,0,0,0,19,0,69,0,0,140,0,227,83,0,0,68,0,224,55,0,0,0,0,0,88,81,229,305,155,0,119,0,0,0,206,0,0,0,0,275,430,316
,,,,,,,,,,,,,,,,,,,,,,,,,,,,,,,,,,,,,,,,,,,,,,,,,,,,,,,,,,,,,,,,,,,,,,,,,,,,,,,,,,,,,,,,,,,,,,,,,
Read 43:EM Spectrum,,,,,,,,,,,,,,,,,,,,,,,,,,,,,,,,,,,,,,,,,,,,,,,,,,,,,,,,,,,,,,,,,,,,,,,,,,,,,,,,,,,,,,,,,,,,,,,,,
,,,,,,,,,,,,,,,,,,,,,,,,,,,,,,,,,,,,,,,,,,,,,,,,,,,,,,,,,,,,,,,,,,,,,,,,,,,,,,,,,,,,,,,,,,,,,,,,,
,Wavelength,A1,A2,A3,A4,A5,A6,A7,A8,A9,A10,A11,A12,B1,B2,B3,B4,B5,B6,B7,B8,B9,B10,B11,B12,C1,C2,C3,C4,C5,C6,C7,C8,C9,C10,C11,C12,D1,D2,D3,D4,D5,D6,D7,D8,D9,D10,D11,D12,E1,E2,E3,E4,E5,E6,E7,E8,E9,E10,E11,E12,F1,F2,F3,F4,F5,F6,F7,F8,F9,F10,F11,F12,G1,G2,G3,G4,G5,G6,G7,G8,G9,G10,G11,G12,H1,H2,H3,H4,H5,H6,H7,H8,H9,H10,H11,H12
,500,1,1,1,1,1,4,3,4,6,5,10,18,13,4,5,5,7,5,15,19,18,21,17,20,21,18,15,23,24,21,27,26,18,24,20,19,21,20,14,14,8,14,19,15,12,16,5,21,12,9,13,9,2,1,13,11,4,3,4,15,5,11,9,6,14,11,12,14,16,11,16,22,22,1,5,11,5,8,27,1,19,9,18,10,17,9,16,9,18,13,49,44,17,28,38,35
,505,1,1,1,1,1,4,3,4,5,5,12,14,14,4,5,4,6,6,30,20,18,22,21,19,22,13,18,19,21,23,20,20,17,20,16,16,19,18,19,17,8,16,19,15,11,11,3,14,13,14,10,10,2,1,12,11,4,6,3,11,7,16,9,6,8,12,17,15,16,12,18,20,22,1,5,15,5,9,30,1,13,14,16,15,18,10,12,9,14,8,86,100,18,22,89,87
,510,1,0,1,1,1,3,2,3,5,5,13,15,14,4,4,4,7,4,12,17,21,21,15,22,24,15,18,23,19,18,26,21,23,21,15,16,16,19,13,19,9,12,14,10,10,15,3,24,11,13,13,9,2,1,13,12,5,4,3,10,7,14,13,8,9,11,11,13,9,12,13,17,16,1,5,9,4,12,27,1,13,11,19,12,11,10,27,14,18,8,193,200,11,21,137,156
,515,1,1,1,1,1,4,3,4,4,3,9,12,11,5,4,4,6,4,12,20,17,21,14,21,18,16,13,18,23,23,20,20,16,19,16,20,18,19,12,13,7,16,14,15,15,15,3,14,17,15,14,8,2,1,17,9,5,4,3,12,8,10,7,6,13,18,14,19,9,11,13,20,15,1,5,9,5,8,21,1,13,17,14,19,14,13,13,16,23,15,455,480,13,43,355,396
,520,1,0,1,0,1,6,3,3,5,3,9,12,14,5,5,4,6,4,19,18,20,16,13,17,21,12,12,17,23,19,27,19,20,15,20,20,20,17,11,16,10,17,13,13,19,11,3,14,18,8,8,13,2,1,15,15,5,6,3,18,7,19,10,10,15,11,12,15,10,17,20,19,15,1,6,13,5,9,22,1,16,25,19,22,18,18,29,20,23,15,960,1065,18,74,791,882
,525,1,1,1,0,1,3,3,4,5,3,11,11,9,4,4,4,7,4,9,18,12,16,12,20,15,16,13,18,23,22,19,25,13,13,20,22,19,12,17,13,6,14,18,15,16,14,3,22,12,14,9,13,2,1,15,17,5,6,3,17,8,25,17,12,10,14,20,16,15,18,15,24,18,1,6,13,4,9,22,1,21,31,34,34,36,26,29,24,35,24,1805,1991,38,125,1440,1633
,530,1,0,1,0,1,3,3,4,5,4,7,9,11,3,4,2,6,3,10,11,16,16,10,22,20,11,9,17,19,17,23,25,17,22,17,22,15,12,11,18,7,18,18,10,17,13,5,19,18,17,9,9,3,1,19,15,9,6,5,29,8,23,19,16,19,34,24,20,16,18,21,21,17,1,7,14,6,10,30,1,33,59,55,59,56,43,51,46,71,44,3469,3634,60,249,2676,3093
,535,1,0,1,0,0,2,3,3,4,2,5,14,8,4,3,3,3,4,19,15,16,12,11,17,22,10,11,20,21,30,30,23,24,18,19,29,19,16,22,21,13,18,17,19,20,20,6,30,25,13,18,17,3,1,22,29,14,13,8,44,13,38,30,29,28,36,42,24,27,31,32,33,26,1,11,14,6,12,29,1,58,124,109,121,114,86,114,89,128,82,5201,5438,114,423,4078,4677
,540,1,0,1,1,1,3,2,3,2,2,8,11,9,2,2,3,5,3,7,9,14,11,16,26,26,14,11,30,34,32,33,33,29,29,35,49,38,32,21,21,13,22,28,27,36,36,7,54,42,24,26,25,4,2,36,45,23,18,12,63,22,64,55,36,50,61,50,37,50,50,49,51,41,2,13,17,7,15,36,2,89,193,156,175,177,148,174,135,205,116,6204,6764,164,551,4882,5404
,545,1,1,0,0,1,1,3,2,4,2,8,11,6,2,2,3,3,2,5,13,11,13,14,27,31,16,12,43,49,50,58,48,47,50,48,84,53,42,31,30,17,31,39,39,45,53,11,80,60,34,30,36,6,3,53,60,36,27,19,94,33,92,88,56,68,81,67,62,65,73,69,77,46,3,21,24,10,21,52,2,141,255,225,242,230,199,226,182,265,156,6399,6696,232,648,5073,5710
,550,1,1,1,1,0,1,1,2,2,3,4,7,9,3,3,2,4,3,14,10,11,19,18,47,46,18,19,77,92,88,93,85,91,86,85,153,82,60,48,53,30,47,56,59,63,78,18,109,86,45,44,46,8,4,79,91,52,41,27,130,42,126,111,74,104,123,100,80,90,114,109,102,77,3,31,35,11,27,66,3,183,299,271,301,273,242,271,211,311,179,6044,6270,267,691,4663,5288
,555,0,0,0,0,0,2,1,2,4,2,7,11,8,2,2,1,3,2,18,9,22,23,34,94,83,20,28,149,165,193,186,169,175,182,147,289,153,102,86,81,47,73,78,82,103,112,23,164,109,69,66,71,13,6,100,127,65,49,31,153,52,165,142,95,131,154,133,112,133,149,151,139,75,3,43,37,12,27,67,3,218,309,302,320,285,263,290,231,315,189,5093,5227,289,621,3913,4280
,560,0,0,0,0,0,1,1,2,2,2,4,14,6,2,2,2,2,2,7,19,22,41,73,179,165,33,55,306,322,365,359,320,331,361,264,497,275,167,131,127,59,108,107,109,135,146,33,222,132,89,82,90,16,8,133,140,75,57,36,169,61,196,175,121,161,209,172,147,168,186,195,178,91,4,58,52,15,31,73,4,239,295,269,307,264,244,274,196,279,164,3558,3697,264,521,2784,3032
,565,0,0,0,0,0,1,1,1,2,2,5,19,7,2,1,1,2,2,5,23,37,61,117,288,266,56,86,468,485,571,569,492,479,524,367,734,367,236,175,173,74,141,136,132,163,173,40,281,138,96,91,99,16,7,129,149,80,58,39,179,66,209,197,128,184,227,210,174,203,211,225,198,96,4,65,49,15,32,78,3,234,250,241,263,231,219,237,177,238,137,2558,2565,233,387,1975,2162
,570,0,0,0,0,0,1,1,2,2,1,6,29,10,2,2,1,2,1,14,27,61,104,189,480,444,94,144,737,713,862,850,739,691,757,509,1007,507,305,230,219,93,180,160,167,201,215,49,343,137,108,95,104,17,8,127,151,76,60,38,180,69,233,220,144,208,262,239,197,232,230,251,215,104,4,73,49,13,29,68,3,228,191,199,206,176,180,196,138,186,106,1680,1685,172,300,1348,1421
,575,0,0,0,0,0,1,1,1,1,1,8,52,12,1,1,1,2,1,4,46,107,186,328,785,708,170,246,1110,1025,1251,1241,1057,922,1061,655,1276,667,421,296,304,119,221,209,206,250,263,63,406,140,109,96,106,17,8,131,147,74,62,40,183,73,258,258,164,241,292,269,221,243,240,253,217,81,3,74,42,12,24,61,3,177,136,154,151,131,130,137,101,130,79,1016,1004,124,192,768,873
,580,0,0,0,0,0,1,2,1,2,2,14,89,21,1,1,2,3,1,6,88,189,319,560,1138,1024,299,399,1492,1282,1612,1599,1380,1140,1293,811,1477,826,515,385,380,149,279,255,251,308,315,76,493,133,120,99,112,17,8,125,144,79,66,44,198,81,292,283,181,270,317,286,230,245,229,238,205,61,3,69,33,9,19,45,2,128,90,102,94,87,89,101,67,87,53,585,596,87,118,468,494
,585,0,0,0,0,0,0,1,1,2,1,23,175,41,1,1,1,3,1,3,151,328,555,868,1530,1379,496,617,1776,1467,1816,1824,1611,1275,1395,929,1547,967,618,446,465,182,341,324,308,379,364,89,571,140,148,104,114,18,7,127,150,82,71,49,216,88,303,287,187,270,312,262,214,208,188,189,159,46,2,56,24,8,14,36,2,93,59,65,63,54,55,61,44,56,35,322,349,58,73,266,274
,590,0,0,0,0,0,0,1,1,1,2,39,280,64,1,2,1,5,2,1,236,469,789,1150,1725,1643,707,825,1845,1500,1832,1852,1594,1305,1345,943,1417,962,650,501,491,199,373,369,340,410,408,94,568,154,162,106,126,18,8,138,167,90,81,54,235,94,306,294,188,255,284,240,180,181,153,151,128,36,2,46,24,6,11,26,1,66,43,49,48,40,39,40,33,45,28,207,205,51,56,174,187
,595,0,0,0,0,0,0,0,1,3,2,64,463,112,1,2,1,7,2,2,364,687,1059,1425,1847,1763,946,1084,1732,1438,1674,1735,1511,1185,1188,880,1231,936,659,483,494,219,407,384,361,428,435,97,578,149,176,119,135,20,9,152,174,93,86,57,251,94,289,266,165,236,242,191,141,143,123,117,102,27,1,36,17,5,10,22,1,49,31,34,34,35,30,32,22,32,18,147,133,30,37,103,119
,600,0,0,0,0,0,0,2,1,1,3,128,746,206,1,3,5,16,3,0,572,984,1411,1706,1741,1723,1321,1375,1505,1193,1385,1411,1299,975,957,728,926,775,564,452,475,212,385,391,360,414,399,92,512,166,206,124,155,23,9,164,189,97,87,53,251,91,239,201,133,171,186,139,104,98,84,74,71,18,1,25,11,4,6,15,1,35,22,23,27,19,22,25,25,18,15,81,84,17,24,63,68
,605,0,0,1,0,0,0,1,1,2,5,232,1141,340,2,6,4,23,5,0,822,1287,1718,1818,1494,1547,1632,1656,1128,905,1046,1063,955,767,710,569,659,598,468,374,404,190,330,337,326,365,351,77,412,166,236,136,163,23,9,173,178,89,81,47,224,72,178,150,94,120,134,93,68,67,56,64,48,13,1,17,10,3,6,12,1,23,12,15,17,13,16,15,11,16,11,55,49,13,17,38,46
,610,0,0,0,0,0,0,0,1,2,7,381,1537,520,2,10,7,40,9,0,1059,1495,1861,1800,1240,1350,1827,1810,860,703,790,794,725,556,526,427,488,448,356,298,335,165,286,295,273,319,297,63,316,157,239,144,170,25,9,160,165,80,72,39,193,60,128,111,72,87,91,69,50,47,44,38,36,10,1,13,7,2,4,10,1,19,13,12,12,21,14,14,10,13,7,39,30,10,15,24,29
,615,0,0,0,0,0,0,0,1,3,12,584,1845,754,3,16,11,67,17,0,1268,1627,1958,1681,1004,1082,1933,1871,677,540,609,608,581,417,398,307,371,338,270,235,264,136,233,243,228,258,239,51,256,148,231,130,156,24,9,149,144,69,62,31,154,47,97,81,55,72,66,47,37,37,32,32,28,7,1,10,5,2,3,8,0,16,11,9,21,10,11,9,9,13,7,29,26,9,14,18,22
,620,0,0,0,0,0,0,1,1,5,21,923,2107,1026,6,29,20,121,29,0,1438,1625,1802,1440,760,820,1963,1769,482,376,429,444,417,299,295,229,257,236,191,164,185,104,173,188,170,197,182,36,180,124,203,118,143,22,7,121,115,49,45,23,111,34,64,56,37,48,49,37,26,26,26,21,21,5,1,8,5,2,3,6,0,15,7,8,5,8,8,9,9,17,8,21,16,7,7,13,17
,625,0,0,0,0,0,1,1,1,8,38,1349,2130,1332,8,52,35,204,52,0,1503,1526,1608,1152,566,603,1763,1557,364,275,334,325,302,205,207,150,176,167,134,118,132,74,126,137,122,136,134,25,126,92,171,100,117,18,6,97,83,36,33,16,84,25,48,39,26,33,35,28,21,22,18,17,15,14,1,7,4,1,3,6,0,11,4,5,7,7,6,8,4,9,3,14,13,19,7,7,12
,630,0,0,0,0,0,2,0,2,13,72,1854,1989,1610,14,88,63,344,98,14,1479,1330,1309,907,439,476,1517,1299,283,209,244,249,232,146,153,106,126,108,90,81,91,52,81,98,82,91,85,19,88,65,128,74,89,14,4,68,60,25,22,11,57,16,34,25,20,24,25,24,17,12,15,14,13,3,1,6,3,1,2,8,0,25,2,7,6,7,4,8,4,6,5,12,11,5,10,5,9
,635,0,0,0,0,0,3,1,1,20,112,2197,1825,1752,23,137,97,514,145,0,1393,1220,1129,752,375,389,1300,1080,236,169,204,205,201,114,132,80,111,89,69,61,70,39,61,71,65,73,64,15,65,47,100,65,71,10,3,51,44,18,16,8,42,13,26,21,16,17,25,19,12,11,16,10,13,0,0,5,3,1,4,3,0,8,3,4,3,2,16,5,5,3,5,10,9,5,5,6,10
,640,0,0,0,0,0,5,0,2,33,178,2545,1495,1803,34,224,154,766,234,0,1260,1033,919,595,338,329,1105,832,205,141,168,165,160,88,104,58,78,68,66,46,54,29,42,50,49,54,48,12,45,46,74,45,48,8,2,35,33,16,13,6,31,10,22,13,12,13,20,17,10,4,13,12,12,0,0,4,3,4,2,4,0,9,4,2,5,3,5,3,4,1,14,12,5,2,7,4,6
,645,0,0,0,0,0,12,1,2,55,291,2725,1186,1815,61,347,250,1131,364,0,1094,855,749,492,303,286,876,634,184,114,139,137,136,65,84,48,56,50,41,34,54,25,30,38,32,34,37,7,36,26,50,34,38,6,2,26,26,10,11,8,22,9,18,8,18,12,13,16,10,2,9,5,9,0,0,3,1,2,2,1,1,7,0,18,1,2,6,3,3,20,5,11,4,4,3,5,9
,650,0,0,0,0,0,21,2,3,99,478,2728,903,1687,101,555,401,1632,576,0,909,736,603,406,286,251,684,463,165,83,117,115,105,64,64,35,42,44,27,24,30,18,19,26,22,24,27,6,28,21,35,21,21,5,2,18,16,7,6,5,17,8,15,5,10,8,11,10,10,3,9,7,23,0,0,4,2,2,8,0,0,8,1,1,5,0,5,3,3,4,4,9,8,3,5,5,4
,655,0,0,2,0,1,33,2,4,148,711,2653,747,1590,161,769,585,2098,818,0,827,672,542,375,285,234,573,361,141,74,100,96,89,44,47,31,39,27,25,21,25,15,14,22,16,21,20,5,22,15,29,14,20,4,1,13,8,6,4,3,26,7,10,3,6,6,11,9,5,2,9,3,5,0,0,4,7,1,1,4,0,7,0,0,0,3,8,0,1,6,3,15,3,2,5,6,21
,660,1,1,1,1,1,53,3,9,220,974,2349,661,1418,236,1051,808,2591,1101,0,732,617,489,334,272,212,520,275,130,72,80,85,77,35,39,25,30,25,22,16,21,21,10,32,8,15,11,7,20,26,20,11,13,3,1,11,10,3,4,3,12,6,8,1,2,5,7,9,6,1,9,23,7,0,0,3,1,1,0,3,0,6,0,0,0,0,4,6,1,2,16,28,0,0,3,0,3
,665,1,1,1,1,1,85,6,10,344,1329,2068,588,1271,365,1397,1093,3116,1467,0,661,582,439,324,239,182,438,220,115,65,62,68,70,27,46,18,23,23,14,12,14,13,1,12,7,10,9,4,30,8,13,8,9,2,1,9,4,2,3,2,8,5,8,0,6,3,8,6,6,0,10,5,5,0,0,2,1,1,2,2,0,2,1,2,2,23,5,5,0,6,3,7,3,0,3,0,6
,670,1,2,2,4,2,144,8,16,534,1849,1664,607,1149,585,1888,1512,3695,1968,0,596,544,393,261,222,146,357,156,91,37,67,54,45,20,24,7,40,11,12,11,13,8,6,14,2,6,6,3,11,7,9,5,6,1,1,14,5,3,0,2,4,3,8,0,6,3,7,2,3,0,14,1,3,0,0,4,14,1,0,0,0,6,1,1,0,2,2,7,0,0,5,12,4,0,0,0,27
,675,4,5,4,3,3,226,13,25,779,2290,1448,662,1087,839,2306,1927,4173,2417,0,532,497,341,231,179,127,291,125,75,39,43,46,44,23,15,15,22,15,11,9,10,7,0,7,0,5,9,2,10,9,8,5,4,2,1,1,3,0,2,3,2,5,13,0,1,3,2,9,5,0,6,4,0,0,0,2,3,0,2,24,0,5,0,0,1,2,10,5,4,1,4,12,6,0,4,8,4
,680,3,5,5,7,5,338,22,40,1056,2827,1284,772,1082,1178,2810,2397,4446,2863,0,482,445,289,181,155,94,246,95,57,35,31,29,31,17,6,8,16,14,8,6,8,9,0,7,17,4,5,2,9,6,7,4,19,2,0,0,2,1,2,2,0,3,4,0,4,5,4,3,5,0,10,0,6,0,0,3,0,1,0,0,1,6,0,25,0,0,8,23,3,0,2,8,0,0,5,0,0
,685,5,8,8,8,8,514,35,64,1447,3245,1206,906,1147,1611,3269,2854,4678,3346,0,400,365,240,145,117,79,184,78,52,22,29,34,25,15,7,9,16,23,9,8,11,9,0,7,20,0,0,1,26,29,7,4,4,2,0,0,1,1,2,2,0,4,2,0,4,0,3,8,4,0,9,6,2,0,1,2,0,1,12,5,0,4,28,0,0,4,5,9,4,0,4,3,0,4,4,0,1
,690,8,13,13,13,13,738,53,95,1917,3648,1207,1086,1196,2184,3626,3275,4764,3823,19,323,306,192,114,96,64,150,58,45,49,20,27,16,33,0,8,14,8,12,1,13,9,0,0,0,22,2,1,4,25,0,4,0,2,0,0,2,0,1,3,0,5,7,0,1,3,7,6,2,0,10,1,2,0,1,3,4,1,0,0,0,6,0,0,0,1,6,2,2,0,4,10,1,2,0,0,7
,695,15,20,21,21,21,1099,86,157,2518,4032,1307,1362,1315,2899,4057,3675,4595,4195,0,264,218,133,81,65,42,105,45,29,17,13,26,10,15,0,2,11,1,6,8,9,7,0,2,0,0,1,3,0,1,0,0,0,6,1,0,0,3,0,2,0,4,0,0,5,0,0,4,3,0,8,4,0,0,0,3,1,1,0,32,0,7,0,0,37,2,0,1,2,1,5,13,0,0,4,0,7
,700,22,32,33,36,36,1475,134,243,3153,4362,1472,1656,1405,3608,4445,3937,4346,4485,0,197,167,114,49,50,37,87,38,27,24,11,15,10,10,0,4,4,7,6,7,3,8,0,0,0,0,3,4,3,10,0,1,0,1,0,0,0,0,1,2,0,3,1,0,0,0,0,7,1,0,6,0,0,0,1,2,0,0,1,0,0,3,0,0,0,6,7,0,6,0,4,10,0,0,42,0,0
,705,34,49,50,52,54,1893,189,339,3638,4407,1623,1888,1427,4246,4471,4078,3993,4592,0,146,142,86,63,47,65,69,32,21,10,9,20,14,8,0,41,10,0,10,5,4,9,0,3,0,0,1,1,4,7,8,1,0,1,3,0,0,0,0,2,0,15,1,0,3,0,0,5,0,0,20,0,0,0,0,3,0,1,3,0,1,6,0,0,17,1,3,0,4,0,7,16,7,0,0,1,0
,710,48,74,78,81,80,2262,265,458,4012,4150,1703,1954,1307,4667,4185,3875,3401,4318,0,99,96,66,27,28,31,71,52,23,13,11,26,3,7,0,0,6,0,10,8,8,9,0,1,0,0,1,0,5,5,0,0,6,2,0,30,0,0,0,2,0,4,37,0,0,0,0,9,0,0,2,0,2,0,0,2,0,1,0,0,0,9,0,0,0,19,4,0,6,0,3,17,0,1,0,0,14
,715,81,117,120,122,129,2562,369,619,4157,3607,1675,1855,1062,4879,3658,3306,2633,3736,0,69,64,45,12,26,21,35,20,14,10,7,9,7,6,0,3,3,2,8,5,0,9,0,3,0,0,1,1,7,7,0,1,0,2,1,0,0,0,2,3,0,3,1,0,4,0,3,3,5,0,1,0,0,0,1,6,0,1,1,0,0,0,31,0,0,2,0,1,0,0,5,5,0,40,8,0,4
,720,112,176,175,184,188,2723,499,751,4150,3141,1514,1669,844,4747,3178,2806,2046,3315,0,47,47,27,9,14,17,29,12,6,11,3,16,4,6,0,0,9,3,8,2,4,7,0,2,0,0,0,2,28,6,0,0,1,2,0,0,0,0,0,1,1,4,2,0,1,0,2,1,2,0,12,0,2,0,1,15,1,1,0,1,2,0,0,0,0,4,4,1,1,0,2,13,0,0,0,0,4
,725,168,241,249,265,272,2780,613,887,4131,2791,1389,1521,713,4687,2731,2426,1712,2856,0,35,38,31,1,10,14,18,15,16,9,13,10,2,3,0,0,5,0,10,1,32,11,0,3,0,0,0,2,0,10,0,1,1,2,0,5,3,0,0,1,25,1,5,0,1,0,2,0,1,0,9,0,5,0,1,3,0,1,15,1,0,1,0,0,0,0,4,1,0,4,2,13,0,8,0,0,5
,730,251,360,371,385,403,2766,750,1010,3923,2393,1211,1286,565,4522,2267,2057,1369,2440,0,36,29,42,1,2,19,22,16,7,14,7,13,1,8,0,0,12,1,7,8,10,7,0,0,0,0,0,2,9,6,25,2,0,3,1,2,0,0,2,2,0,3,0,0,1,0,0,10,1,0,9,0,0,0,0,4,0,1,3,0,0,2,0,0,0,0,0,9,2,2,3,18,0,0,11,0,9
,735,376,543,571,596,608,2764,912,1169,3731,1984,1038,1044,441,4077,1884,1696,1061,2004,0,44,23,29,0,14,15,15,13,17,12,5,17,4,14,0,36,0,5,43,0,11,11,0,4,0,0,0,1,4,0,0,0,0,2,1,0,0,0,0,3,0,1,0,0,7,0,2,2,2,0,8,0,0,0,1,5,3,0,1,0,0,14,38,0,0,2,0,49,0,2,6,17,3,3,6,41,13
,740,599,874,890,932,950,2512,1079,1236,3166,1464,750,754,291,3370,1326,1250,748,1439,0,13,23,23,0,2,23,9,5,40,11,4,9,47,5,0,3,0,11,8,6,4,11,0,10,0,0,0,2,0,1,0,0,0,3,0,0,0,0,0,2,0,4,3,0,0,0,0,2,1,0,15,0,6,0,1,7,2,1,0,0,0,4,0,0,53,0,0,2,1,2,8,2,0,0,9,0,0
,745,861,1252,1263,1329,1352,2312,1178,1342,2585,1159,587,577,233,2763,1014,994,576,1172,0,11,21,21,1,7,22,15,10,22,16,0,4,9,8,0,0,4,5,13,0,4,11,30,0,36,0,1,1,1,14,0,0,0,2,1,0,0,0,1,13,0,4,0,0,5,0,0,0,2,0,14,0,6,0,1,7,0,3,0,1,0,13,0,0,0,0,6,0,0,0,7,17,1,0,22,0,16
,750,1198,1712,1746,1826,1864,2078,1225,1309,2091,868,428,448,169,2239,775,759,420,872,0,9,21,18,0,4,22,4,11,60,5,3,9,4,0,0,0,7,6,2,13,6,14,0,0,0,4,4,1,1,5,0,0,0,3,1,0,0,0,0,3,0,8,12,0,6,0,2,0,2,0,16,0,3,41,1,18,0,2,2,0,0,9,0,0,9,1,0,6,0,0,12,31,0,0,15,0,8
,755,1672,2371,2407,2541,2573,1746,1246,1287,1601,618,301,305,120,1654,538,535,306,620,0,7,8,18,0,9,11,0,13,14,18,0,8,4,5,0,0,2,8,74,3,4,13,0,0,0,0,0,0,3,6,0,0,0,2,1,0,0,0,1,2,0,12,0,0,3,0,9,1,1,0,9,0,2,0,1,5,8,0,2,64,3,8,0,0,0,0,70,15,0,0,9,3,0,0,19,0,12
,760,2252,3244,3204,3369,3400,1475,1232,1191,1192,438,217,230,86,1240,391,392,223,431,0,0,21,30,0,16,23,20,13,16,14,1,12,20,17,0,6,6,14,8,17,8,22,0,0,0,4,0,1,3,7,4,0,0,4,1,0,0,25,1,5,0,4,15,0,4,0,0,5,8,0,2,8,0,0,1,15,2,2,0,0,1,4,0,0,0,0,13,0,11,6,13,69,0,11,15,0,2
,765,2866,4110,4064,4261,4309,1148,1120,1061,823,308,150,153,52,846,263,264,178,300,0,0,24,23,0,3,18,5,4,11,26,0,26,0,92,0,0,0,0,7,0,0,19,0,0,0,0,0,1,0,4,1,6,6,4,1,0,0,0,0,3,0,13,4,0,4,0,11,10,0,0,9,0,9,0,1,7,1,1,0,0,0,10,0,0,0,0,0,0,5,10,15,15,0,0,3,4,0
,770,3229,4668,4654,4808,4873,877,1031,939,620,214,103,123,33,621,201,198,107,225,0,5,13,10,0,20,18,18,18,17,19,102,12,0,3,0,0,0,5,13,5,5,11,0,0,0,0,0,1,11,2,72,0,0,4,2,0,4,0,1,4,0,11,0,0,9,0,0,14,0,0,15,0,0,0,2,5,11,2,6,0,0,14,0,0,125,2,11,1,10,0,4,41,0,0,15,0,9
,775,3541,5092,5023,5278,5208,675,924,809,504,166,86,89,40,470,153,151,93,164,0,9,25,26,0,9,47,85,0,29,24,18,31,4,9,0,8,0,13,16,0,29,23,0,0,0,0,0,7,7,45,1,0,0,5,2,0,0,0,1,4,0,7,8,0,7,0,0,26,2,0,31,0,0,69,6,15,3,2,6,0,0,6,0,0,0,6,32,8,67,29,101,21,0,6,19,0,27
,780,3468,5249,5192,5319,5288,491,713,645,328,114,44,58,56,334,103,111,67,139,0,80,13,36,51,0,13,13,22,32,23,0,0,0,0,0,0,26,15,0,26,23,24,0,0,0,0,0,1,0,22,0,0,0,3,2,0,0,0,0,2,2,13,0,0,10,0,0,8,0,0,29,0,3,0,0,44,0,2,0,0,0,10,0,0,14,0,6,0,27,10,0,46,0,0,25,0,3
,785,3042,4965,4798,5064,4967,338,564,496,235,83,15,43,18,256,71,76,51,87,0,4,15,11,0,14,125,7,26,19,127,111,0,120,10,49,7,0,3,23,25,13,29,0,0,0,0,0,5,11,12,0,0,0,6,1,0,100,0,2,0,0,15,0,0,15,0,0,12,16,0,25,0,45,0,1,26,6,2,0,0,1,4,0,0,0,0,70,0,27,3,32,34,0,0,16,0,162
,790,2574,4612,4343,4598,4471,224,418,379,177,60,9,4,0,180,79,46,35,66,0,0,16,14,0,2,48,2,29,154,48,0,27,0,34,0,0,79,0,21,0,17,35,0,0,0,0,0,4,5,19,0,1,0,9,1,112,81,0,0,6,0,15,17,19,0,114,0,6,0,0,24,0,11,0,2,14,0,4,1,0,0,0,0,124,0,0,30,2,5,0,19,48,0,0,21,151,30
,795,2183,4097,3818,4000,3949,169,350,278,136,39,0,4,21,141,41,43,42,46,0,0,2,0,0,0,34,11,28,20,36,0,18,2,23,0,8,18,0,19,0,157,30,0,117,0,0,0,2,6,146,0,10,0,7,1,0,15,0,0,33,0,19,33,0,20,0,11,18,9,0,40,11,35,0,2,13,0,4,6,0,0,30,0,0,0,8,36,15,15,12,20,58,0,134,187,0,32
,800,1637,3493,3263,3408,3284,117,230,195,109,19,4,10,13,103,28,27,24,29,0,0,34,26,0,0,37,9,5,28,39,58,0,0,170,0,0,0,57,0,0,13,56,0,0,0,0,0,6,0,30,0,8,0,5,3,0,0,0,0,7,0,16,20,0,0,0,8,2,0,0,40,0,38,0,2,21,2,5,3,0,0,0,0,0,0,4,21,26,13,0,34,26,0,0,5,0,0
,805,1097,2683,2406,2516,2429,69,151,141,71,20,0,8,0,69,18,4,18,22,0,0,17,8,0,27,28,0,0,35,34,7,46,184,14,0,0,0,0,0,0,22,21,0,0,0,0,0,0,0,20,6,0,0,6,0,0,0,5,0,11,0,12,21,109,8,0,0,7,0,141,9,0,0,0,3,18,0,3,0,0,0,0,0,0,0,208,14,0,24,0,24,63,25,0,11,18,54
,810,818,2129,1913,1997,1943,53,112,103,75,13,0,12,10,57,18,15,10,15,0,0,148,39,0,34,52,0,31,86,51,0,210,0,34,0,0,0,19,11,0,0,45,0,2,0,0,0,3,0,0,0,0,0,10,2,0,0,0,7,2,0,16,0,0,0,0,29,13,7,0,102,0,30,0,1,26,98,7,3,0,0,50,0,0,0,0,15,8,0,0,11,37,2,27,12,0,17
,815,602,1680,1463,1565,1524,28,78,73,42,2,0,5,0,42,6,9,11,0,0,0,15,26,0,0,0,8,10,50,65,0,10,0,7,0,0,0,0,65,0,11,51,0,2,0,113,0,0,0,52,0,0,0,12,2,0,0,0,7,0,0,22,0,0,12,0,0,181,0,0,46,0,21,0,14,66,0,2,13,3,0,0,0,0,0,23,22,27,11,0,19,125,0,0,0,196,32
,820,413,1255,1108,1152,1090,21,70,55,38,19,0,0,0,33,10,0,0,2,0,0,159,34,0,0,48,0,26,263,52,0,232,9,2,0,35,11,0,14,28,24,66,109,0,0,0,0,6,0,0,0,0,0,26,3,0,0,4,0,15,0,24,17,0,59,0,0,0,177,0,46,0,6,0,4,25,0,56,0,0,0,20,0,0,0,251,0,0,0,0,13,82,0,27,64,0,183
,825,292,901,822,859,800,0,51,46,53,2,0,22,0,26,6,0,12,0,0,0,31,68,0,0,37,0,30,177,62,18,34,11,30,0,0,0,0,10,21,150,66,0,0,0,0,0,5,0,19,0,0,0,13,3,0,0,0,0,13,32,31,0,0,17,0,36,19,17,0,49,0,15,0,4,24,0,74,0,0,2,0,0,0,0,0,291,3,3,14,48,90,0,0,52,0,52
,830,204,661,560,592,566,0,30,49,36,16,0,0,0,34,0,0,10,0,0,0,47,60,0,0,66,61,11,73,76,0,370,0,12,0,0,44,0,0,0,72,55,0,0,0,25,273,4,22,84,4,2,0,11,3,0,0,0,7,11,0,66,0,0,11,0,0,0,0,0,71,35,47,0,24,37,0,7,6,0,0,42,0,0,0,0,28,0,0,0,0,138,0,0,128,0,45
,835,160,525,432,463,443,0,27,17,37,0,0,0,0,30,0,0,13,0,0,0,0,126,0,0,0,395,89,75,192,92,36,0,17,0,0,71,0,132,1,119,129,0,5,0,0,349,16,0,91,0,0,0,25,9,0,39,0,9,0,0,62,0,0,15,294,0,57,0,0,50,0,0,0,7,50,0,1,0,0,0,28,0,0,0,0,52,0,37,0,37,141,0,0,88,5,45
,840,112,393,366,363,337,0,24,37,49,99,0,108,329,26,39,0,3,0,0,0,66,118,0,77,160,26,118,126,210,0,138,81,74,0,0,51,0,124,0,91,93,0,0,388,0,0,23,79,83,0,0,0,30,9,0,0,229,239,18,63,46,0,0,326,0,0,30,42,0,188,0,186,0,8,236,21,0,0,0,0,185,0,21,0,17,94,0,55,0,0,49,0,40,109,119,0
,845,66,284,256,228,204,0,9,45,36,0,0,301,0,65,0,0,32,0,0,0,40,166,0,101,241,0,59,99,309,0,168,46,39,0,0,0,58,41,31,8,279,0,119,0,0,0,258,0,107,0,0,0,172,8,0,0,0,0,270,0,115,84,0,53,0,0,0,270,0,260,0,0,0,82,91,16,29,0,0,14,237,0,0,0,0,93,48,315,0,177,229,12,0,142,0,0
,850,42,200,153,165,114,0,0,66,586,0,0,0,0,24,0,298,0,0,0,0,0,124,0,123,439,0,172,116,759,0,1811,0,0,0,284,0,0,203,146,294,429,0,0,0,0,0,431,310,129,0,12,0,81,147,0,0,0,0,22,0,247,0,0,169,0,0,230,0,0,243,0,0,0,26,232,27,70,79,0,82,0,0,0,0,0,0,0,106,0,291,429,19,0,0,0,297
,,,,,,,,,,,,,,,,,,,,,,,,,,,,,,,,,,,,,,,,,,,,,,,,,,,,,,,,,,,,,,,,,,,,,,,,,,,,,,,,,,,,,,,,,,,,,,,,,
Read 44:EM Spectrum,,,,,,,,,,,,,,,,,,,,,,,,,,,,,,,,,,,,,,,,,,,,,,,,,,,,,,,,,,,,,,,,,,,,,,,,,,,,,,,,,,,,,,,,,,,,,,,,,
,,,,,,,,,,,,,,,,,,,,,,,,,,,,,,,,,,,,,,,,,,,,,,,,,,,,,,,,,,,,,,,,,,,,,,,,,,,,,,,,,,,,,,,,,,,,,,,,,
,Wavelength,A1,A2,A3,A4,A5,A6,A7,A8,A9,A10,A11,A12,B1,B2,B3,B4,B5,B6,B7,B8,B9,B10,B11,B12,C1,C2,C3,C4,C5,C6,C7,C8,C9,C10,C11,C12,D1,D2,D3,D4,D5,D6,D7,D8,D9,D10,D11,D12,E1,E2,E3,E4,E5,E6,E7,E8,E9,E10,E11,E12,F1,F2,F3,F4,F5,F6,F7,F8,F9,F10,F11,F12,G1,G2,G3,G4,G5,G6,G7,G8,G9,G10,G11,G12,H1,H2,H3,H4,H5,H6,H7,H8,H9,H10,H11,H12
,500,1,1,1,1,1,4,6,6,8,9,14,20,19,6,7,8,8,10,2,17,18,24,17,19,20,22,17,20,20,24,21,25,21,22,16,26,20,15,19,19,19,6,14,13,14,18,14,15,2,3,14,11,13,15,3,11,16,15,14,13,19,6,17,17,15,19,17,15,9,10,19,15,6,19,13,14,9,3,8,23,18,20,13,10,10,8,11,15,20,3,47,52,13,17,33,46
,505,1,1,1,1,1,4,4,5,8,11,13,15,17,6,7,7,9,9,2,16,21,18,21,22,15,22,17,22,24,20,26,18,26,26,22,19,19,15,17,18,17,6,15,13,15,12,13,16,2,3,11,10,8,16,3,15,12,9,10,16,16,7,11,16,14,12,13,18,6,17,17,15,4,18,14,15,7,3,7,28,13,12,10,9,9,10,14,9,11,3,83,86,19,22,68,80
,510,1,0,1,1,1,4,5,6,7,9,12,20,16,4,7,6,11,10,2,15,15,23,20,23,19,20,16,24,19,25,20,16,21,23,20,17,16,11,15,14,18,6,18,13,13,12,14,17,2,4,10,11,8,19,2,10,14,9,10,12,11,6,15,11,10,14,17,16,6,16,20,20,4,12,12,10,7,4,6,26,18,20,14,14,24,17,12,17,17,4,172,182,18,25,146,151
,515,1,0,1,1,1,4,5,4,7,8,15,16,11,4,8,7,8,10,3,17,17,22,15,23,17,17,20,17,23,17,25,20,14,19,19,28,20,18,10,14,11,4,17,12,17,12,16,14,1,4,15,10,11,16,2,14,15,9,10,11,17,6,10,10,15,12,12,17,6,17,14,12,4,16,16,10,6,3,8,28,18,21,16,12,15,18,14,20,17,3,432,453,14,43,357,387
,520,1,1,1,1,1,4,4,4,7,10,14,13,15,4,8,6,7,6,2,16,16,20,19,25,19,21,18,17,24,18,19,17,26,19,21,24,13,16,11,17,16,4,13,9,18,16,19,15,2,3,10,13,8,14,3,10,17,10,14,16,20,7,18,19,17,17,11,11,9,11,19,20,5,12,18,9,6,3,8,19,12,27,16,16,21,19,25,19,30,5,915,1027,26,73,779,824
,525,1,0,1,1,1,4,5,5,6,9,13,16,14,4,5,7,7,6,2,18,13,14,18,20,14,13,13,17,17,22,20,17,15,23,18,24,19,17,11,13,12,5,12,9,12,15,20,22,2,4,15,14,11,10,4,17,14,17,18,17,18,12,13,12,20,20,21,13,7,19,16,20,5,14,21,10,5,3,6,19,26,38,24,28,34,32,35,38,38,9,1736,1777,36,122,1353,1582
,530,1,0,1,1,1,5,3,5,6,6,12,11,13,3,5,5,6,5,2,10,17,16,17,19,17,17,18,21,24,24,19,17,23,20,24,29,16,18,15,19,12,6,15,14,14,15,14,27,3,4,13,16,17,17,3,16,24,24,21,30,18,14,26,25,24,22,21,17,13,23,28,28,5,14,25,12,7,3,6,23,40,65,43,45,67,61,57,69,79,14,3218,3361,68,268,2672,2931
,535,0,0,1,1,1,3,4,4,4,6,9,10,12,5,4,4,6,7,2,14,16,18,11,19,18,15,13,19,27,24,30,28,23,27,22,33,27,23,15,20,22,5,17,17,23,29,22,32,4,4,14,17,19,26,7,23,36,36,36,44,34,24,40,40,37,41,37,37,16,43,35,33,6,19,32,17,11,3,10,37,61,126,84,88,112,102,113,130,145,28,4861,5015,116,430,3892,4420
,540,0,0,1,0,1,4,3,4,5,8,8,8,8,2,5,5,11,5,1,12,12,19,18,21,18,18,13,42,35,34,39,35,37,35,48,67,41,31,22,25,25,7,25,21,30,40,37,57,6,6,23,27,24,32,8,44,62,55,65,67,61,38,58,69,60,62,51,47,24,58,49,55,9,24,41,19,13,5,11,48,97,195,143,135,166,159,184,191,201,43,5817,6190,175,578,4729,5157
,545,0,0,1,0,0,3,4,3,3,4,7,14,12,4,3,4,7,4,2,14,17,17,23,35,26,14,18,42,49,59,55,53,53,56,57,96,56,40,37,33,41,11,41,33,48,54,56,85,9,11,40,33,38,53,12,62,88,75,90,106,78,46,82,98,81,95,76,80,33,86,83,86,12,29,74,24,13,6,13,57,151,267,186,185,240,208,233,255,271,50,6209,6434,231,679,5144,5504
,550,1,0,0,1,1,3,4,4,3,7,11,11,6,2,5,6,10,6,2,8,13,21,32,51,49,19,25,73,87,105,96,79,99,104,93,174,99,64,52,52,63,22,54,41,79,92,87,139,13,14,52,52,58,77,15,91,133,109,120,131,109,62,123,129,112,132,100,104,48,119,110,104,16,38,107,34,21,7,16,74,183,334,235,226,274,255,281,292,315,64,6047,5972,281,708,4804,5169
,555,1,0,0,0,1,3,2,3,3,5,8,16,7,2,4,4,4,5,0,13,21,36,52,108,98,36,52,161,177,203,202,170,204,208,179,338,185,121,91,90,88,28,88,65,108,124,119,186,16,20,76,75,81,102,20,116,155,137,149,162,134,81,154,167,135,160,142,142,68,146,144,138,19,46,138,39,22,7,18,71,223,361,254,243,305,283,301,303,318,65,4874,4772,303,633,3846,4133
,560,0,0,0,0,1,2,4,2,2,5,10,22,12,2,4,3,8,3,1,18,37,65,111,214,198,66,95,320,335,397,384,334,370,381,311,582,320,199,148,135,123,39,117,92,156,174,166,267,20,26,91,94,100,117,25,130,183,166,173,179,156,96,185,196,175,202,181,187,86,186,194,194,22,55,183,46,24,8,21,92,249,298,241,216,272,277,284,288,274,57,3453,3415,284,514,2693,3100
,565,0,0,0,0,0,2,2,2,2,4,12,36,13,2,3,3,4,4,1,36,62,110,183,346,328,103,167,514,528,619,603,522,548,583,427,856,454,264,187,182,150,53,149,111,197,209,207,327,21,27,99,102,106,129,24,139,186,163,178,188,163,108,198,221,196,225,210,217,97,207,210,203,24,56,219,49,23,9,21,80,248,273,216,187,236,237,256,253,240,50,2469,2497,238,406,1957,2139
,570,1,0,0,0,0,1,2,2,4,4,15,54,18,2,4,3,7,5,1,49,105,185,310,559,534,185,271,786,753,934,904,785,778,822,576,1151,609,345,247,240,193,62,178,134,247,250,257,393,20,29,102,107,108,122,26,132,184,168,179,195,178,112,222,253,216,256,246,244,111,231,238,232,22,52,245,48,23,9,20,78,225,198,180,149,177,201,189,187,194,39,1690,1617,188,292,1332,1403
,575,0,0,0,0,0,2,2,2,2,4,21,106,33,1,4,3,5,4,1,86,195,328,521,897,850,314,437,1180,1096,1329,1273,1084,1030,1129,750,1418,773,450,319,316,253,80,232,180,300,313,319,505,20,32,102,112,110,125,25,134,198,171,184,197,193,128,250,274,252,284,276,278,115,238,252,232,19,43,249,40,18,7,17,63,180,144,127,106,142,133,139,136,136,27,980,950,129,192,794,849
,580,0,0,0,0,0,2,2,2,2,7,41,194,59,2,5,4,7,4,1,164,327,539,820,1263,1193,526,667,1542,1346,1655,1632,1403,1263,1332,927,1630,927,593,388,399,304,104,296,208,375,378,379,590,20,35,104,117,111,123,25,136,184,184,207,203,210,144,273,315,279,312,291,275,118,222,227,212,16,34,235,32,16,6,13,47,132,97,88,72,82,91,92,93,91,19,581,577,91,127,434,499
,585,0,0,0,0,0,2,1,2,2,9,75,353,112,2,7,5,13,7,0,291,564,865,1163,1631,1525,852,986,1812,1543,1894,1825,1559,1365,1398,1009,1594,1052,671,461,473,375,123,354,246,429,435,442,670,20,40,113,124,115,122,26,146,210,205,231,231,234,159,298,325,292,315,273,245,102,193,185,180,11,25,195,24,11,4,11,37,87,61,65,51,52,69,66,61,62,11,314,315,70,72,252,267
,590,0,0,0,0,0,2,1,2,3,11,126,560,186,2,9,7,23,10,0,432,785,1163,1462,1782,1737,1119,1234,1827,1518,1852,1813,1566,1348,1333,1018,1468,1041,692,483,519,414,137,400,270,461,484,473,660,21,46,114,135,124,128,28,150,212,228,248,254,245,156,282,319,273,278,231,219,84,152,148,133,10,21,153,19,9,3,8,26,61,44,41,37,39,44,43,42,47,9,211,198,43,61,156,171
,595,0,0,0,0,0,2,1,1,4,19,213,828,300,3,14,11,37,15,0,647,1049,1448,1659,1817,1752,1440,1475,1735,1393,1689,1687,1428,1231,1199,924,1277,974,668,486,523,436,143,412,275,479,479,467,636,24,52,129,145,134,133,32,163,241,240,264,261,253,141,257,281,232,230,201,167,67,119,108,104,7,15,119,15,7,3,7,23,49,33,30,28,27,30,35,30,37,8,137,126,35,40,106,115
,600,1,0,0,0,0,4,1,1,7,34,384,1246,499,7,29,20,74,28,0,904,1344,1715,1772,1656,1659,1777,1643,1416,1173,1375,1357,1191,996,926,778,923,778,589,443,474,424,134,398,273,458,448,428,549,24,61,137,157,146,142,33,173,240,265,248,257,227,124,210,221,189,179,146,121,47,80,74,66,5,12,80,11,6,2,8,17,34,22,23,19,21,19,23,21,21,5,79,74,24,21,56,66
,605,0,0,1,0,0,2,1,1,12,62,641,1643,776,13,52,39,140,49,0,1194,1536,1811,1672,1328,1361,1904,1672,1044,862,993,1010,899,760,673,561,667,601,464,359,392,362,116,358,240,388,396,350,428,24,65,149,175,161,149,35,170,219,227,216,229,188,84,148,158,125,131,105,83,33,58,54,47,4,9,53,14,4,2,4,13,27,17,14,16,13,13,17,17,16,4,40,49,19,17,35,41
,610,0,0,0,0,0,3,1,1,21,107,957,1918,1055,24,89,61,232,84,0,1386,1580,1747,1478,1055,1110,1887,1631,808,672,757,752,679,559,508,420,490,441,343,280,322,302,95,297,203,321,321,284,339,23,67,152,170,170,147,34,156,196,198,182,197,162,67,125,115,89,92,71,60,24,40,41,34,3,5,41,6,3,2,3,8,22,14,11,14,12,11,13,14,16,4,29,44,15,14,23,26
,615,0,0,0,0,0,5,1,1,35,167,1325,2076,1313,38,146,98,366,143,0,1483,1553,1642,1269,862,873,1811,1479,633,512,577,586,520,407,386,324,353,325,270,226,240,256,78,250,157,262,252,224,251,20,63,139,167,163,132,30,133,160,168,138,165,113,50,85,88,67,68,55,50,17,33,33,29,3,3,32,7,5,1,3,9,16,8,9,10,8,8,13,9,10,3,24,29,22,9,22,18
,620,0,0,0,0,0,7,1,1,61,304,1788,2040,1579,68,254,171,595,242,0,1538,1401,1396,998,620,659,1566,1241,459,365,419,421,375,294,279,229,241,236,185,155,184,192,57,185,120,194,180,162,184,16,57,119,146,134,112,24,103,118,128,102,119,87,36,62,57,46,50,50,34,13,25,23,18,2,11,21,10,3,1,2,7,19,9,7,11,11,6,13,7,10,2,15,19,10,8,12,14
,625,0,1,0,0,0,12,1,2,114,504,2141,1797,1736,127,431,287,931,399,0,1423,1174,1112,745,463,498,1289,979,341,251,313,295,280,207,207,147,177,161,126,106,126,140,40,131,90,136,124,113,124,13,46,104,119,107,88,19,79,84,85,67,84,55,26,40,41,31,34,29,23,10,19,16,10,2,2,20,3,2,1,2,4,7,7,6,6,5,2,7,8,17,2,13,13,8,6,6,8
,630,1,0,0,0,0,26,1,2,191,800,2402,1491,1733,224,690,468,1388,643,0,1251,970,879,569,375,376,1004,743,268,191,240,244,218,147,165,108,127,111,85,82,87,95,28,93,59,95,94,77,88,9,32,76,88,81,63,14,50,60,56,50,57,46,16,27,27,23,28,20,19,9,15,15,10,1,1,15,6,2,1,4,4,8,5,4,15,3,7,6,7,6,2,5,12,9,4,4,8
,635,0,0,1,0,0,35,1,2,290,1157,2450,1208,1693,340,955,663,1788,899,0,1079,836,709,491,325,328,835,602,239,162,206,197,173,128,130,78,120,90,67,55,61,77,22,63,48,72,75,56,69,7,26,65,67,60,47,11,38,44,46,35,51,32,15,22,35,18,22,17,14,6,15,14,9,1,1,11,3,1,1,3,7,7,0,3,5,13,3,7,6,2,2,7,8,6,0,6,5
,640,0,0,0,0,0,55,2,5,467,1637,2357,918,1495,524,1320,919,2229,1258,0,910,693,595,403,298,281,680,450,206,125,175,162,145,80,113,61,77,63,48,39,48,52,15,50,36,52,46,49,49,6,19,44,49,43,31,7,33,35,31,26,39,31,12,18,15,16,20,11,11,6,11,11,5,2,0,24,3,2,2,2,5,5,2,2,7,0,0,6,6,5,2,5,9,5,5,4,0
,645,1,0,0,0,0,97,3,8,692,2129,2061,730,1297,806,1747,1268,2692,1665,0,781,601,495,365,278,246,557,352,176,106,131,139,120,67,87,61,59,50,37,29,39,39,11,36,25,40,46,35,37,3,14,33,35,31,31,6,33,26,20,18,28,19,9,16,17,9,13,10,9,6,24,7,0,0,0,9,3,1,1,2,1,7,1,0,7,3,0,3,4,8,3,13,16,19,0,2,1
,650,0,0,0,1,0,161,5,15,1065,2739,1642,560,1064,1217,2250,1664,3028,2159,0,634,532,433,319,274,220,482,266,160,74,114,107,94,52,72,36,48,38,28,25,27,43,7,25,21,31,24,25,27,3,10,25,24,18,12,4,15,19,15,12,19,13,7,11,8,9,14,10,11,4,7,6,1,0,1,21,3,2,1,2,0,4,0,3,5,0,1,3,1,5,2,20,3,3,0,2,3
,655,0,0,0,1,1,238,8,21,1384,3162,1347,492,923,1603,2680,2008,3206,2509,0,575,514,418,315,256,217,441,219,145,82,95,93,82,39,60,29,42,33,31,27,20,21,8,16,13,35,20,16,20,2,6,17,15,16,7,4,13,14,14,7,30,11,14,9,25,5,26,7,7,3,10,3,0,0,0,2,2,1,1,2,2,1,2,0,5,1,0,4,0,1,1,22,7,4,1,21,3
,660,0,1,1,1,1,355,11,32,1745,3388,1104,467,811,2043,3019,2348,3323,2862,0,539,520,402,299,260,189,393,177,128,52,79,75,64,39,41,26,35,25,21,12,21,18,5,16,15,20,16,23,16,2,5,13,11,9,3,3,11,29,7,4,12,8,6,4,9,6,10,9,0,3,6,2,0,1,1,4,3,0,1,2,0,24,3,3,5,0,1,17,2,2,2,1,8,2,21,0,0
,665,1,1,1,1,1,517,18,50,2152,3514,928,481,776,2605,3249,2652,3213,3164,0,516,499,391,281,244,166,366,152,115,46,63,63,52,26,43,21,26,22,12,16,13,12,4,9,12,11,11,13,17,1,4,10,11,5,0,2,8,11,5,0,22,8,7,2,6,7,11,3,5,2,6,5,0,0,10,2,1,0,1,1,0,2,0,0,9,0,0,0,2,1,1,0,7,8,0,0,1
,670,1,2,2,3,2,780,31,85,2597,3456,818,542,777,3158,3465,2930,2987,3339,0,482,469,363,243,231,131,313,112,91,30,47,52,40,24,35,20,19,19,7,7,14,8,4,3,10,11,7,13,10,1,3,5,26,0,0,2,4,9,0,1,7,6,5,3,3,2,10,1,5,4,8,4,0,0,0,5,2,1,1,1,0,0,0,0,6,3,2,1,0,0,1,3,6,2,0,26,1
,675,2,3,3,3,3,1067,50,132,2927,3218,813,624,837,3540,3542,3171,2776,3476,0,449,455,326,211,176,109,276,111,77,26,40,42,27,20,29,14,23,32,6,3,4,7,1,8,7,9,3,9,12,1,2,0,6,0,0,2,5,11,1,6,32,4,5,0,4,3,9,25,4,4,30,4,1,0,0,3,15,1,0,1,0,1,0,2,10,0,0,0,0,3,1,0,8,8,2,0,3
,680,4,4,6,5,5,1442,75,207,3205,2891,808,749,908,3907,3463,3216,2512,3536,0,406,410,279,168,146,79,234,71,62,18,29,38,20,12,21,12,10,12,7,0,9,1,2,0,6,9,3,4,24,1,1,7,2,13,0,1,3,4,2,1,7,8,3,10,5,3,5,0,2,2,4,25,0,0,0,5,3,1,1,2,0,0,0,0,7,0,0,2,0,2,1,0,5,3,3,0,0
,685,5,7,8,9,9,1867,115,316,3358,2542,886,919,1019,4175,3341,3239,2247,3549,0,365,348,235,132,114,55,190,63,44,16,25,25,19,14,41,10,37,8,3,5,15,4,1,0,7,5,4,8,5,1,1,8,1,0,0,0,5,7,0,5,6,4,7,3,3,3,2,0,9,5,7,1,0,0,0,7,1,0,1,1,0,0,0,0,10,0,0,24,2,5,2,0,14,34,0,2,0
,690,8,11,14,13,14,2376,181,485,3466,2209,1031,1126,1187,4301,3123,3235,2069,3329,0,288,279,193,104,87,57,147,69,33,10,20,30,6,13,16,13,19,9,11,11,9,3,1,23,7,2,3,5,0,1,1,19,0,0,0,0,0,27,0,21,7,5,3,31,2,2,4,32,3,3,4,2,0,1,0,0,0,2,1,0,0,0,2,0,8,0,0,6,0,0,1,0,10,5,5,4,0
,695,14,19,23,21,22,2995,301,734,3504,1916,1258,1434,1361,4264,2821,3078,1904,3190,0,229,221,155,69,53,27,116,40,23,10,12,14,5,10,8,6,9,9,5,3,11,0,1,18,17,9,2,1,4,1,1,5,1,18,9,0,2,5,0,0,9,3,7,0,0,0,2,0,3,1,13,0,0,0,0,20,3,0,1,1,0,8,0,0,12,0,0,1,0,5,2,3,1,6,0,0,0
,700,23,30,33,33,36,3566,431,1055,3394,1881,1500,1748,1474,4217,2613,2938,1917,3143,0,173,157,103,49,72,16,91,38,20,5,10,19,0,7,12,6,3,7,29,0,5,2,0,0,5,2,1,3,0,0,0,3,0,0,0,1,3,0,0,0,10,7,4,2,6,11,1,0,0,0,8,4,0,0,0,3,0,0,1,2,0,0,0,0,7,1,0,0,1,0,2,0,0,4,0,5,0
,705,36,47,51,51,54,4049,633,1401,3298,1864,1746,1973,1543,4031,2434,2713,1865,2947,0,131,113,93,31,40,17,73,58,16,4,4,37,0,2,48,43,8,6,0,0,6,2,0,28,9,11,0,2,3,1,0,8,0,0,0,0,5,29,0,0,3,7,8,6,2,0,0,0,0,4,8,3,0,0,0,2,2,0,2,1,0,0,0,0,20,0,0,5,1,0,2,0,7,52,4,5,2
,710,55,68,76,77,80,4343,839,1719,3060,1889,1876,2089,1400,3536,2137,2357,1777,2585,0,87,83,66,57,26,2,48,22,18,1,9,9,0,4,7,5,10,3,0,2,7,0,0,0,3,1,0,0,0,1,6,2,0,0,0,1,0,7,20,0,8,2,1,0,2,0,0,0,3,3,9,0,25,2,5,2,3,1,1,11,0,1,1,0,7,0,0,3,0,6,2,1,8,10,0,0,0
,715,86,109,121,124,128,4380,1100,2104,2614,1772,1842,1996,1115,3002,1713,1831,1517,2178,0,53,52,48,9,13,7,39,15,15,0,7,13,0,3,14,9,0,0,0,4,6,0,0,0,7,0,0,9,3,0,0,2,0,0,0,0,4,10,0,0,5,5,3,15,0,1,5,0,0,7,4,4,0,2,0,0,2,1,1,2,0,0,0,0,5,14,0,1,0,4,1,3,8,6,6,0,0
,720,125,163,178,178,185,4318,1318,2364,2344,1704,1745,1776,910,2547,1443,1464,1252,1824,0,34,44,32,9,10,3,27,19,12,5,11,6,0,0,9,5,0,7,0,0,1,0,0,0,9,2,0,4,0,1,0,4,0,21,0,1,4,7,0,1,2,0,3,0,2,0,1,0,1,3,16,2,0,0,0,6,1,1,1,10,0,4,0,0,8,0,0,0,1,0,2,1,8,0,4,0,0
,725,182,236,261,261,266,4188,1537,2645,2123,1675,1585,1606,749,2256,1205,1216,1082,1556,0,24,35,36,19,8,0,24,12,10,2,5,6,0,12,7,5,0,0,7,29,2,0,0,0,4,1,0,5,0,1,7,5,0,0,0,2,2,0,0,0,4,10,4,0,0,0,3,0,6,4,13,2,19,0,0,5,2,0,1,0,0,0,36,0,30,0,0,1,0,1,2,1,45,6,0,0,0
,730,266,342,373,380,395,4031,1786,2715,1901,1530,1397,1337,590,1951,1011,977,903,1263,0,15,33,28,0,10,0,23,10,0,0,0,1,0,2,6,5,2,2,4,0,7,0,1,0,5,9,0,2,0,1,1,2,0,0,0,1,4,5,0,0,10,2,6,30,0,0,40,0,0,5,8,0,0,9,0,0,4,0,5,2,1,0,0,0,6,0,0,8,1,10,2,0,5,9,0,0,0
,735,403,530,575,573,599,3770,1890,2797,1657,1328,1181,1123,456,1654,802,783,716,1026,0,8,17,29,0,14,0,18,11,6,0,8,10,0,0,13,13,10,8,0,1,0,6,0,1,5,5,0,2,1,1,0,0,0,0,0,0,6,5,0,0,8,0,6,0,0,0,0,4,0,4,0,2,0,0,0,10,0,0,1,2,0,0,0,0,12,0,0,3,5,5,4,0,12,7,0,0,8
,740,657,838,916,913,942,2982,1986,2628,1257,1042,867,815,335,1225,585,559,525,737,0,0,42,23,0,5,0,23,17,2,47,1,3,0,4,8,2,8,3,0,2,0,0,0,0,9,0,0,5,0,0,0,0,0,0,0,0,0,41,0,0,8,53,7,0,0,0,3,1,0,6,4,0,0,1,0,0,0,0,0,2,0,0,0,0,11,0,0,6,9,2,5,0,5,6,11,0,0
,745,919,1171,1309,1304,1343,2509,2011,2460,1007,840,675,615,248,956,462,420,384,565,0,0,0,26,0,6,0,22,32,0,5,0,5,0,6,12,7,3,5,0,0,11,0,1,0,5,3,0,0,0,0,0,2,0,0,0,3,2,6,0,0,20,5,12,0,42,0,8,0,0,2,11,56,0,1,0,2,33,22,1,3,0,0,0,0,16,0,0,8,0,0,3,3,0,11,1,0,6
,750,1291,1658,1794,1797,1884,1978,1847,2181,754,631,505,467,180,710,345,314,280,431,0,0,6,28,0,0,0,17,14,0,0,14,6,0,55,44,11,11,61,0,0,10,0,0,0,9,7,0,4,0,0,0,0,0,0,0,0,4,6,0,0,12,0,9,0,0,0,3,1,6,4,3,6,0,0,0,0,4,0,5,2,0,0,0,0,14,0,0,0,0,4,4,0,15,4,0,0,0
,755,1779,2297,2494,2487,2551,1467,1713,1802,540,452,355,366,127,493,233,233,190,294,0,0,0,20,0,0,0,11,19,0,0,0,0,0,2,5,6,0,13,0,0,0,0,0,0,11,0,0,5,0,1,0,0,0,0,0,0,7,10,0,0,0,3,4,0,9,0,0,0,0,8,2,0,0,0,0,0,3,0,2,5,0,0,0,0,7,0,0,2,0,6,5,0,98,20,0,63,0
,760,2424,3120,3362,3321,3350,1067,1588,1616,421,336,307,230,95,374,185,159,149,219,0,0,28,31,0,1,0,29,20,2,0,0,21,0,13,25,0,0,9,0,0,9,12,1,0,4,0,0,13,1,3,1,5,0,0,0,1,2,24,0,0,2,0,9,0,0,0,12,1,1,8,31,8,0,0,0,3,13,0,2,4,0,0,7,0,20,0,0,0,0,0,5,5,9,30,0,0,0
,765,3041,3937,4200,4193,4238,725,1389,1257,250,227,166,153,63,245,130,124,91,156,0,0,0,24,0,0,0,23,24,0,0,2,0,0,0,26,9,0,0,0,0,0,8,0,0,10,3,0,6,1,1,0,0,0,0,0,0,0,27,0,0,11,0,10,0,0,0,0,0,0,7,16,0,0,0,0,10,0,0,9,1,0,0,0,0,22,0,0,0,0,8,2,0,16,16,0,0,0
,770,3535,4499,4798,4762,4851,538,1224,1041,198,170,145,98,54,180,92,89,61,109,11,0,2,26,0,74,0,18,8,11,0,0,0,0,4,15,0,6,9,0,0,18,2,0,0,24,6,5,2,0,1,0,8,0,0,0,0,0,5,0,0,16,2,8,0,0,0,0,0,0,2,8,0,0,0,0,6,0,0,2,4,0,0,0,0,107,0,0,1,0,12,4,0,20,0,0,0,0
,775,3762,4958,5227,5284,5357,412,1020,838,137,136,105,89,33,137,78,68,48,95,0,0,0,20,0,11,0,24,18,0,48,0,2,0,0,29,14,0,18,0,0,20,5,1,24,8,14,0,15,0,3,0,0,2,0,0,2,16,0,0,0,21,3,13,0,0,0,14,0,0,0,22,1,0,0,0,27,0,0,5,6,18,10,13,0,25,0,3,4,17,4,6,0,26,0,0,0,10
,780,3657,5091,5289,5329,5322,269,779,610,105,85,121,67,19,115,60,58,23,65,0,0,2,36,0,4,0,22,40,11,0,6,0,0,1,17,123,2,9,0,0,5,5,0,0,19,0,0,14,0,3,0,0,0,0,0,1,0,0,0,0,11,99,17,10,0,0,15,0,2,0,23,0,0,0,0,14,0,0,4,41,0,0,0,0,120,0,0,4,0,4,1,0,21,25,0,0,0
,785,3237,4935,5013,5023,5097,196,582,460,64,77,48,41,16,58,93,40,20,45,0,0,0,37,0,0,0,32,33,0,0,13,15,0,5,19,32,0,18,0,0,0,0,0,0,17,14,0,0,0,2,0,11,0,0,43,2,0,0,0,0,15,6,79,0,0,0,0,0,2,6,31,0,0,0,0,11,2,1,3,6,0,0,0,0,27,0,0,0,16,0,2,0,15,35,147,0,0
,790,2731,4593,4568,4616,4583,147,420,346,52,50,49,39,0,43,34,31,0,34,0,0,0,14,0,0,0,28,11,0,0,0,0,0,0,23,5,9,20,0,19,6,0,0,0,18,0,0,3,0,5,0,0,0,0,0,0,0,10,0,0,30,16,31,0,0,0,38,0,5,11,21,11,0,3,0,39,7,0,3,13,0,1,0,3,56,0,0,0,0,26,6,0,25,29,0,148,0
,795,2284,4104,4057,4081,4033,115,328,258,46,44,41,27,0,22,35,24,4,28,0,0,5,50,0,0,0,40,48,24,0,0,0,0,0,7,19,144,0,17,0,17,0,0,0,19,13,0,18,0,9,0,0,0,0,0,4,0,4,0,0,0,11,33,0,0,0,24,75,0,5,8,0,0,0,0,0,34,0,10,6,0,0,0,0,60,0,0,0,0,23,7,19,40,9,0,0,0
,800,1680,3494,3374,3398,3351,94,241,188,20,33,18,45,3,13,16,22,6,34,20,0,102,44,0,0,0,44,42,0,0,0,0,0,2,4,33,2,163,11,0,18,0,0,0,24,2,0,0,0,1,0,0,0,0,0,13,2,12,0,0,34,139,24,0,5,0,5,0,0,9,33,1,0,33,0,171,0,0,3,7,0,0,0,0,33,0,0,0,0,0,8,0,44,25,0,0,0
,805,1154,2733,2564,2572,2472,55,186,120,20,104,31,14,0,0,21,8,0,33,0,0,0,43,0,0,0,36,37,0,0,0,0,0,0,13,166,0,0,0,0,19,0,0,0,21,0,112,0,144,3,0,0,0,0,0,0,0,0,0,0,25,0,56,0,0,0,31,0,0,10,27,32,0,0,78,16,11,0,5,8,0,0,177,0,32,0,0,17,0,0,2,0,26,26,0,0,0
,810,826,2186,2066,2048,1981,46,118,85,0,63,24,12,114,19,17,21,7,22,0,0,0,50,0,0,0,31,45,4,0,0,17,94,21,23,20,0,0,0,0,0,0,0,0,13,16,0,0,0,2,0,8,0,0,0,2,159,23,0,0,10,18,14,0,0,0,6,0,0,18,0,1,0,0,0,12,1,8,6,12,0,0,0,0,139,150,0,0,0,0,1,0,27,45,0,0,0
,815,629,1726,1572,1624,1569,27,85,67,0,21,13,13,4,0,14,21,0,14,0,0,0,29,0,0,0,50,52,0,0,0,9,0,0,30,27,144,201,0,0,47,0,0,156,18,8,1,0,0,2,0,35,0,0,0,0,0,10,0,101,35,53,31,22,0,0,98,0,8,99,46,0,0,0,0,0,10,5,9,2,0,0,0,0,29,0,0,0,0,1,2,0,50,12,0,0,227
,820,417,1284,1174,1211,1147,34,54,48,0,29,11,6,0,0,11,25,0,11,0,0,0,43,0,0,0,38,43,21,0,0,0,0,191,11,2,186,17,0,161,15,0,0,0,24,3,0,0,2,31,0,0,0,0,0,33,7,0,0,0,61,1,18,0,0,0,94,0,0,0,0,0,0,2,0,46,15,75,6,8,0,0,0,0,78,0,0,0,0,29,67,0,27,41,200,0,0
,825,292,970,852,868,805,30,44,103,0,17,17,0,1,0,20,26,0,19,0,0,0,69,0,0,0,63,28,0,0,0,0,0,0,28,51,0,0,6,13,65,19,0,205,61,0,237,53,0,6,38,35,0,0,0,14,0,27,0,0,61,0,35,0,0,0,29,0,0,26,43,0,0,0,0,0,18,0,11,1,0,0,0,0,77,0,0,0,0,1,7,61,41,42,224,0,0
,830,200,689,630,615,595,22,25,19,78,37,16,0,0,0,21,17,0,50,0,0,0,110,0,0,0,119,254,0,0,54,25,0,0,9,21,5,0,0,0,31,0,0,0,0,0,0,25,0,15,0,22,23,0,0,5,32,94,0,0,0,18,45,285,0,0,20,0,0,170,20,2,0,0,0,62,0,6,9,12,0,0,0,303,104,18,0,44,0,1,11,0,131,11,463,0,0
,835,167,566,491,492,473,0,14,12,3,50,0,0,0,0,15,141,0,51,0,0,0,91,0,5,272,163,133,0,0,0,0,0,0,0,28,44,435,0,353,0,380,0,0,34,41,0,0,398,19,0,0,0,0,0,1,0,47,0,0,186,12,61,0,0,0,2,0,6,0,112,3,0,0,0,0,9,0,7,5,0,0,0,0,122,0,0,46,0,0,38,0,119,117,471,0,0
,840,114,408,371,394,360,0,2,13,0,4,0,115,422,0,64,3,0,14,0,0,12,218,0,39,0,159,213,222,0,0,14,0,0,0,95,9,0,49,0,77,0,0,0,51,77,0,0,0,13,0,0,0,0,0,24,7,85,0,0,104,34,114,98,0,42,39,0,0,7,192,0,0,9,0,0,44,0,7,0,0,0,0,0,162,0,0,0,0,2,31,871,58,0,0,0,0
,845,82,296,238,250,223,0,27,69,0,56,0,75,4,0,70,4,0,0,0,0,709,335,0,0,0,161,189,0,0,0,0,0,42,1212,153,0,226,0,0,101,26,0,0,116,0,0,82,0,171,0,119,0,0,0,166,197,30,0,0,197,29,132,0,0,0,65,0,0,82,260,0,0,8,0,132,0,0,49,0,0,0,0,0,333,0,0,0,0,0,289,0,0,244,0,0,0
,850,0,196,204,328,245,0,0,0,0,0,215,0,0,0,38,40,0,56,0,0,0,231,0,0,0,474,455,181,0,0,82,0,23,143,246,0,0,0,0,261,0,433,0,425,27,0,0,0,59,238,0,0,0,0,0,57,230,0,0,234,49,335,0,0,0,0,0,0,250,60,259,0,108,0,168,90,13,77,79,0,0,0,0,229,0,0,0,17,63,45,60,342,0,0,0,0
,,,,,,,,,,,,,,,,,,,,,,,,,,,,,,,,,,,,,,,,,,,,,,,,,,,,,,,,,,,,,,,,,,,,,,,,,,,,,,,,,,,,,,,,,,,,,,,,,
Read 45:EM Spectrum,,,,,,,,,,,,,,,,,,,,,,,,,,,,,,,,,,,,,,,,,,,,,,,,,,,,,,,,,,,,,,,,,,,,,,,,,,,,,,,,,,,,,,,,,,,,,,,,,
,,,,,,,,,,,,,,,,,,,,,,,,,,,,,,,,,,,,,,,,,,,,,,,,,,,,,,,,,,,,,,,,,,,,,,,,,,,,,,,,,,,,,,,,,,,,,,,,,
,Wavelength,A1,A2,A3,A4,A5,A6,A7,A8,A9,A10,A11,A12,B1,B2,B3,B4,B5,B6,B7,B8,B9,B10,B11,B12,C1,C2,C3,C4,C5,C6,C7,C8,C9,C10,C11,C12,D1,D2,D3,D4,D5,D6,D7,D8,D9,D10,D11,D12,E1,E2,E3,E4,E5,E6,E7,E8,E9,E10,E11,E12,F1,F2,F3,F4,F5,F6,F7,F8,F9,F10,F11,F12,G1,G2,G3,G4,G5,G6,G7,G8,G9,G10,G11,G12,H1,H2,H3,H4,H5,H6,H7,H8,H9,H10,H11,H12
,500,1,1,1,1,1,9,7,6,14,11,12,14,19,11,10,13,19,12,2,25,22,22,19,27,18,20,29,17,25,26,22,28,21,21,16,19,17,20,13,24,15,13,16,12,13,19,17,16,18,17,3,14,7,7,14,16,12,11,12,6,17,11,2,10,16,17,13,3,11,16,13,15,25,3,4,18,30,1,14,21,3,11,9,12,2,12,18,10,11,4,48,37,10,13,34,36
,505,1,1,1,1,1,7,6,6,12,12,16,15,20,10,8,10,14,15,2,24,23,22,23,22,18,18,19,17,24,23,26,20,22,20,23,18,13,14,17,12,13,12,16,12,12,17,12,21,16,15,2,16,7,9,16,14,9,15,12,8,12,11,3,12,16,17,18,4,11,6,18,16,23,3,3,24,23,2,13,18,3,12,10,15,2,15,10,18,12,4,84,88,15,23,66,81
,510,1,1,1,1,1,8,5,7,10,17,12,17,15,10,11,16,10,11,3,20,23,20,22,19,16,20,21,25,24,23,25,27,18,28,22,23,19,15,13,12,13,19,23,17,16,18,15,19,12,11,2,11,8,6,11,13,9,14,17,8,10,16,3,18,16,16,17,4,11,22,25,22,19,2,3,20,20,2,11,20,4,13,11,17,4,12,18,23,10,7,165,178,10,23,128,145
,515,1,1,0,1,1,8,6,6,9,11,15,16,17,9,10,9,13,13,2,21,23,15,17,23,16,15,14,20,16,21,19,18,21,23,21,17,16,17,19,17,17,13,14,12,15,12,12,16,13,10,2,13,6,8,12,16,10,11,11,6,11,16,2,11,11,10,18,4,16,15,13,17,23,2,4,16,20,1,10,25,5,21,19,20,4,20,20,15,12,6,437,429,14,46,356,377
,520,1,1,0,1,0,7,5,5,11,11,13,17,13,10,7,11,12,10,2,18,21,15,21,29,19,20,19,15,21,17,19,24,15,18,15,18,10,18,11,10,18,11,20,15,18,17,17,15,16,15,2,9,6,9,12,12,12,11,17,8,13,11,2,18,19,12,12,4,15,8,14,21,22,2,4,16,28,1,11,26,4,22,26,20,5,24,26,20,21,8,904,960,26,79,739,818
,525,1,0,1,1,1,6,6,5,11,8,9,15,15,7,6,11,9,11,3,27,16,14,21,19,16,15,17,15,17,23,19,23,19,17,17,22,12,15,11,11,18,9,15,11,17,13,20,16,14,16,3,14,9,7,17,13,11,17,14,7,15,14,3,16,14,14,21,3,20,12,16,24,19,2,5,22,25,1,11,27,5,35,28,30,7,35,37,30,30,14,1721,1684,31,125,1306,1469
,530,1,0,1,1,1,5,4,4,8,10,10,13,16,7,8,10,9,10,2,16,16,15,17,17,20,18,18,17,22,31,29,26,16,20,19,29,15,17,11,18,18,17,15,18,18,24,20,29,17,19,2,17,11,10,16,16,16,23,22,14,24,22,4,24,19,28,19,6,19,23,28,26,26,2,5,24,26,2,13,25,7,64,56,71,14,62,70,68,53,27,3234,3276,63,268,2577,2840
,535,1,0,0,0,0,7,4,4,8,7,11,14,9,9,8,9,7,10,1,20,13,13,18,24,16,14,19,20,28,28,24,31,21,31,26,41,28,22,21,17,19,22,19,19,30,26,30,35,28,21,3,17,12,11,26,27,36,37,38,22,43,40,6,46,35,39,36,9,28,41,35,36,30,3,9,38,32,2,17,37,13,138,100,124,24,108,116,127,89,42,4828,4885,114,460,3678,4138
,540,0,1,0,0,1,6,5,3,9,5,12,10,13,7,4,6,10,8,1,18,15,15,18,25,28,18,22,27,41,40,35,40,41,44,40,66,37,34,22,24,27,26,26,35,33,47,44,66,49,30,5,31,18,18,44,45,46,59,68,37,60,70,11,70,58,59,49,12,55,62,53,61,45,4,11,32,40,2,21,39,23,205,161,192,35,162,191,206,142,65,5863,5824,200,606,4497,5029
,545,1,1,1,1,0,5,3,3,7,4,13,14,13,8,4,8,5,8,2,20,14,18,30,40,33,25,23,50,52,61,56,54,59,63,64,106,63,50,42,44,45,43,41,50,56,70,59,89,70,35,7,43,28,28,55,66,69,85,95,50,88,97,17,93,85,97,80,19,78,88,85,81,58,5,19,43,54,3,21,57,31,287,222,249,50,219,240,257,174,83,6231,6086,239,746,4826,5272
,550,1,0,0,0,1,3,3,3,8,6,12,11,13,7,7,7,8,5,1,19,25,25,40,68,56,33,41,88,94,104,102,91,108,109,115,188,114,78,62,57,67,60,68,72,82,97,87,132,101,67,10,61,46,36,80,100,99,118,120,68,113,132,22,129,107,133,110,27,105,122,118,118,69,6,26,57,57,3,29,61,41,328,279,312,57,285,291,303,204,101,5880,5686,278,758,4486,5039
,555,0,0,0,1,0,4,5,3,6,6,10,21,12,7,4,5,7,7,1,24,36,52,78,127,124,55,83,171,192,212,212,187,221,219,213,360,203,134,110,96,99,100,95,105,129,145,131,224,139,81,14,84,63,50,107,120,119,150,158,82,146,152,27,176,139,162,140,34,132,163,156,151,83,7,36,74,67,4,34,79,49,344,291,338,59,307,310,325,211,102,4751,4723,304,693,3696,4040
,560,1,0,0,1,0,3,3,3,6,8,12,33,17,5,5,6,7,6,1,38,66,101,166,245,243,100,157,337,360,404,407,357,394,421,354,654,364,234,154,148,145,136,134,148,186,193,193,297,163,104,17,107,71,59,123,147,131,163,175,87,164,180,32,209,172,201,181,45,172,202,208,186,97,7,48,87,75,5,38,83,56,314,281,311,55,285,293,305,183,95,3438,3388,285,567,2618,2984
,565,1,0,0,0,0,3,3,3,6,10,18,51,24,5,4,6,8,7,1,60,107,174,263,401,393,163,266,541,550,646,634,560,588,616,491,921,510,304,214,203,173,171,165,181,220,235,231,386,162,112,19,107,75,60,130,145,138,164,183,90,170,196,36,238,191,229,209,51,199,229,238,218,102,7,55,94,75,4,37,83,54,258,244,276,47,257,259,245,155,78,2451,2439,250,426,1925,2097
,570,1,0,0,0,0,3,3,3,5,7,27,90,38,8,5,5,10,7,1,100,186,277,442,647,647,282,435,851,818,931,939,801,867,890,678,1242,668,414,273,264,216,225,197,221,278,292,288,478,150,119,19,113,75,58,127,145,137,171,196,94,177,225,41,253,218,250,238,58,232,249,269,232,105,7,61,84,72,4,32,75,51,209,200,213,37,202,195,194,129,65,1615,1564,201,323,1272,1374
,575,1,0,0,0,0,3,3,2,6,8,48,178,66,6,6,8,15,11,1,175,322,506,709,985,975,489,690,1219,1129,1329,1349,1138,1119,1186,885,1503,848,541,361,335,282,281,265,278,336,363,358,605,144,128,20,118,76,57,122,139,132,180,197,97,191,251,45,295,256,278,263,65,250,263,270,233,88,7,64,73,61,3,28,64,40,143,153,150,26,150,145,143,93,43,973,930,138,206,724,818
,580,0,0,0,0,0,3,4,2,8,15,91,306,124,8,12,11,25,16,1,303,535,806,1077,1383,1361,783,1041,1571,1393,1668,1667,1433,1332,1398,1034,1647,1020,654,445,423,349,354,326,348,420,438,436,696,151,141,19,123,75,56,122,149,141,190,219,105,209,284,51,323,287,300,280,66,245,260,239,214,68,5,56,62,47,3,23,48,29,100,98,105,18,96,92,100,63,29,561,550,90,138,441,491
,585,0,0,0,0,0,4,1,2,14,26,178,519,236,13,22,20,49,25,0,510,836,1156,1466,1673,1699,1139,1395,1802,1559,1793,1827,1580,1421,1446,1110,1588,1116,755,506,504,417,420,391,423,485,505,496,773,160,158,20,132,82,56,136,149,154,209,248,117,238,308,51,334,278,309,262,60,215,201,205,175,52,4,46,43,34,2,16,36,19,62,68,67,12,67,68,60,41,19,321,297,65,80,241,257
,590,0,0,0,0,0,5,2,2,18,42,282,792,364,20,38,30,79,40,1,730,1087,1440,1667,1798,1821,1409,1620,1803,1555,1763,1806,1530,1391,1350,1095,1451,1081,784,531,531,451,456,419,447,540,546,520,766,168,181,22,141,86,61,147,174,168,226,262,124,253,312,50,308,277,270,238,53,178,159,161,137,39,3,38,35,27,2,13,29,14,47,57,46,8,50,47,45,30,14,202,193,43,54,157,175
,595,0,0,0,0,0,7,2,2,30,72,457,1077,549,32,64,48,139,71,0,992,1339,1689,1803,1773,1795,1631,1771,1668,1395,1577,1641,1415,1251,1202,980,1207,989,729,524,540,476,464,434,460,533,560,525,712,176,207,23,157,95,63,159,174,176,247,270,128,256,275,47,289,235,232,190,40,137,125,116,102,32,2,29,26,20,1,11,23,13,34,39,32,6,35,34,25,22,11,127,129,29,37,107,110
,600,1,0,0,0,0,10,2,2,56,137,785,1448,855,59,124,92,258,130,1,1287,1558,1781,1730,1535,1639,1786,1786,1347,1179,1263,1279,1168,978,918,788,866,812,618,461,478,432,439,419,441,496,485,444,603,190,234,25,172,103,68,172,185,176,256,258,129,228,221,37,226,177,174,136,28,95,76,82,75,21,2,19,18,15,1,8,18,10,24,23,24,5,26,21,20,18,8,79,77,20,25,63,62
,605,0,0,0,0,0,19,1,2,105,243,1183,1701,1168,118,227,173,438,237,0,1488,1568,1696,1509,1240,1286,1730,1622,1011,850,908,938,819,724,650,578,608,570,465,366,404,375,360,355,370,401,405,368,459,184,243,27,177,113,65,173,183,165,233,228,114,181,169,27,175,123,111,91,20,64,58,64,48,15,1,12,12,11,1,7,20,6,17,18,16,4,17,18,14,12,6,50,44,14,19,37,40
,610,0,0,0,0,0,35,2,2,173,407,1565,1826,1387,186,365,283,694,384,0,1584,1488,1539,1263,947,1018,1583,1378,759,638,689,716,644,542,494,430,440,419,365,300,307,322,294,296,302,338,330,292,373,177,244,25,171,113,67,169,158,148,200,183,95,149,124,20,119,94,87,69,13,47,52,43,39,12,1,11,7,24,1,6,12,5,11,12,12,3,13,13,16,10,4,35,31,10,15,25,28
,615,0,0,0,0,0,50,4,4,278,639,1928,1753,1574,299,567,423,1010,577,1,1552,1367,1323,1015,759,801,1397,1129,577,481,540,532,505,414,389,313,327,321,275,217,235,254,231,243,253,265,255,218,263,147,226,26,163,105,61,148,138,117,165,147,81,116,98,15,92,71,64,53,10,37,29,32,26,13,1,7,2,8,1,4,5,3,10,14,10,2,13,11,10,10,5,29,22,8,10,23,21
,620,0,0,0,0,0,96,2,5,459,985,2177,1525,1669,517,883,666,1444,890,0,1407,1137,1030,776,545,584,1099,888,434,355,380,385,358,282,277,223,227,224,194,151,182,187,166,179,183,206,182,168,191,123,201,21,141,92,53,123,109,90,129,107,55,84,63,11,72,48,56,37,8,27,19,22,24,10,1,6,1,9,1,4,5,3,6,8,8,2,8,11,7,8,3,20,12,5,8,15,14
,625,0,0,0,0,0,166,3,9,763,1463,2266,1217,1546,829,1273,982,1915,1313,0,1205,887,781,570,422,430,823,637,308,255,276,290,264,193,206,161,162,150,129,102,119,132,120,120,128,136,129,114,133,90,162,19,116,72,40,90,77,63,87,70,40,57,44,7,42,38,32,24,6,17,13,17,16,8,1,4,3,5,0,3,4,2,5,9,6,1,11,8,7,6,4,18,11,3,8,8,9
,630,0,0,0,0,0,284,4,16,1142,1952,2101,920,1327,1237,1718,1354,2309,1713,0,973,710,597,441,337,357,648,477,258,190,229,221,218,142,161,112,114,108,97,73,83,105,82,91,87,93,85,76,89,70,121,13,88,52,30,61,57,45,60,51,29,42,32,5,31,24,27,17,4,10,10,11,17,8,1,3,0,3,1,4,3,2,9,6,4,3,8,5,4,6,2,12,6,3,4,11,10
,635,0,0,0,0,0,427,5,23,1482,2332,1878,739,1182,1667,2089,1652,2602,2058,0,827,587,506,384,314,303,541,387,218,158,185,191,182,115,128,84,95,84,74,68,63,74,61,66,66,74,72,60,70,62,92,11,68,40,22,49,46,33,47,40,22,34,24,4,22,22,21,14,3,13,8,11,11,3,0,3,2,4,1,3,3,2,6,6,2,1,7,3,3,6,2,13,4,1,6,6,5
,640,0,0,1,0,1,651,8,41,1932,2654,1571,552,950,2150,2453,1943,2706,2397,0,674,521,430,339,284,268,454,314,193,130,155,152,148,84,107,60,66,61,63,39,46,48,43,47,49,52,49,44,52,40,70,8,50,31,20,33,28,23,34,30,15,23,21,3,24,16,17,15,1,8,7,9,10,4,2,1,1,3,1,5,0,1,4,4,4,1,7,4,2,4,2,5,4,0,3,9,6
,645,0,0,0,1,0,962,13,71,2314,2810,1221,447,774,2584,2671,2166,2709,2642,0,564,467,390,311,270,239,414,248,168,98,122,134,126,64,92,53,59,44,40,30,31,37,32,33,36,42,33,29,37,31,47,6,33,25,14,25,20,19,24,20,12,20,13,2,15,15,13,25,2,6,1,6,8,0,0,1,2,6,0,3,3,1,2,1,0,1,4,2,0,5,2,8,0,1,8,10,4
,650,0,0,0,1,0,1441,23,121,2656,2695,907,370,629,3004,2739,2307,2453,2720,0,521,462,370,295,270,222,360,193,151,78,108,99,109,52,70,33,42,31,37,19,25,24,24,25,25,28,34,23,26,20,44,4,25,16,10,19,14,14,18,14,9,14,13,2,13,13,22,8,1,5,0,3,10,0,0,2,0,3,0,3,2,0,2,4,3,1,2,0,3,4,1,11,4,1,6,8,5
,655,1,0,0,1,0,1859,36,186,2774,2440,727,345,566,3194,2702,2384,2219,2722,0,482,479,360,295,265,220,352,175,142,70,91,85,85,42,53,31,34,24,25,19,21,21,16,22,15,19,20,20,27,30,22,3,17,9,9,14,14,13,15,13,5,10,12,1,12,11,8,9,1,3,0,0,4,2,0,4,0,3,0,2,3,0,2,2,1,1,5,1,4,6,2,7,4,0,6,10,2
,660,1,0,1,2,0,2357,53,276,2810,2147,641,358,536,3229,2571,2294,1963,2570,0,465,485,353,295,262,193,344,142,123,57,74,74,80,35,48,24,32,18,20,16,16,16,10,15,13,17,11,14,17,10,36,2,11,5,8,9,9,10,10,9,6,8,7,2,9,9,5,9,1,3,0,1,5,3,0,0,0,1,0,4,0,1,2,3,0,0,3,4,1,5,2,7,2,0,6,5,5
,665,1,1,1,2,1,2778,90,411,2691,1737,570,380,568,3145,2307,2209,1682,2373,0,489,501,349,281,242,179,325,129,96,63,62,62,69,29,45,20,24,13,15,13,11,13,10,12,10,14,12,9,14,9,15,1,8,7,7,7,8,9,8,4,4,10,6,1,10,11,7,6,0,2,0,0,7,20,1,1,0,0,0,1,2,0,0,4,0,1,7,0,24,1,3,5,0,0,5,7,2
,670,2,2,2,2,2,3269,148,613,2403,1393,577,463,623,2833,1977,1986,1409,2105,3,493,494,335,252,212,134,285,99,72,29,42,49,44,20,31,12,21,6,13,7,7,12,5,5,5,22,10,1,10,7,13,1,4,5,6,3,7,6,8,5,4,8,3,1,8,7,3,1,0,5,0,0,3,0,0,0,0,8,0,8,0,1,0,0,0,5,3,0,0,5,3,7,22,0,30,6,3
,675,3,3,3,4,3,3652,231,844,2128,1173,623,551,734,2510,1710,1826,1262,1918,0,464,459,304,210,190,114,268,73,63,28,39,40,40,20,31,30,15,6,10,1,8,6,4,4,6,4,8,6,10,5,4,1,0,3,4,6,6,19,7,2,6,10,6,0,5,7,14,6,0,0,0,1,9,4,0,0,0,2,0,3,0,1,1,1,0,0,29,0,0,5,1,6,0,0,4,10,0
,680,4,4,4,5,5,3753,343,1092,1835,1059,703,678,828,2200,1538,1641,1230,1772,0,422,413,269,184,164,93,216,53,47,17,32,27,33,14,23,7,12,0,11,8,6,3,4,0,0,4,8,2,7,0,27,1,4,3,3,2,4,5,6,0,1,9,5,1,3,28,4,0,0,0,0,1,0,1,0,0,6,3,0,3,0,0,5,2,20,0,0,0,4,3,9,4,0,0,0,15,2
,685,6,7,8,9,8,3923,514,1404,1639,997,838,831,959,1924,1441,1546,1246,1746,0,384,357,221,149,113,56,174,53,36,15,24,34,33,11,24,7,8,3,13,7,5,4,5,0,0,24,6,1,10,6,6,0,1,0,2,2,5,9,7,0,2,8,3,0,7,6,2,9,0,0,0,1,3,0,1,0,0,0,1,17,0,1,0,5,0,0,34,27,0,6,1,4,0,0,4,5,5
,690,10,11,12,13,12,3855,732,1749,1583,1035,1004,1051,1144,1720,1425,1518,1322,1747,0,345,282,163,110,99,55,132,30,28,10,18,19,27,11,21,9,6,0,6,5,1,0,0,1,0,5,0,3,2,4,8,1,0,0,3,5,6,5,7,1,0,4,4,0,4,3,3,2,0,0,0,0,7,1,1,0,0,0,0,4,24,0,0,1,3,1,7,1,1,6,0,9,4,0,3,10,3
,695,17,19,21,21,21,3694,1055,2154,1557,1187,1277,1344,1313,1705,1472,1477,1515,1886,0,244,206,128,77,73,35,105,23,16,9,11,47,24,10,20,2,5,0,12,0,0,0,0,0,0,6,0,1,3,8,4,0,0,0,4,2,5,2,3,0,0,6,0,0,5,9,0,7,0,0,0,0,4,6,1,0,0,0,0,5,1,0,0,0,0,1,10,2,0,7,0,13,0,0,4,15,4
,700,27,30,33,33,34,3457,1434,2512,1676,1392,1593,1620,1442,1745,1586,1537,1724,2062,6,194,162,95,57,53,15,86,21,10,7,13,9,20,9,47,2,10,0,12,26,0,27,0,11,0,5,1,0,0,3,5,0,1,0,6,28,0,6,0,0,0,7,0,0,6,4,3,2,0,0,0,0,2,0,0,6,0,0,1,2,0,0,0,1,0,1,5,0,0,5,1,9,0,0,2,10,6
,705,38,44,50,49,52,3219,1840,2783,1843,1626,1872,1880,1505,1876,1688,1532,1801,2193,0,155,125,64,42,42,18,73,18,9,6,12,12,19,6,18,1,2,0,5,1,4,0,0,0,0,1,4,0,6,5,7,0,0,1,6,1,8,6,5,1,0,0,4,0,5,4,5,9,0,0,0,0,41,7,0,0,0,2,1,3,41,0,53,3,0,0,1,0,0,8,0,11,2,0,0,15,9
,710,58,65,74,74,78,2807,2215,3061,1964,1780,2005,1982,1358,1919,1700,1443,1813,2165,0,103,88,45,42,36,9,49,12,3,10,7,0,14,5,17,2,7,0,4,3,0,0,0,0,0,0,0,0,0,2,5,0,0,0,3,4,1,5,5,0,2,7,0,0,0,5,4,0,0,0,0,0,0,2,0,0,0,0,1,5,0,0,1,2,33,0,7,0,0,6,1,4,0,0,42,10,1
,715,90,106,118,113,124,2386,2588,3181,1998,1902,2015,1870,1167,1948,1492,1213,1601,1997,0,81,54,32,22,23,5,39,4,0,5,1,3,14,3,10,7,0,0,12,0,1,0,0,0,0,0,0,20,0,1,9,0,0,0,5,2,1,2,4,0,1,5,4,1,2,7,10,1,0,0,0,0,3,0,1,0,24,8,1,3,0,0,3,0,0,0,4,0,0,4,14,13,0,0,3,8,15
,720,131,153,167,171,182,1996,2866,3253,1992,1904,1868,1694,912,1828,1332,1069,1389,1720,0,51,39,23,13,34,10,27,12,0,14,4,4,7,4,9,32,0,0,2,0,0,0,0,0,0,4,21,0,1,4,2,0,0,3,4,1,0,4,3,0,2,8,0,0,6,6,0,0,0,0,0,0,4,0,0,0,0,0,1,2,0,0,0,0,0,2,6,0,1,5,4,12,0,0,3,17,6
,725,190,225,251,243,256,1747,3104,3278,1955,1865,1675,1536,721,1733,1165,911,1170,1519,0,43,33,9,6,14,3,28,2,27,4,4,5,12,7,14,0,27,0,0,0,1,0,0,0,0,0,0,18,5,7,1,0,0,0,3,1,2,4,8,0,5,2,0,0,6,4,0,5,0,0,0,0,5,1,3,0,0,0,0,1,0,0,11,4,0,1,0,0,0,9,0,14,23,0,2,10,0
,730,277,326,368,357,383,1538,3371,3274,1819,1764,1469,1302,603,1599,1015,726,971,1282,1,35,19,9,38,15,31,23,5,0,8,1,1,15,2,11,0,3,0,3,0,0,7,24,0,0,0,0,0,19,9,5,0,0,0,6,0,6,3,3,2,4,5,6,0,10,6,3,2,0,0,0,0,29,1,0,0,0,4,1,2,2,0,4,1,0,0,5,0,5,10,0,11,0,0,12,12,45
,735,423,509,544,543,575,1278,3352,3105,1595,1548,1238,1064,470,1374,801,591,791,1029,0,28,17,25,0,15,1,24,0,0,12,41,0,9,11,14,0,0,0,3,4,0,0,0,0,0,0,0,0,5,0,6,0,0,0,8,0,0,4,1,0,3,1,0,1,0,3,1,2,0,0,0,0,0,2,1,0,0,0,1,6,0,1,0,0,0,0,1,0,0,12,0,17,0,0,0,8,3
,740,676,794,865,871,921,976,3165,2677,1225,1201,898,762,335,1043,549,431,553,734,0,21,14,6,0,10,3,17,2,0,0,0,0,20,1,20,0,0,0,0,0,0,36,0,6,0,38,0,0,0,40,5,0,0,23,5,0,0,1,0,0,0,7,0,0,2,14,0,7,0,0,0,0,0,6,0,0,0,54,1,8,0,0,0,0,0,0,0,2,0,7,2,16,56,0,5,5,64
,745,986,1140,1264,1246,1307,769,2756,2265,987,978,713,595,247,838,436,348,436,558,0,30,12,0,2,17,0,11,0,0,0,11,0,13,6,19,0,39,0,8,0,2,8,0,0,0,0,0,0,2,0,18,0,3,0,5,0,7,12,16,2,0,1,7,0,13,24,1,11,0,0,0,50,0,1,0,0,0,3,1,6,0,0,10,3,0,0,1,1,0,10,3,13,11,0,9,18,7
,750,1346,1589,1716,1708,1826,589,2430,1882,772,741,507,440,191,656,319,248,321,420,0,64,11,0,53,13,0,29,4,0,0,5,61,65,0,18,2,0,0,11,0,0,0,0,0,0,0,0,0,0,1,0,0,0,0,8,45,0,8,3,0,3,0,0,0,8,23,0,0,0,0,26,0,0,1,0,0,0,0,0,4,0,1,3,1,0,0,7,1,0,3,4,14,0,0,0,16,81
,755,1836,2215,2377,2354,2473,413,2052,1474,540,505,337,337,133,449,223,174,217,297,0,15,3,0,0,9,0,15,0,0,0,50,0,1,0,7,0,0,0,0,0,5,10,0,0,0,0,0,0,0,0,0,0,0,0,2,0,7,0,0,0,2,9,54,0,0,6,0,0,0,0,0,0,2,1,0,0,0,0,1,15,0,0,1,47,0,0,0,0,0,11,2,14,0,0,5,15,0
,760,2493,2953,3204,3187,3318,307,1634,1116,383,376,249,229,92,331,146,131,151,211,1,14,14,0,0,7,0,36,0,0,0,0,5,26,3,79,0,0,0,10,0,0,7,0,0,0,0,0,0,0,0,13,1,0,0,9,0,1,8,6,0,9,8,1,0,2,5,0,7,2,0,0,73,0,0,1,0,0,0,2,0,1,18,6,0,4,4,9,0,0,16,1,38,0,0,0,25,6
,765,3176,3797,4061,4021,4173,216,1237,828,280,246,162,147,47,217,100,104,100,158,0,16,2,0,0,12,2,33,59,52,0,0,0,25,0,13,0,0,0,11,0,0,0,0,0,0,0,0,0,0,4,14,1,51,0,6,80,0,13,0,0,2,0,0,0,22,16,2,6,0,0,0,0,3,1,2,1,0,12,1,56,0,0,0,0,0,22,10,0,0,18,4,2,0,0,9,6,23
,770,3570,4436,4711,4632,4839,159,1020,636,185,185,101,129,122,174,72,65,76,118,0,16,6,0,0,11,0,40,0,0,0,4,0,19,11,15,0,0,0,5,0,0,0,0,0,0,0,0,0,0,0,1,4,0,0,9,6,0,15,13,0,3,20,0,1,0,8,3,2,0,0,0,0,0,0,0,0,0,0,2,5,0,2,10,0,0,2,5,4,0,20,7,26,0,0,22,13,0
,775,3778,4857,5127,5078,5252,119,787,500,150,144,79,93,17,140,44,60,55,77,0,13,19,0,0,7,82,36,0,0,0,0,0,12,0,30,0,0,0,8,0,12,0,0,1,0,10,0,0,12,0,27,2,0,0,16,7,0,83,10,2,8,27,0,2,13,15,0,10,0,0,0,0,1,13,1,5,0,0,4,15,0,29,0,5,0,1,0,0,8,26,6,33,0,0,146,28,21
,780,3611,5071,5164,5194,5343,93,563,361,118,92,37,50,23,97,23,40,45,57,0,31,2,0,0,49,57,11,6,0,0,0,0,28,7,15,0,0,0,12,0,0,0,0,0,0,0,0,0,7,2,17,0,0,54,14,25,2,8,3,79,3,35,0,0,47,22,12,0,0,0,0,0,1,0,2,0,0,0,1,0,0,4,5,0,0,1,2,0,0,22,6,37,0,23,0,27,23
,785,3239,4888,4975,4947,5130,76,391,252,72,63,92,63,30,73,8,8,25,38,0,20,0,0,0,12,0,42,0,0,0,0,0,36,0,16,109,0,0,23,0,0,0,0,0,0,0,25,0,8,0,13,19,13,0,10,0,0,5,15,0,5,8,0,0,0,23,0,19,0,0,0,0,0,0,1,0,0,3,2,4,0,0,5,0,0,4,3,9,0,26,0,27,0,0,159,40,25
,790,2668,4596,4519,4518,4605,50,301,187,65,25,21,30,24,60,0,24,19,99,0,0,0,0,0,16,0,28,0,0,0,0,0,26,0,150,0,0,0,28,0,6,0,0,0,0,0,0,0,0,0,14,0,0,0,6,0,0,22,16,0,2,18,0,0,0,28,0,13,0,127,0,0,0,36,0,0,0,0,2,8,2,0,10,0,0,1,0,0,0,25,3,25,6,0,14,44,53
,795,2148,4161,4085,3992,4033,43,228,149,60,41,92,0,13,34,3,18,19,41,1,46,3,0,101,20,0,46,149,0,0,0,0,35,5,26,0,0,0,0,124,0,4,0,0,0,0,19,0,0,25,21,0,0,0,9,0,0,29,7,0,20,16,1,1,29,20,4,0,0,0,18,0,0,0,0,0,0,3,1,5,0,0,6,0,0,0,43,93,0,36,11,45,0,0,20,56,1
,800,1617,3622,3437,3417,3383,29,148,130,34,36,0,12,8,23,0,24,0,11,0,3,0,0,102,0,0,32,0,99,0,0,0,38,0,24,0,0,0,17,7,0,0,0,0,0,0,0,0,9,0,12,0,113,0,18,3,0,15,8,0,13,24,0,0,20,22,4,28,0,0,96,0,0,7,1,0,0,0,2,0,0,0,36,0,0,3,28,0,21,33,20,38,0,0,11,62,27
,805,1106,2816,2573,2590,2574,20,99,65,30,0,48,23,0,17,0,10,1,20,0,0,15,0,0,3,0,59,0,0,152,12,19,76,0,43,7,0,0,39,0,143,0,0,0,0,0,0,0,0,0,55,4,0,0,22,0,10,28,12,0,4,3,0,0,0,33,9,0,0,0,0,0,0,0,1,0,0,0,2,8,0,0,2,0,47,2,20,0,143,12,4,42,0,0,13,67,232
,810,834,2344,2071,2080,2025,83,78,57,23,0,0,14,2,20,0,11,52,8,0,0,0,0,0,39,0,63,27,0,0,0,0,36,0,38,0,0,0,0,0,0,0,0,0,0,0,15,0,0,0,11,2,0,0,18,0,11,137,9,0,0,7,0,27,33,21,0,183,0,0,0,0,0,0,4,0,0,0,1,21,0,0,20,46,0,0,21,0,0,42,0,39,0,0,8,251,20
,815,596,1804,1613,1635,1562,25,62,46,12,0,0,0,0,20,0,12,7,9,0,25,0,0,0,0,0,68,6,0,0,0,0,29,3,217,0,0,0,1,0,4,15,0,0,0,4,0,0,0,4,12,0,0,0,28,0,0,22,1,0,88,22,1,0,0,47,0,0,0,0,0,0,0,0,4,0,0,0,1,0,0,0,0,0,0,0,0,45,0,37,9,81,0,0,15,47,15
,820,412,1387,1150,1217,1185,15,39,22,8,0,0,4,0,22,0,11,5,1,24,14,9,0,0,32,0,58,0,0,0,0,0,237,0,24,0,0,0,0,26,0,0,0,0,0,0,29,0,0,0,225,3,0,0,27,0,13,1,0,0,19,41,29,0,11,9,0,0,0,0,0,0,0,22,0,0,0,0,3,0,0,0,0,0,153,5,19,0,0,7,0,0,0,0,89,23,290
,825,294,1027,880,889,836,8,35,20,10,16,0,42,8,13,0,6,31,27,3,16,0,0,0,19,0,68,0,0,0,0,0,61,3,332,18,0,0,242,0,0,0,0,0,0,0,15,0,199,5,0,37,0,0,18,0,208,0,20,0,0,24,0,0,27,45,8,19,0,263,0,0,0,26,0,0,0,0,4,10,0,0,0,29,0,0,0,0,0,74,20,23,0,0,0,47,20
,830,207,740,636,624,599,8,35,4,26,0,0,0,10,30,0,12,0,40,0,342,0,0,263,94,0,119,2,0,0,0,0,296,4,63,0,106,0,0,0,0,0,0,0,0,0,36,0,274,16,27,0,0,0,46,0,13,82,0,0,170,73,0,1,35,75,306,0,0,0,0,0,22,34,4,0,0,0,25,27,0,0,134,0,0,0,7,0,0,59,0,18,0,0,38,13,82
,835,171,590,487,488,470,43,17,27,23,0,0,126,49,5,0,23,18,8,0,48,63,0,0,230,0,151,0,0,0,0,0,93,18,25,0,0,0,75,9,0,0,0,51,0,0,0,0,0,0,102,16,0,178,57,53,8,78,45,10,0,140,0,0,0,187,0,0,0,0,0,0,0,0,0,0,0,0,4,23,0,0,0,0,0,22,0,0,0,52,69,116,0,0,0,768,5
,840,127,430,357,374,369,28,20,36,43,49,0,53,8,42,0,42,68,2,17,71,624,0,0,80,0,223,3,0,0,0,0,82,43,211,0,483,0,321,0,0,36,0,0,0,0,0,0,0,0,102,8,0,0,83,0,0,191,19,0,264,28,0,0,0,62,56,0,0,0,0,0,25,0,80,0,0,38,10,61,0,85,137,0,0,0,15,8,0,129,299,149,0,0,96,253,73
,845,88,291,250,271,245,5,0,0,141,0,0,213,0,0,0,0,0,66,0,0,0,0,0,22,0,258,0,0,0,0,0,0,14,227,0,0,0,93,78,0,0,0,0,0,0,0,0,0,79,166,163,0,0,62,0,42,85,157,0,0,151,0,0,0,297,32,0,0,0,0,0,0,16,0,250,0,0,91,85,0,255,0,309,0,308,232,0,0,237,1,168,0,0,0,481,11
,850,86,196,215,230,140,24,0,24,68,0,0,72,0,0,0,166,0,0,1,153,293,0,0,263,0,473,0,0,0,0,0,270,0,196,0,0,0,107,0,0,53,0,0,0,0,0,182,0,178,233,0,0,0,163,0,31,239,259,0,0,166,0,295,44,166,5,86,275,0,0,0,68,0,16,0,0,0,15,40,0,23,135,0,0,1,0,23,0,319,2,2710,0,0,199,191,0
,,,,,,,,,,,,,,,,,,,,,,,,,,,,,,,,,,,,,,,,,,,,,,,,,,,,,,,,,,,,,,,,,,,,,,,,,,,,,,,,,,,,,,,,,,,,,,,,,
Read 46:EM Spectrum,,,,,,,,,,,,,,,,,,,,,,,,,,,,,,,,,,,,,,,,,,,,,,,,,,,,,,,,,,,,,,,,,,,,,,,,,,,,,,,,,,,,,,,,,,,,,,,,,
,,,,,,,,,,,,,,,,,,,,,,,,,,,,,,,,,,,,,,,,,,,,,,,,,,,,,,,,,,,,,,,,,,,,,,,,,,,,,,,,,,,,,,,,,,,,,,,,,
,Wavelength,A1,A2,A3,A4,A5,A6,A7,A8,A9,A10,A11,A12,B1,B2,B3,B4,B5,B6,B7,B8,B9,B10,B11,B12,C1,C2,C3,C4,C5,C6,C7,C8,C9,C10,C11,C12,D1,D2,D3,D4,D5,D6,D7,D8,D9,D10,D11,D12,E1,E2,E3,E4,E5,E6,E7,E8,E9,E10,E11,E12,F1,F2,F3,F4,F5,F6,F7,F8,F9,F10,F11,F12,G1,G2,G3,G4,G5,G6,G7,G8,G9,G10,G11,G12,H1,H2,H3,H4,H5,H6,H7,H8,H9,H10,H11,H12
,500,1,1,1,1,1,10,8,7,13,15,15,14,16,15,10,13,15,14,1,27,21,22,20,21,23,22,18,27,19,26,28,21,17,27,23,18,15,21,15,20,15,16,19,18,13,14,20,16,7,7,16,7,11,14,11,13,10,10,17,17,14,11,18,7,5,16,6,17,14,12,13,6,6,22,14,11,27,31,15,1,20,17,10,14,19,8,14,10,11,12,42,41,3,13,27,35
,505,1,1,1,1,1,12,8,7,13,12,15,17,17,15,12,12,13,17,1,21,20,25,20,20,22,22,17,22,26,27,21,26,21,19,22,24,21,24,13,19,14,20,13,16,13,14,16,26,9,11,16,6,7,17,11,16,10,7,13,10,10,15,16,10,5,17,4,15,18,11,16,7,7,24,12,17,27,23,19,1,12,15,10,17,18,21,11,16,10,11,83,86,3,14,67,71
,510,1,1,1,1,1,10,7,6,13,12,19,17,19,11,11,13,17,16,1,22,21,19,23,19,23,17,21,21,16,20,30,25,19,27,16,22,15,20,18,13,18,14,19,15,14,14,14,16,7,7,11,8,10,18,12,15,13,7,12,16,14,10,10,7,3,18,4,10,12,16,12,7,5,20,13,13,19,22,15,1,12,19,10,17,16,10,18,13,17,16,165,170,5,22,131,161
,515,1,1,1,1,1,9,7,7,12,13,18,17,16,13,12,14,14,12,2,20,20,21,18,21,18,20,20,21,17,20,21,21,18,24,17,23,15,20,12,13,13,19,15,18,12,17,13,14,6,9,10,5,7,13,11,13,9,9,16,17,10,10,14,12,5,16,4,16,10,17,15,5,5,16,11,14,19,28,15,1,13,19,12,14,15,12,20,21,22,22,403,419,5,44,315,369
,520,1,1,0,1,1,10,8,7,11,15,17,15,18,11,9,15,12,12,2,24,22,18,19,27,22,21,20,15,17,22,24,23,19,19,23,18,19,21,12,11,12,12,17,19,18,18,24,15,6,7,11,6,7,14,16,11,13,11,17,13,10,15,15,13,5,13,6,12,17,23,11,6,7,17,17,11,18,23,18,1,17,29,24,20,31,18,20,27,30,29,855,898,6,70,687,794
,525,1,1,1,1,1,11,6,7,14,15,15,15,12,9,8,10,11,10,1,20,20,22,16,17,17,22,14,14,25,19,20,19,12,20,23,25,14,17,11,17,10,12,14,15,17,13,21,22,9,5,12,9,8,19,17,19,12,12,16,21,16,16,21,11,4,22,6,21,18,15,13,9,5,16,20,14,28,22,18,1,19,39,26,36,42,34,40,36,44,36,1591,1690,10,125,1257,1521
,530,1,1,1,0,1,9,6,9,9,12,10,14,15,12,6,10,11,9,2,18,20,21,17,22,23,19,19,27,24,20,27,26,15,19,26,29,26,19,20,15,18,16,19,24,23,19,20,31,13,11,13,7,13,20,21,22,22,13,29,25,24,25,24,17,8,24,9,18,22,27,23,8,7,22,27,12,29,25,21,1,40,74,59,76,69,60,68,77,73,68,3045,3114,19,270,2507,2807
,535,1,0,0,0,0,6,5,6,13,12,13,9,13,8,9,10,8,13,2,22,21,22,23,20,19,13,14,25,23,26,28,23,22,30,29,41,28,30,15,24,18,20,21,24,23,30,34,42,20,14,26,13,13,27,31,41,41,25,41,55,32,41,43,30,11,45,13,38,39,43,32,15,10,29,43,21,27,37,21,1,62,118,111,133,133,107,122,134,140,133,4653,4860,35,440,3443,4226
,540,1,0,0,1,1,7,6,5,6,9,13,10,15,7,5,12,12,7,1,17,16,23,26,24,26,23,25,37,34,43,37,35,41,42,50,76,51,39,35,33,28,31,31,36,47,49,46,68,27,16,32,20,28,54,45,54,70,41,71,81,58,66,61,46,18,63,21,51,50,59,46,21,11,37,55,23,41,57,25,2,112,181,176,192,196,169,199,199,216,199,5570,5810,58,590,4397,5226
,545,1,0,0,1,0,5,6,4,7,6,14,11,11,6,9,12,11,10,0,20,24,30,29,37,37,23,30,50,63,61,69,59,68,71,74,127,76,55,43,43,44,51,44,61,65,75,76,110,47,25,53,26,37,76,62,82,103,61,95,117,73,98,95,66,29,99,29,76,87,98,62,29,16,38,79,28,43,52,34,2,143,253,236,269,255,232,258,278,285,271,6033,6124,81,674,4564,5277
,550,1,0,0,1,1,7,6,6,6,6,7,12,18,9,8,7,8,9,0,19,25,41,54,83,72,43,54,88,97,114,117,99,128,126,133,225,136,102,71,75,69,74,68,78,99,121,109,159,61,35,67,35,51,89,91,123,136,82,137,143,97,128,122,94,37,126,37,110,106,129,89,38,22,51,113,32,56,71,39,2,203,294,284,327,309,279,325,320,326,331,5705,5539,93,736,4281,5016
,555,1,1,0,0,0,6,4,4,11,8,14,25,19,11,11,10,11,9,1,29,50,80,100,139,142,75,113,174,209,224,227,201,255,250,237,422,245,161,116,116,108,111,104,123,144,167,161,248,79,47,97,51,65,124,104,145,170,96,171,176,133,160,148,119,46,171,51,145,146,169,116,52,26,55,139,41,72,74,50,2,243,312,312,334,335,319,324,340,331,316,4663,4735,94,698,3522,4286
,560,1,0,0,0,0,5,3,4,8,10,22,46,27,9,6,9,12,7,0,61,91,143,204,271,263,147,228,349,393,425,441,380,448,464,412,729,423,274,183,179,162,150,145,165,204,230,224,374,90,59,112,61,79,145,128,164,184,107,190,201,136,187,180,133,57,201,61,191,185,215,150,68,28,63,190,48,72,79,48,3,274,281,302,322,299,300,300,303,314,313,3429,3283,90,544,2631,2971
,565,0,0,0,0,0,4,3,3,8,16,33,74,41,8,8,10,15,9,0,92,146,236,325,435,423,239,367,544,597,664,680,586,649,692,592,1008,584,374,252,229,209,197,182,214,258,287,282,477,91,62,117,66,80,153,135,161,189,114,207,213,154,204,200,149,66,224,74,218,211,231,173,75,29,65,225,48,72,77,51,3,269,237,278,284,258,266,268,269,270,243,2443,2365,78,436,1884,2096
,570,0,0,0,0,0,5,3,3,8,15,54,133,67,10,12,13,22,14,0,149,249,397,535,678,656,408,576,828,863,991,987,846,913,988,770,1338,788,485,321,309,254,250,241,254,325,349,351,612,87,70,119,68,80,143,126,167,186,116,198,210,159,221,220,164,74,268,82,244,241,254,188,82,29,62,253,50,74,72,47,2,239,183,215,229,200,206,226,206,204,192,1582,1594,61,309,1259,1462
,575,0,0,0,0,0,6,3,3,13,21,106,236,121,14,24,18,39,23,1,265,415,657,841,1012,1009,667,939,1216,1210,1382,1410,1182,1228,1264,1010,1615,987,656,405,396,333,322,289,321,399,434,439,761,84,74,119,69,79,140,126,166,187,124,214,223,173,253,265,188,87,284,93,282,263,269,194,84,25,54,254,43,60,64,40,2,198,130,156,167,145,150,160,139,146,139,953,906,44,202,754,852
,580,0,0,0,0,0,8,3,3,24,38,190,403,228,22,36,34,69,41,0,439,667,998,1237,1365,1370,1042,1294,1537,1480,1689,1737,1452,1437,1515,1151,1700,1157,786,491,489,400,391,362,401,493,535,524,877,89,83,122,73,80,137,123,163,191,124,239,230,191,296,275,214,96,304,94,272,254,260,186,79,21,44,222,33,49,50,30,2,143,87,109,121,93,100,104,92,100,92,574,546,30,124,413,476
,585,0,0,0,0,0,13,3,3,36,73,351,681,399,38,67,61,132,79,1,717,995,1371,1579,1680,1650,1413,1680,1729,1603,1823,1861,1571,1528,1485,1241,1592,1222,854,561,569,477,451,436,481,554,593,572,934,91,97,129,79,86,136,134,182,213,145,272,256,220,314,294,215,93,314,90,249,222,210,150,61,15,32,191,26,37,38,31,1,102,55,67,70,63,68,67,62,62,59,301,295,17,78,235,274
,590,0,0,0,0,0,19,2,3,59,124,545,936,600,70,114,98,215,127,1,953,1188,1644,1735,1728,1747,1666,1881,1736,1531,1774,1797,1522,1449,1371,1157,1452,1173,836,599,590,513,488,461,498,578,604,593,911,97,106,137,88,93,147,148,188,229,156,284,282,214,326,290,211,93,276,79,218,181,170,123,48,12,24,157,17,27,29,17,1,69,42,46,52,47,49,48,44,43,40,197,188,13,62,155,166
,595,0,0,0,0,0,33,2,3,99,202,825,1195,841,115,201,173,352,215,1,1196,1382,1786,1784,1691,1701,1829,1902,1569,1392,1562,1618,1376,1288,1223,1026,1148,1042,792,549,579,511,500,472,509,581,605,584,838,98,124,146,91,102,155,158,207,239,172,290,283,219,283,260,189,78,229,64,172,148,133,92,38,9,20,115,16,20,21,13,1,52,36,33,46,33,42,32,33,36,29,127,117,10,36,90,111
,600,0,0,0,0,0,69,2,4,186,370,1229,1478,1185,207,353,308,618,378,0,1424,1464,1747,1671,1406,1441,1810,1773,1264,1122,1216,1253,1116,1005,941,843,828,813,657,480,512,487,458,453,464,507,538,529,683,110,134,159,104,113,171,173,212,246,174,272,283,194,230,208,153,56,172,46,115,96,91,60,24,6,13,80,11,13,17,11,1,37,25,20,29,24,25,24,21,21,34,78,71,7,23,57,68
,605,0,0,0,1,0,118,3,7,330,639,1695,1555,1445,375,607,528,997,651,0,1485,1373,1546,1350,1076,1133,1599,1490,922,806,878,908,792,718,666,576,577,595,485,374,413,392,365,369,394,423,430,400,532,98,138,165,105,127,168,180,211,236,150,230,248,161,174,146,107,39,119,31,75,65,60,50,18,5,13,58,7,12,11,7,1,23,17,17,16,18,17,16,16,15,15,45,39,4,27,31,41
,610,1,0,0,0,0,206,4,10,531,973,1965,1522,1564,598,895,762,1389,988,1,1464,1232,1326,1079,866,874,1368,1220,685,603,665,695,609,536,492,430,393,438,390,290,314,330,302,305,325,334,344,309,394,97,133,161,101,123,156,161,181,190,132,189,195,126,133,108,85,30,84,23,56,46,45,30,13,4,9,42,13,9,9,5,0,20,12,12,15,13,14,11,10,12,12,32,30,3,12,17,28
,615,0,0,0,0,0,328,4,17,789,1360,2150,1374,1620,878,1219,1080,1824,1302,0,1357,1061,1069,850,658,684,1123,985,524,466,516,511,465,414,384,321,303,322,281,214,248,262,234,243,255,268,264,247,300,84,124,146,95,111,143,140,160,160,109,150,162,97,103,88,59,21,64,17,41,34,37,23,9,3,10,34,6,8,10,6,1,17,14,12,11,12,11,9,10,8,9,23,25,2,8,11,19
,620,0,0,0,0,0,537,7,27,1177,1831,2127,1103,1457,1289,1650,1415,2267,1710,0,1132,815,842,646,496,508,868,730,378,341,365,369,337,283,273,221,211,223,194,152,174,184,171,171,185,198,191,173,207,66,104,124,79,99,120,116,123,117,79,110,115,70,68,61,40,15,54,12,31,27,25,18,8,3,6,23,3,5,7,4,0,15,9,8,9,12,6,8,10,7,6,17,14,2,6,9,13
,625,1,0,0,0,0,872,10,51,1602,2228,1916,817,1247,1787,2060,1770,2509,2096,0,890,645,592,482,370,371,649,525,287,240,275,284,245,199,203,150,146,159,133,102,120,128,121,128,124,131,131,116,140,47,83,107,63,74,90,92,89,85,55,72,80,49,43,38,31,10,35,9,20,17,19,15,5,3,6,20,5,5,5,3,0,10,19,6,9,21,4,3,20,4,6,11,12,1,2,5,13
,630,0,0,0,0,0,1306,18,89,1980,2486,1569,585,979,2214,2295,2005,2612,2315,0,712,494,465,381,307,307,495,395,227,179,210,223,195,137,152,114,107,111,94,69,87,100,91,84,89,92,96,89,99,34,63,74,47,57,64,61,64,59,42,46,57,35,32,32,21,8,27,7,14,15,17,13,5,2,4,14,3,4,5,3,0,10,8,5,5,6,5,4,16,1,2,8,5,0,4,3,9
,635,0,0,0,0,0,1742,28,132,2194,2532,1263,476,812,2463,2405,2112,2537,2386,0,594,430,409,337,277,276,438,320,213,150,184,192,170,108,135,83,93,89,78,56,62,71,67,66,81,73,70,67,80,28,47,63,37,42,52,47,48,45,28,41,46,25,25,24,18,6,23,7,13,7,14,19,4,2,5,11,5,6,6,10,0,8,7,4,2,6,0,3,1,18,1,10,5,0,3,2,10
,640,0,0,0,0,0,2243,46,202,2312,2373,981,373,637,2589,2319,2109,2303,2346,0,485,389,368,305,267,256,396,271,171,123,148,162,138,78,107,68,72,64,54,43,47,49,48,48,51,52,54,50,60,19,38,44,28,33,45,35,35,27,22,27,31,29,20,18,15,5,16,4,11,5,12,8,3,1,2,8,3,2,0,3,0,5,8,1,2,5,3,1,2,3,1,9,0,0,0,12,6
,645,0,0,0,0,0,2645,77,302,2227,2017,767,308,528,2539,2107,1977,1931,2127,0,431,377,345,293,257,231,342,224,155,96,124,128,117,62,84,52,54,53,47,33,36,41,50,34,40,39,37,40,45,14,25,34,19,25,24,22,27,26,19,24,23,17,14,27,12,7,28,3,4,5,21,17,3,2,5,8,3,3,2,1,0,4,5,0,1,4,0,0,1,0,0,2,4,0,0,0,9
,650,1,0,0,0,0,3053,128,447,1942,1594,577,267,440,2248,1774,1742,1505,1827,0,411,399,330,283,244,229,341,192,135,81,110,103,101,44,72,44,44,38,35,20,27,37,26,26,30,29,31,31,34,12,18,25,15,17,17,15,17,13,12,15,16,19,14,14,11,1,7,4,6,2,6,3,1,2,4,4,2,0,3,1,0,0,6,1,0,7,1,1,6,0,0,1,0,0,0,0,7
,655,1,0,0,1,1,3168,190,589,1677,1254,490,278,451,1929,1522,1523,1258,1577,0,412,410,362,302,256,203,335,161,133,61,91,88,78,35,61,49,33,31,26,16,23,19,34,18,22,24,22,23,23,9,15,17,11,11,12,12,17,8,8,14,11,10,27,5,6,1,7,3,1,0,2,6,2,2,1,3,2,0,4,0,0,3,5,0,0,4,0,1,0,0,0,12,0,0,0,2,6
,660,1,1,1,0,1,3123,271,711,1439,1040,462,300,448,1611,1274,1337,1071,1354,0,414,431,365,281,252,200,314,147,116,50,72,71,78,26,50,28,44,26,25,10,19,15,16,17,23,19,19,23,22,6,11,15,9,11,9,13,12,9,8,10,6,8,6,9,9,2,10,1,4,2,8,4,0,1,6,8,0,3,0,0,0,3,6,1,0,6,0,0,0,0,0,1,0,0,0,0,4
,665,1,1,1,1,2,2934,385,857,1174,841,457,350,506,1342,1084,1127,924,1174,0,430,438,351,269,241,173,306,117,106,39,61,62,54,26,38,26,26,22,25,14,13,11,19,7,15,16,16,17,16,15,9,10,9,8,4,5,9,0,6,4,6,9,7,5,6,0,5,1,0,0,3,4,1,1,3,5,11,0,5,0,0,6,6,0,0,6,0,0,0,0,1,0,0,0,0,0,6
,670,2,2,2,2,2,2497,563,974,936,727,498,412,599,1076,922,1004,865,1058,0,443,451,335,237,205,143,277,90,80,28,47,46,48,19,34,22,20,18,19,8,10,7,12,4,16,12,10,16,15,5,17,9,3,6,3,3,9,0,5,4,3,8,9,3,8,0,5,2,3,0,6,2,0,1,1,2,1,0,0,0,0,0,7,0,0,1,0,0,2,0,0,1,2,0,0,0,2
,675,3,3,3,3,3,2139,720,1042,868,704,598,526,689,973,907,980,894,1037,0,440,431,297,223,174,108,243,67,65,24,35,38,54,15,27,18,16,13,21,8,31,10,10,6,13,13,8,16,9,2,6,7,4,3,2,3,10,0,5,0,2,4,6,3,5,0,1,2,0,0,2,7,2,2,3,1,1,0,0,0,0,3,6,0,0,4,0,0,5,0,6,0,0,0,3,0,0
,680,4,5,5,5,5,1803,905,1079,834,710,708,627,844,936,914,987,973,1124,0,411,402,270,172,142,94,206,61,45,18,38,28,33,29,38,13,10,20,17,7,8,0,11,1,11,25,7,10,9,5,4,5,3,4,0,20,6,0,1,1,3,4,1,2,3,0,2,1,0,0,0,2,0,0,1,26,0,9,0,0,0,5,10,0,0,0,0,0,0,0,0,0,0,0,0,0,0
,685,9,7,8,7,8,1545,1095,1176,901,801,843,791,1002,987,994,1075,1122,1259,0,359,336,241,137,141,73,178,48,32,12,24,26,23,2,20,16,14,9,19,0,7,5,13,3,9,9,5,15,10,3,10,4,2,3,0,0,7,3,5,2,0,3,6,4,9,0,5,2,0,0,4,3,1,0,3,0,0,1,8,0,0,0,7,15,0,5,0,0,0,0,0,4,4,0,21,0,1
,690,11,14,12,12,12,1439,1360,1227,1020,977,1060,991,1163,1115,1119,1201,1296,1478,0,303,272,186,103,87,79,128,34,29,7,20,17,20,7,20,12,15,11,16,1,4,0,12,1,14,8,9,12,7,5,5,4,2,3,0,5,4,0,8,5,0,5,2,1,4,1,2,12,0,0,27,31,1,0,5,4,0,2,0,0,0,0,7,0,0,0,0,0,0,0,0,1,0,0,0,0,6
,695,18,18,21,20,22,1377,1609,1340,1278,1210,1348,1268,1363,1292,1336,1369,1525,1776,0,239,198,128,78,51,35,93,23,24,7,17,20,18,0,9,13,6,3,13,6,40,0,10,0,13,4,12,13,4,3,5,7,3,23,0,1,7,0,0,1,0,5,6,1,3,0,2,1,0,0,2,9,0,1,2,6,3,0,0,0,0,2,7,0,0,1,0,0,0,0,0,8,0,0,0,0,0
,700,27,30,32,33,34,1452,1917,1515,1544,1492,1626,1529,1451,1558,1554,1533,1789,2086,0,188,154,113,60,51,25,67,20,12,4,11,10,18,0,14,12,7,2,16,0,6,0,14,0,8,8,8,8,1,2,4,3,1,3,0,0,4,0,5,0,0,4,4,0,3,0,0,0,0,0,7,2,0,0,0,2,0,2,0,0,0,1,9,0,0,8,0,0,0,0,2,6,0,0,0,0,0
,705,44,44,47,49,50,1578,2162,1724,1841,1782,1913,1763,1536,1789,1701,1598,1957,2311,0,149,149,79,56,30,34,55,16,8,6,17,17,11,0,14,11,8,2,11,6,7,31,16,0,9,8,4,17,13,1,4,3,0,0,19,0,1,0,11,12,0,7,2,0,6,0,2,2,33,30,2,16,0,0,0,0,0,36,0,0,1,2,4,33,0,12,0,0,0,0,0,0,16,0,0,0,13
,710,62,65,69,72,77,1664,2397,1947,2037,1985,2177,1895,1386,2004,1759,1567,2003,2321,0,97,90,57,36,24,14,39,6,9,0,7,8,9,0,14,7,0,1,11,0,3,1,7,0,4,4,6,13,7,2,6,4,0,6,0,0,4,0,2,0,0,0,1,30,8,0,0,4,0,0,0,5,0,2,2,0,0,0,0,22,0,0,7,0,0,2,0,0,0,0,0,0,3,0,0,0,6
,715,98,102,109,113,118,1646,2601,2160,2224,2163,2053,1810,1172,2091,1606,1402,1761,2199,0,76,55,48,23,17,20,47,5,0,0,6,13,7,0,4,5,2,3,10,0,0,2,4,0,31,0,7,15,0,1,3,5,1,3,0,0,2,0,1,3,0,4,5,0,4,0,4,1,0,0,2,5,0,1,0,4,0,0,0,0,0,32,0,0,3,4,0,0,1,0,0,0,0,0,33,0,3
,720,143,148,158,170,177,1599,2779,2307,2209,2168,1958,1623,949,2077,1436,1196,1492,1909,0,50,34,29,38,10,11,15,5,0,0,12,2,9,0,6,3,1,4,8,0,5,0,4,5,12,14,4,12,6,1,4,5,0,2,0,0,5,0,6,0,33,3,0,5,5,0,4,0,0,0,0,2,0,1,2,1,0,0,0,0,0,0,4,0,3,5,0,2,0,0,1,0,40,0,0,13,3
,725,205,216,233,243,251,1531,2935,2458,2186,2102,1780,1450,768,1956,1234,1008,1287,1674,0,41,35,23,8,12,12,17,0,0,0,2,6,0,0,3,5,6,1,10,0,2,0,3,0,7,8,3,7,2,2,2,4,2,3,0,0,3,0,2,0,0,3,3,0,9,0,1,1,0,0,4,2,0,1,0,0,1,0,0,0,0,0,10,0,0,3,3,0,0,0,0,0,0,0,0,0,39
,730,301,322,344,357,367,1395,2994,2464,2010,1983,1570,1250,619,1821,1046,861,1052,1421,0,29,21,56,1,11,13,8,0,0,0,2,0,4,0,6,10,5,0,15,3,7,0,11,0,9,4,7,10,7,2,3,8,3,4,0,0,0,0,5,6,0,4,0,2,1,10,0,2,0,0,2,5,0,3,3,0,0,0,0,0,1,0,7,0,0,0,0,0,1,0,0,1,0,0,0,0,0
,735,460,493,529,537,565,1270,2951,2435,1800,1784,1283,1036,506,1604,869,668,859,1127,0,18,24,15,11,1,47,4,8,1,0,7,1,7,0,1,9,39,0,11,1,5,0,5,0,10,0,8,4,0,2,5,6,18,5,0,0,5,0,4,0,0,12,12,0,1,0,0,1,0,0,0,4,0,2,5,10,2,0,0,0,0,6,4,0,0,7,0,0,31,0,0,5,0,0,0,0,1
,740,747,789,815,867,891,946,2617,2079,1411,1377,991,741,337,1202,610,485,630,827,0,20,20,12,0,3,9,1,0,0,0,9,46,3,0,0,13,0,0,9,1,3,0,3,0,16,2,1,12,0,19,27,0,2,5,0,0,7,0,5,47,0,5,0,0,7,0,0,0,0,30,0,1,0,1,3,0,0,0,0,0,1,0,14,0,0,5,0,0,0,0,0,3,0,0,5,0,0
,745,1051,1106,1185,1233,1273,757,2240,1764,1111,1096,758,572,282,953,450,370,469,652,0,27,24,15,0,0,18,9,6,0,0,0,1,13,0,9,67,9,0,25,5,0,0,13,4,10,4,0,15,3,7,4,12,3,1,0,0,7,0,5,0,2,10,0,5,4,0,8,1,0,0,8,7,0,1,7,15,0,9,33,0,1,10,12,0,0,7,0,51,3,0,4,17,0,0,0,0,7
,750,1444,1533,1645,1721,1762,587,1815,1429,838,847,578,408,200,711,344,282,339,463,0,13,14,22,0,0,5,5,0,0,0,13,0,0,0,8,22,0,0,13,0,19,1,0,0,18,10,0,12,2,3,4,0,0,6,0,0,5,0,8,0,0,4,0,0,51,0,0,1,0,0,3,7,0,0,1,0,0,0,0,0,1,0,13,0,0,2,0,0,0,0,0,1,0,0,0,0,9
,755,2010,2133,2248,2358,2482,422,1411,1061,619,587,388,293,126,516,231,197,244,311,0,14,58,6,0,49,12,9,0,0,0,0,1,0,0,48,18,0,48,23,0,9,0,13,0,23,7,11,78,0,0,5,9,0,0,0,0,1,0,0,0,0,6,5,0,7,0,0,0,0,53,0,11,0,0,0,0,2,0,0,0,1,5,12,0,0,10,0,0,0,0,0,1,0,0,0,0,6
,760,2682,2925,3031,3222,3262,317,1040,776,453,429,285,212,106,357,166,144,178,209,0,19,0,14,5,0,13,0,6,0,1,0,3,8,0,10,15,0,0,31,2,10,0,16,0,21,1,5,7,0,0,9,13,2,2,0,0,5,0,0,9,3,10,0,0,20,0,2,1,0,65,3,12,1,5,3,0,6,0,0,0,1,0,30,0,0,37,0,0,0,0,0,6,0,0,2,0,7
,765,3397,3752,3850,4082,4097,200,708,551,303,286,210,159,67,247,95,108,121,155,0,15,0,7,0,0,10,0,0,0,0,2,2,5,0,11,21,3,0,28,0,9,0,23,0,22,10,4,37,0,10,7,17,0,4,0,0,3,0,17,0,0,0,9,0,19,0,0,1,0,0,0,15,0,0,10,0,2,7,0,0,1,2,15,0,80,8,0,0,0,0,0,0,0,0,0,0,13
,770,3785,4443,4496,4693,4775,143,507,392,222,239,127,106,59,168,74,73,88,114,0,12,5,104,0,33,6,0,0,0,0,10,0,0,0,0,7,0,0,24,0,8,7,7,0,20,10,0,18,0,12,9,15,4,8,93,0,1,0,0,0,0,12,0,0,7,0,0,0,0,0,9,9,0,1,0,8,0,0,0,0,1,19,9,0,0,35,0,0,0,0,0,4,0,0,0,0,8
,775,3957,4867,4869,5142,5247,114,411,304,173,171,110,83,41,131,62,60,76,92,0,18,24,34,9,0,17,14,0,0,0,0,15,24,0,88,18,18,0,23,0,21,90,20,0,37,12,5,35,0,6,12,26,7,14,0,0,1,0,8,0,0,26,0,11,102,0,14,0,0,0,7,13,0,9,0,0,0,0,9,0,1,12,24,0,0,10,0,0,1,114,0,127,0,0,91,0,20
,780,3744,5027,5121,5325,5305,74,261,221,112,107,65,49,30,111,29,39,45,62,0,10,8,39,0,0,105,0,0,83,75,8,0,0,68,13,8,0,0,23,0,1,0,27,0,7,13,50,16,0,76,8,0,0,4,58,0,0,0,0,0,0,17,7,3,22,0,4,0,0,0,5,2,0,4,0,0,0,0,6,0,1,0,30,0,0,8,0,0,11,0,161,5,0,0,123,0,0
,785,3190,4971,4879,5131,5103,48,185,142,83,77,37,34,56,66,4,113,36,28,0,16,15,11,17,1,5,0,0,0,0,0,0,0,0,20,40,0,0,19,0,4,0,41,0,32,0,0,20,6,1,16,6,0,10,112,0,7,0,4,0,0,16,7,0,75,0,4,0,0,0,0,0,0,4,3,15,10,73,0,0,1,0,8,0,0,8,0,0,0,0,10,0,0,0,0,0,28
,790,2649,4697,4394,4703,4606,42,142,106,56,53,14,26,22,50,13,24,39,48,0,41,4,5,0,0,13,0,0,0,0,17,0,11,0,22,0,0,0,45,0,21,0,26,0,40,121,3,38,7,0,0,15,7,86,0,0,0,0,0,0,0,12,21,10,12,0,4,5,0,0,13,0,0,0,9,0,92,0,0,0,2,0,31,0,0,1,0,0,0,0,0,155,0,0,0,0,25
,795,2145,4365,4065,4292,4123,23,107,79,33,144,9,0,42,40,0,43,27,8,0,6,14,26,0,0,13,0,0,0,0,4,0,5,0,8,47,0,10,69,0,26,0,21,0,43,9,11,30,0,13,5,7,2,17,0,0,12,0,28,0,0,10,5,0,17,0,1,6,0,9,2,9,0,8,10,0,0,3,0,0,2,0,33,0,0,63,0,0,0,0,0,181,143,0,0,0,37
,800,1612,3808,3437,3627,3448,33,71,56,36,23,15,0,16,27,0,39,23,4,0,27,4,17,36,0,0,0,0,0,0,0,0,0,0,13,23,0,19,31,0,0,112,15,0,40,0,0,69,0,1,0,0,4,17,0,0,13,0,35,0,0,14,17,0,40,0,9,7,2,0,28,25,50,34,0,0,0,0,0,0,1,3,36,0,0,224,0,0,0,0,0,0,0,0,0,0,0
,805,1055,3011,2553,2787,2613,9,52,46,20,27,0,0,18,26,0,23,129,0,0,0,20,31,0,0,28,136,0,0,24,9,12,0,0,0,34,0,0,51,0,0,119,37,0,15,0,0,32,0,8,30,15,2,0,0,0,22,109,10,124,0,12,31,0,9,0,5,2,0,0,0,169,7,5,0,5,1,0,0,0,2,0,34,0,0,0,0,96,0,7,0,0,0,0,0,0,227
,810,773,2508,2053,2207,2117,0,41,27,2,26,0,3,165,0,0,145,30,0,0,0,5,177,0,0,13,0,0,0,0,14,0,0,0,215,32,7,4,55,0,1,0,0,0,34,2,197,48,9,2,4,12,0,8,0,0,0,0,3,0,0,24,10,0,54,0,0,7,0,0,8,26,0,0,13,0,15,3,0,0,1,0,32,0,0,1,0,0,0,0,0,8,0,0,0,0,0
,815,594,2028,1637,1758,1650,11,16,28,33,32,12,7,25,15,0,23,19,0,0,34,145,31,0,0,0,0,0,0,0,10,0,16,0,27,4,0,9,244,0,223,141,48,0,13,22,48,18,0,7,19,13,0,0,0,160,12,0,119,0,0,22,21,0,42,0,0,0,0,159,207,20,0,0,4,0,0,27,0,0,1,0,3,0,0,38,0,0,123,0,0,21,0,0,0,0,31
,820,409,1534,1206,1328,1212,3,14,26,12,25,0,0,1,0,0,19,18,0,0,34,195,172,143,0,43,0,157,0,0,0,0,18,0,0,10,0,0,45,0,29,0,11,0,36,19,17,59,40,23,13,31,0,24,0,0,24,0,4,0,0,38,2,1,47,0,220,0,0,0,16,18,0,4,0,14,0,0,0,0,1,11,58,0,0,15,0,0,0,0,0,0,197,0,0,0,43
,825,288,1114,861,957,890,4,7,17,0,12,21,0,28,13,0,22,69,0,21,0,13,4,0,0,65,0,0,0,0,21,19,0,0,8,26,0,227,27,0,48,0,19,3,75,17,0,58,0,0,166,6,0,17,0,0,68,0,21,206,0,0,15,0,19,0,0,0,0,0,0,0,0,0,65,0,0,0,0,0,3,6,356,263,0,10,0,0,0,270,255,0,287,0,0,0,6
,830,215,831,636,693,638,41,0,8,3,226,0,31,42,0,0,23,64,43,0,29,0,61,14,3,7,0,0,0,0,9,7,0,0,1,42,0,0,60,60,11,0,59,0,72,13,0,409,45,201,12,0,0,31,0,0,36,0,1,0,0,58,98,1,43,0,11,0,261,0,34,35,1,0,0,21,0,0,0,0,3,0,107,0,0,0,0,0,0,0,0,0,0,0,0,0,55
,835,168,629,501,532,499,20,0,9,86,38,0,60,70,30,0,24,12,261,0,50,0,8,0,0,20,0,36,0,0,12,0,0,0,87,83,0,0,169,0,0,0,112,0,530,28,0,158,0,43,258,74,189,22,0,0,61,0,1,69,0,14,0,0,17,0,0,0,0,0,0,18,0,15,79,122,0,0,0,0,4,0,57,0,0,76,0,0,0,0,0,20,0,0,0,0,0
,840,139,531,380,419,386,0,0,26,71,31,0,50,0,22,0,80,55,0,0,103,3,175,0,39,82,0,0,0,0,0,0,0,0,38,0,0,48,265,0,0,0,116,0,111,0,34,112,0,62,49,78,26,43,0,0,58,0,42,0,0,104,109,0,83,199,0,0,0,0,0,0,238,0,48,2,0,0,0,0,18,0,84,0,0,0,0,0,0,0,0,732,0,0,0,0,0
,845,99,353,277,285,276,0,0,20,62,106,0,0,119,19,0,111,29,0,0,94,182,150,0,0,189,0,0,0,0,56,1294,0,0,64,194,991,0,341,0,0,0,264,0,45,14,54,213,0,111,40,25,0,54,0,0,68,0,0,0,0,33,0,0,138,0,235,288,0,0,79,0,0,9,0,0,59,0,0,0,15,0,289,0,0,146,0,0,0,0,0,11,0,307,0,0,139
,850,65,299,196,186,175,0,0,0,0,239,0,0,45,426,0,123,83,961,0,155,135,75,0,1661,219,0,0,0,0,48,0,0,0,54,129,0,0,42,0,0,0,366,0,515,69,0,565,48,136,154,0,47,195,0,0,156,0,280,0,0,280,0,0,322,303,0,33,0,0,0,260,0,106,0,59,0,0,0,75,84,0,125,0,0,0,0,0,0,0,0,18,0,0,0,0,0
,,,,,,,,,,,,,,,,,,,,,,,,,,,,,,,,,,,,,,,,,,,,,,,,,,,,,,,,,,,,,,,,,,,,,,,,,,,,,,,,,,,,,,,,,,,,,,,,,
Read 47:EM Spectrum,,,,,,,,,,,,,,,,,,,,,,,,,,,,,,,,,,,,,,,,,,,,,,,,,,,,,,,,,,,,,,,,,,,,,,,,,,,,,,,,,,,,,,,,,,,,,,,,,
,,,,,,,,,,,,,,,,,,,,,,,,,,,,,,,,,,,,,,,,,,,,,,,,,,,,,,,,,,,,,,,,,,,,,,,,,,,,,,,,,,,,,,,,,,,,,,,,,
,Wavelength,A1,A2,A3,A4,A5,A6,A7,A8,A9,A10,A11,A12,B1,B2,B3,B4,B5,B6,B7,B8,B9,B10,B11,B12,C1,C2,C3,C4,C5,C6,C7,C8,C9,C10,C11,C12,D1,D2,D3,D4,D5,D6,D7,D8,D9,D10,D11,D12,E1,E2,E3,E4,E5,E6,E7,E8,E9,E10,E11,E12,F1,F2,F3,F4,F5,F6,F7,F8,F9,F10,F11,F12,G1,G2,G3,G4,G5,G6,G7,G8,G9,G10,G11,G12,H1,H2,H3,H4,H5,H6,H7,H8,H9,H10,H11,H12
,500,1,1,1,1,1,12,8,8,14,17,16,16,19,15,17,17,13,16,4,24,26,24,27,21,16,20,19,20,25,23,24,28,20,25,24,18,22,19,20,15,19,21,15,18,14,14,18,17,11,2,16,17,9,13,3,19,12,10,16,5,8,10,12,12,15,16,18,13,18,17,10,9,17,20,17,5,13,7,8,4,18,12,17,18,17,11,1,10,13,12,39,41,17,18,37,46
,505,1,1,1,1,1,16,7,8,14,14,15,13,20,13,13,16,13,18,4,22,28,25,28,19,19,19,17,20,20,20,22,27,16,21,18,22,20,14,15,13,18,15,20,19,14,14,14,19,12,2,11,15,9,12,4,18,11,14,13,6,8,15,13,11,10,10,15,12,17,18,13,9,17,24,19,6,10,7,10,3,17,15,17,11,10,16,2,6,15,20,78,84,12,23,58,67
,510,1,1,1,1,1,11,9,8,14,13,19,16,16,11,16,17,16,13,4,25,26,21,26,17,16,20,17,19,22,19,19,21,20,22,22,23,21,14,19,19,18,14,22,19,17,15,12,21,17,2,11,10,9,12,3,12,16,12,17,7,13,9,8,16,16,10,11,18,18,11,15,13,21,26,16,7,10,7,8,4,14,19,11,11,10,26,2,8,16,13,158,167,13,29,117,135
,515,1,1,1,1,1,14,6,8,12,16,14,13,14,12,15,16,14,13,2,20,20,17,27,20,14,23,14,24,19,20,17,24,13,17,16,18,21,17,14,18,17,15,21,20,14,13,16,17,12,2,14,16,7,17,4,12,12,14,17,7,14,11,9,12,11,13,11,14,13,21,11,13,17,19,18,6,12,8,8,4,18,16,14,15,14,14,3,14,26,17,394,413,25,41,298,341
,520,1,1,1,0,1,14,6,6,11,12,17,16,19,14,13,12,14,16,2,21,18,18,30,23,19,14,16,24,17,20,21,23,18,26,23,23,21,16,13,12,11,20,22,14,15,15,19,19,12,3,10,15,7,13,3,14,19,10,12,6,14,12,10,17,17,11,12,14,12,17,11,10,20,17,10,5,8,6,8,4,18,23,25,28,22,27,4,17,22,27,843,887,29,81,655,747
,525,1,0,1,1,1,12,7,6,10,15,14,12,14,10,9,11,15,11,2,21,18,15,19,21,12,15,20,16,24,16,16,25,18,15,23,25,18,18,11,13,18,16,16,14,17,22,19,20,23,2,10,16,13,20,4,14,16,12,19,7,15,16,11,15,14,21,22,15,22,16,17,9,16,17,14,6,13,9,9,3,19,36,35,31,34,29,6,25,32,40,1548,1665,37,142,1216,1362
,530,1,1,0,0,1,11,6,6,12,11,10,10,12,12,13,9,13,10,2,21,18,15,22,22,13,13,19,24,18,17,19,22,19,18,25,28,19,22,20,14,19,22,22,22,17,22,19,24,24,3,15,17,11,23,4,21,21,26,23,11,20,27,20,28,20,24,28,22,23,31,18,15,22,27,24,7,14,7,9,5,40,83,66,66,71,60,12,43,61,81,3029,3119,67,276,2301,2593
,535,0,1,1,1,0,11,6,6,10,14,9,14,10,7,11,9,14,9,3,18,17,16,19,24,21,16,22,25,29,28,26,29,25,28,31,54,31,27,30,21,25,28,24,27,28,33,35,50,39,5,28,24,19,32,7,44,48,40,48,20,42,48,30,41,40,43,40,36,41,43,33,30,35,28,31,7,13,9,10,5,64,153,120,134,134,117,23,83,123,141,4479,4542,127,480,3443,3844
,540,1,1,1,0,1,10,8,6,12,12,10,10,12,7,7,8,9,8,2,22,21,18,24,28,22,19,27,36,46,38,39,45,43,46,58,85,56,42,31,31,36,39,43,44,51,57,54,78,64,7,37,37,25,49,11,66,69,66,79,33,70,76,49,69,58,70,59,63,55,65,46,38,43,44,56,11,17,13,16,6,103,225,187,203,202,175,36,129,186,207,5438,5560,195,628,4270,4623
,545,1,1,1,0,1,14,5,5,10,8,15,17,10,9,10,8,13,9,3,20,22,25,40,40,31,33,36,61,68,63,63,69,80,77,88,149,98,69,50,49,55,58,52,64,73,83,77,116,104,10,57,52,39,66,15,99,110,98,110,45,95,94,64,96,85,100,79,81,85,101,65,60,56,46,76,13,22,16,19,7,139,332,252,294,286,248,48,169,238,280,5777,5894,252,765,4399,5045
,550,1,1,0,0,0,5,4,4,8,11,11,15,19,10,6,12,10,11,0,31,33,42,58,74,60,50,68,93,117,117,131,117,129,135,145,260,157,107,86,81,78,80,86,102,104,128,126,184,137,14,81,76,61,96,21,124,152,138,146,60,124,131,84,127,119,132,117,126,129,129,86,79,66,61,105,16,26,19,22,9,205,385,297,344,347,296,55,191,263,322,5668,5462,319,779,4226,4783
,555,0,0,0,0,0,8,4,4,7,19,16,31,25,9,8,9,12,11,2,46,66,86,131,151,111,95,133,193,226,245,234,223,252,257,278,489,289,181,145,137,125,123,129,147,164,185,186,297,173,19,100,98,77,128,24,163,177,160,173,71,151,169,113,173,141,169,143,156,153,179,116,108,84,65,151,19,29,19,22,11,238,374,333,342,352,313,58,205,287,344,4676,4543,326,700,3546,3861
,560,1,0,0,0,0,8,4,5,9,13,31,60,40,9,10,13,15,18,1,79,121,180,245,287,215,189,261,368,412,452,469,417,477,474,472,811,481,303,211,211,181,187,180,198,237,272,267,473,196,23,122,118,88,137,28,177,194,181,194,81,175,191,132,199,174,202,197,190,187,216,149,127,101,75,188,23,33,20,28,11,257,342,317,330,340,320,57,190,268,301,3341,3238,310,567,2486,2799
,565,1,0,0,0,0,7,4,3,11,18,51,98,63,12,17,16,23,17,1,129,198,291,390,460,341,302,438,587,629,695,710,625,717,698,673,1116,678,412,278,276,234,224,216,251,313,337,345,610,195,25,131,122,93,138,27,174,204,180,213,82,179,217,144,214,202,234,221,233,222,250,175,160,102,78,217,23,34,24,30,11,265,289,276,285,265,266,48,169,217,255,2439,2451,269,470,1820,2054
,570,0,1,0,0,0,9,4,3,14,25,90,165,110,17,26,30,40,29,1,209,340,475,623,730,524,508,665,889,906,1012,1028,909,975,981,886,1428,889,555,370,360,296,278,274,309,386,438,438,775,193,27,129,127,91,141,27,176,194,190,214,85,195,228,168,237,228,253,247,263,251,286,193,170,99,70,259,22,30,20,23,10,243,235,236,225,215,215,38,135,173,199,1571,1536,212,327,1239,1370
,575,0,0,0,0,0,12,3,3,25,47,171,303,198,31,48,42,78,48,1,366,546,758,969,1083,797,816,1055,1266,1221,1400,1412,1275,1275,1256,1130,1694,1134,712,482,463,381,374,352,402,487,527,554,954,193,30,133,130,93,131,27,179,193,206,224,87,222,261,185,285,265,291,274,286,273,284,194,167,84,63,247,19,28,16,20,9,191,157,164,176,156,156,28,97,124,141,951,923,157,230,731,815
,580,0,0,0,0,0,26,3,4,39,89,303,496,350,55,87,79,161,90,1,611,862,1111,1369,1395,1052,1196,1462,1570,1512,1729,1760,1544,1474,1419,1305,1741,1273,831,574,564,489,446,444,473,570,639,667,1084,193,33,136,135,93,138,27,176,203,210,244,98,234,301,202,307,297,317,277,284,258,273,174,147,67,49,227,15,21,14,17,7,137,113,114,109,101,109,19,65,85,91,574,539,106,134,445,458
,585,0,0,0,0,0,40,3,4,75,168,536,755,574,106,172,152,289,173,3,888,1181,1487,1696,1651,1224,1608,1796,1750,1581,1808,1877,1627,1542,1431,1337,1576,1329,918,628,658,554,522,513,547,656,705,697,1093,196,40,145,149,98,140,31,192,224,237,274,102,266,325,215,321,298,311,272,260,225,221,141,118,49,36,182,11,16,10,12,5,105,69,70,73,66,73,12,41,55,60,308,299,70,82,236,259
,590,0,0,0,0,0,62,3,5,126,274,793,1008,822,172,281,243,448,277,1,1110,1391,1707,1852,1688,1275,1796,1948,1724,1519,1704,1776,1581,1429,1325,1251,1383,1238,893,643,661,578,546,544,567,660,716,703,1048,207,42,157,165,106,153,32,204,243,257,292,111,281,320,211,322,268,278,240,224,188,185,115,99,37,31,145,9,13,8,12,4,72,50,54,54,47,52,9,29,40,41,202,187,49,57,149,166
,595,0,0,0,0,0,107,3,7,219,442,1106,1206,1080,292,448,397,728,458,1,1329,1508,1773,1820,1594,1211,1855,1926,1561,1418,1495,1611,1411,1261,1101,1071,1061,1077,826,579,637,569,534,522,566,644,686,661,928,215,47,164,172,123,160,35,219,251,271,301,115,271,294,190,277,237,249,188,177,150,133,88,70,30,23,111,8,10,7,7,3,49,47,36,36,33,37,6,21,31,33,130,119,39,40,98,117
,600,0,1,0,0,0,210,5,10,356,755,1521,1369,1355,508,746,661,1143,746,1,1477,1506,1636,1595,1313,1015,1777,1705,1207,1071,1170,1236,1101,967,835,838,744,840,658,509,539,523,465,493,518,555,601,560,734,219,50,177,182,127,155,37,220,256,276,282,108,248,247,146,214,170,169,137,127,101,94,58,47,20,16,79,5,7,5,6,3,35,26,36,33,22,26,5,15,21,23,72,71,25,29,59,62
,605,0,0,0,0,0,367,4,18,637,1185,1809,1343,1481,855,1170,1012,1639,1128,0,1427,1321,1397,1282,1001,774,1462,1378,877,791,827,878,787,689,581,579,504,585,484,377,422,425,386,392,416,459,464,436,542,214,51,173,194,129,165,37,217,224,240,239,93,203,166,104,151,127,126,94,88,70,61,36,32,15,13,50,4,6,7,5,2,21,17,30,19,16,17,4,10,15,16,47,42,19,19,34,41
,610,0,0,0,0,0,586,6,29,904,1585,1925,1197,1471,1209,1523,1329,2089,1486,0,1286,1117,1135,1003,757,600,1193,1090,679,586,616,660,610,508,447,427,371,407,368,295,329,334,310,318,338,365,368,343,409,201,48,165,181,131,150,35,190,197,204,183,76,149,130,80,110,92,87,67,58,52,45,32,23,23,8,49,4,6,4,3,1,17,13,14,25,11,17,3,8,14,12,31,27,16,16,29,27
,615,0,0,0,0,0,873,10,46,1186,1987,1902,1019,1400,1599,1954,1637,2421,1784,0,1133,944,904,781,599,466,973,854,509,442,466,496,458,379,341,321,282,325,277,214,258,264,246,255,265,277,274,261,307,166,46,154,167,123,129,30,158,165,166,141,60,117,98,62,82,62,62,62,51,39,34,23,21,10,5,29,2,4,3,4,1,18,11,13,10,11,11,2,7,9,12,20,21,15,12,17,19
,620,0,0,0,0,0,1312,14,76,1490,2301,1675,785,1169,1998,2221,1890,2560,2039,0,878,708,649,588,456,346,718,604,383,318,334,359,342,262,237,223,189,223,191,155,173,189,175,186,188,196,198,173,218,130,39,129,144,100,109,24,120,129,126,102,44,87,76,41,61,44,58,37,33,28,24,16,12,8,5,21,2,3,5,3,1,10,9,7,10,8,21,2,4,7,9,13,16,13,10,15,15
,625,0,0,0,0,0,1786,26,124,1713,2360,1319,572,914,2291,2317,2017,2486,2072,3,678,545,508,449,329,263,536,452,284,232,251,263,252,188,184,155,133,155,126,103,121,128,119,130,131,143,138,120,158,95,29,104,106,77,80,18,85,85,86,74,31,65,47,36,37,35,31,27,26,24,19,13,9,5,3,18,2,10,3,2,1,10,7,7,8,3,10,1,5,8,10,9,11,13,6,10,8
,630,0,0,0,0,0,2291,42,184,1758,2152,1004,416,706,2363,2257,1909,2187,1956,0,512,439,392,364,297,219,428,350,231,184,196,204,198,137,141,113,102,115,94,76,83,91,83,92,91,99,100,84,105,67,22,73,83,62,59,13,64,58,56,51,22,35,33,24,29,23,23,19,19,17,17,10,8,3,4,10,1,2,3,2,0,6,5,7,6,4,9,1,4,5,7,9,5,13,7,10,7
,635,1,0,0,0,0,2567,66,242,1653,1905,799,335,554,2249,2046,1781,1922,1771,0,439,389,349,322,260,198,358,293,200,152,161,167,174,112,117,87,82,89,69,55,66,74,67,69,73,74,77,65,82,51,17,54,60,46,44,10,46,46,46,40,18,35,31,21,26,19,18,32,16,12,24,8,6,7,0,8,1,4,3,1,0,5,7,4,1,0,10,1,4,6,7,8,8,9,4,8,4
,640,0,0,0,0,0,2657,96,297,1482,1628,600,268,448,1983,1723,1504,1546,1506,0,385,359,318,304,252,177,325,249,183,120,135,145,144,81,92,63,59,68,50,48,46,51,50,52,53,57,56,44,65,41,12,44,45,33,32,8,32,31,29,24,13,21,20,15,20,12,15,15,16,10,11,6,2,4,0,4,1,2,2,0,0,0,3,6,3,0,5,1,1,6,5,8,3,21,7,4,2
,645,0,0,0,0,0,2576,136,366,1201,1217,479,236,384,1650,1401,1254,1206,1214,0,367,369,315,290,251,166,318,214,160,96,112,116,124,62,74,50,49,53,36,32,35,42,38,34,36,41,40,30,49,30,9,30,31,26,22,5,24,24,22,22,9,9,16,9,15,10,11,15,10,13,6,4,0,3,2,7,1,2,1,1,0,3,5,1,1,5,4,1,2,5,8,1,3,24,3,5,1
,650,0,0,0,0,0,2253,188,412,910,891,379,221,358,1230,1050,979,898,927,0,365,387,313,287,240,164,305,180,147,89,92,102,101,45,53,41,40,40,42,25,28,25,30,26,28,29,31,23,32,20,6,20,22,17,20,4,15,18,11,13,8,7,11,8,10,6,9,9,11,5,7,3,1,14,0,2,1,2,0,0,1,0,4,2,1,0,20,1,0,4,19,6,4,7,5,5,0
,655,1,0,0,0,0,1910,233,438,747,747,349,236,373,1003,877,818,784,799,0,371,424,332,293,244,147,314,157,132,64,79,86,87,48,48,34,30,35,19,20,20,21,21,23,22,24,23,20,31,19,5,14,18,14,10,3,14,13,12,9,5,1,10,7,9,4,4,8,11,3,6,5,0,2,2,2,1,3,1,2,1,0,0,1,2,0,6,1,2,4,3,0,0,8,6,7,0
,660,0,1,1,0,1,1608,268,439,620,609,357,277,395,845,746,731,687,709,0,395,433,331,284,242,143,319,135,138,54,63,73,77,30,39,28,28,28,19,14,19,16,18,20,16,20,23,13,21,11,3,10,16,11,6,3,12,12,8,21,6,0,9,4,10,6,7,9,7,5,6,2,0,0,0,0,0,2,3,1,0,1,2,1,1,0,3,0,1,3,2,1,20,9,7,2,0
,665,1,1,1,1,1,1276,305,435,545,539,378,311,479,720,687,693,665,687,0,423,472,341,276,223,128,307,121,105,45,47,67,69,44,42,21,20,24,13,16,13,13,15,13,18,20,15,13,21,9,3,7,6,10,5,5,6,13,4,24,5,0,8,6,8,3,0,5,5,8,4,1,0,3,0,1,1,1,0,2,0,0,0,0,0,3,3,1,14,3,5,2,0,7,1,2,0
,670,3,2,2,2,2,1033,328,416,516,533,456,390,561,654,690,700,702,719,0,446,460,317,259,188,100,275,90,86,36,38,44,46,23,22,19,14,23,17,14,8,5,11,13,8,11,29,24,14,9,1,4,5,3,9,1,6,7,3,4,4,0,6,8,8,1,4,4,9,4,0,5,0,4,0,2,5,1,2,0,0,0,0,2,0,3,3,0,0,0,4,0,0,6,5,5,0
,675,2,3,3,3,3,892,341,423,535,572,547,485,670,689,731,741,771,809,0,424,443,290,219,165,86,228,72,69,28,27,31,37,16,14,17,5,13,5,11,8,25,14,9,11,12,9,6,12,6,2,5,4,5,3,2,6,6,0,6,5,0,7,6,5,1,2,5,9,2,28,0,0,0,0,0,0,1,1,0,0,0,0,0,0,0,9,3,2,3,28,2,0,11,3,26,0
,680,4,4,5,5,6,859,367,443,614,643,659,587,821,750,836,838,894,945,0,403,397,247,184,138,67,204,57,52,20,15,24,31,12,10,11,5,16,1,31,31,1,10,5,9,9,10,1,11,4,1,0,0,2,0,2,1,3,0,0,3,13,4,20,3,0,0,4,2,2,0,0,0,1,0,0,0,0,1,0,0,0,8,0,0,0,34,1,0,6,9,0,0,8,2,2,0
,685,7,6,7,9,8,871,404,489,708,803,802,753,991,879,962,979,1061,1127,0,366,344,213,146,102,52,161,47,46,20,8,18,28,13,0,9,12,15,9,9,6,5,13,7,7,8,10,3,11,4,2,0,9,2,2,1,4,6,0,6,4,0,6,7,7,0,0,5,11,12,9,1,0,0,0,27,0,2,2,0,0,0,0,0,0,0,4,1,0,5,6,0,27,12,4,1,0
,690,10,10,12,11,12,952,484,571,885,974,1006,914,1169,1074,1156,1140,1275,1377,0,293,268,167,111,83,42,135,37,40,17,0,11,22,5,0,10,5,9,12,34,9,0,10,7,9,9,4,0,12,0,0,0,6,1,0,2,2,1,0,0,5,0,3,6,9,3,0,4,8,33,4,0,0,0,0,0,2,2,2,0,0,0,0,0,0,0,29,0,0,8,0,0,0,8,5,3,0
,695,17,15,22,18,20,1168,621,715,1130,1241,1271,1200,1365,1307,1384,1352,1552,1677,0,238,221,124,91,51,59,98,27,23,12,0,7,25,8,0,5,2,15,2,5,4,0,11,5,7,2,1,22,8,0,4,0,1,7,0,2,0,1,0,0,3,0,0,7,1,0,0,0,5,3,3,24,0,0,0,0,0,3,1,0,0,0,0,0,0,0,3,0,0,3,3,2,12,9,2,37,0
,700,27,26,31,30,32,1341,801,886,1368,1591,1589,1457,1542,1628,1648,1530,1792,1993,0,188,158,82,56,44,27,70,21,23,14,0,34,17,9,0,7,1,6,0,30,7,0,3,0,4,9,7,0,4,0,0,0,0,8,0,1,0,1,0,2,3,0,4,1,3,0,0,4,3,0,3,0,0,1,0,0,0,1,1,0,0,0,34,0,0,0,4,1,0,7,1,0,38,5,0,2,0
,705,43,38,48,46,50,1559,1014,1120,1686,1940,1843,1687,1532,1979,1878,1669,2015,2237,0,142,114,73,54,28,23,46,13,18,14,0,44,15,5,0,2,2,14,0,6,2,0,13,33,11,7,0,0,5,3,0,0,1,5,0,1,0,2,0,1,6,0,6,7,8,1,0,1,9,33,2,3,0,0,0,0,1,2,3,2,0,0,0,0,0,0,8,1,3,4,5,0,0,8,4,1,0
,710,61,56,70,68,71,1767,1269,1355,1926,2140,2073,1802,1482,2157,1898,1619,2030,2313,0,100,92,55,41,16,19,35,11,14,6,19,0,19,3,0,2,0,8,0,6,6,0,8,0,7,1,5,0,2,27,0,0,0,0,0,1,0,1,0,9,5,0,1,32,6,0,0,0,1,4,4,0,0,5,0,0,0,4,1,1,0,0,0,36,0,0,6,2,2,6,0,32,3,11,6,8,0
,715,99,89,110,108,112,1820,1600,1616,2017,2392,2039,1744,1203,2262,1751,1476,1818,2095,0,66,60,57,31,13,15,25,1,11,2,0,0,5,0,0,5,0,3,23,6,1,0,6,0,15,2,3,0,4,3,0,0,3,0,0,2,2,4,0,0,3,0,28,5,3,0,0,2,1,2,0,0,0,0,0,0,0,3,2,0,0,0,0,0,0,0,8,0,0,7,1,0,0,10,3,3,0
,720,148,129,161,160,170,1775,1812,1788,2071,2354,1904,1546,965,2259,1583,1236,1546,1889,0,54,42,22,32,10,12,20,8,16,0,15,0,11,1,3,0,0,9,0,5,4,0,11,6,4,1,4,0,2,0,1,0,0,2,4,1,0,2,7,0,4,13,5,2,9,0,0,32,10,2,0,0,0,0,2,0,1,2,3,1,0,0,0,0,0,0,4,1,0,1,0,1,5,5,10,3,0
,725,212,188,231,231,242,1736,2049,1925,2068,2339,1753,1378,787,2190,1363,1073,1314,1651,0,39,35,18,21,8,10,17,2,7,2,0,0,35,1,0,1,27,6,0,6,0,0,39,0,8,0,19,0,2,3,0,0,5,0,0,1,0,0,0,0,5,12,2,3,27,0,0,2,5,2,0,2,0,0,0,0,2,2,1,0,1,0,0,0,0,0,5,1,0,5,4,0,2,9,0,8,0
,730,303,278,343,336,359,1643,2206,2024,1905,2203,1573,1171,675,1980,1145,876,1107,1363,0,37,29,13,24,7,6,10,0,15,3,0,0,10,0,0,19,0,4,0,3,3,0,5,0,3,9,9,0,3,0,0,0,0,1,1,2,8,5,0,0,3,0,2,3,4,0,0,0,15,0,0,0,0,1,0,0,1,6,2,0,1,0,5,0,0,0,3,1,1,21,8,0,0,9,6,5,0
,735,468,425,519,522,540,1414,2287,1942,1704,1985,1283,964,489,1782,945,688,849,1104,0,19,30,42,11,2,11,2,3,1,7,0,0,11,0,0,0,0,5,0,43,0,0,4,8,4,9,0,1,2,0,2,25,2,5,38,1,0,4,0,2,4,0,4,8,0,0,0,5,5,0,2,0,0,0,0,0,0,3,2,0,0,0,0,0,0,0,7,2,1,5,0,0,4,13,5,3,2
,740,743,674,826,830,877,1114,2070,1697,1344,1544,950,709,355,1344,691,515,618,784,0,22,19,8,12,0,11,0,0,5,3,0,42,10,0,0,44,0,5,0,12,0,0,4,0,9,0,6,0,50,0,0,0,39,3,0,2,0,0,0,26,3,0,0,6,11,0,0,57,7,0,0,0,0,1,0,31,0,0,2,0,0,0,0,0,0,0,4,0,2,0,2,0,0,15,2,3,0
,745,1047,984,1202,1185,1234,854,1795,1435,1143,1197,745,573,252,1066,522,380,463,610,0,58,21,5,2,0,5,6,5,2,0,19,0,19,6,0,0,0,10,0,62,3,0,11,57,4,0,0,0,0,3,0,2,0,35,0,5,0,0,0,2,5,0,0,7,9,0,0,6,12,0,2,0,0,0,0,0,0,2,3,0,0,0,0,2,48,2,1,2,0,15,8,30,0,19,5,12,0
,750,1440,1354,1648,1644,1721,649,1467,1144,814,908,552,405,188,790,380,295,334,462,0,30,17,0,68,0,10,0,0,61,8,23,0,15,0,0,0,0,14,0,6,0,0,14,0,56,11,1,0,0,2,0,0,1,0,0,2,0,4,0,8,2,0,10,7,6,7,0,2,3,0,62,0,25,0,0,0,0,0,3,0,0,0,0,0,0,0,8,1,0,10,0,0,61,11,6,8,0
,755,1990,1883,2278,2255,2353,452,1097,824,579,656,440,284,121,549,260,201,273,309,0,12,82,0,4,0,15,0,0,0,0,0,0,0,0,0,0,0,2,0,7,0,61,10,0,13,0,0,0,7,0,0,0,0,0,0,4,54,65,0,0,8,0,6,14,8,0,0,0,5,0,0,0,0,0,0,0,0,1,2,0,0,0,0,0,0,0,79,1,2,0,13,0,0,18,0,0,0
,760,2651,2521,3112,3116,3173,327,817,625,450,452,293,202,95,394,171,155,142,242,0,24,0,7,18,0,9,0,0,5,0,0,0,53,0,0,0,0,0,0,15,0,0,22,0,84,10,0,0,2,0,0,49,0,43,0,4,0,3,0,5,11,0,15,5,20,0,0,89,8,2,0,0,0,7,0,0,0,3,4,0,0,0,0,0,0,0,7,4,1,11,3,0,0,25,8,30,0
,765,3240,3303,3971,3931,4021,228,576,428,264,328,175,193,56,241,120,104,91,150,0,10,15,5,7,0,15,0,0,0,86,0,0,9,0,0,6,0,3,0,81,0,0,15,0,0,0,7,0,0,5,0,0,4,5,0,6,0,6,0,0,40,0,0,2,0,0,0,7,18,4,0,0,0,0,0,0,1,5,7,0,0,0,0,83,0,0,5,2,0,94,11,0,0,10,3,0,0
,770,3550,3868,4630,4568,4706,185,423,294,261,220,107,103,67,192,79,80,69,94,0,31,18,2,20,0,10,0,0,4,0,0,0,18,0,0,0,0,0,0,19,0,0,4,0,3,1,98,0,0,6,0,0,0,11,0,19,0,0,0,0,11,0,69,2,7,4,0,5,4,2,0,0,0,0,0,0,0,2,0,0,0,84,100,0,0,0,8,2,0,11,0,0,0,8,13,0,0
,775,3690,4261,5120,5018,5159,131,319,232,157,167,94,87,23,140,82,58,42,81,0,5,19,4,19,0,9,0,0,10,2,0,0,27,0,0,0,0,6,0,118,0,0,25,0,26,11,0,0,5,0,0,0,14,9,0,2,1,12,0,17,18,0,0,0,23,0,0,9,30,11,0,0,0,0,0,0,1,6,6,1,1,0,0,0,0,0,25,3,0,6,11,0,0,41,4,31,0
,780,3335,4612,5210,5272,5287,98,202,153,168,161,44,126,3,163,40,29,0,102,24,40,20,0,27,0,31,0,0,11,0,0,0,21,0,0,0,0,0,0,93,0,0,16,11,25,9,4,0,0,0,0,5,0,10,0,3,23,0,58,106,48,0,8,0,8,0,0,7,0,0,0,0,0,73,0,0,3,9,3,0,1,0,0,0,0,0,27,0,21,16,35,0,0,31,15,15,0
,785,2829,4527,5081,5072,5081,53,132,104,73,96,39,49,19,60,31,37,0,24,0,15,21,0,10,0,11,99,0,0,0,0,0,42,0,0,0,0,26,0,22,19,0,21,0,9,0,0,0,19,0,0,0,6,3,0,1,0,3,0,0,0,0,0,2,12,0,0,108,0,0,0,0,0,0,0,0,0,3,3,0,1,0,0,0,0,0,21,2,2,5,9,0,0,19,13,4,0
,790,2294,4356,4677,4711,4657,35,99,76,59,47,102,35,0,33,19,5,0,21,25,16,16,9,14,0,21,3,0,0,119,0,0,8,0,0,3,0,15,0,43,10,0,23,27,40,4,0,0,3,1,0,0,21,6,0,4,0,0,0,2,10,0,3,103,13,2,0,134,21,14,2,0,72,114,0,0,0,8,13,0,2,0,0,0,0,0,170,0,7,12,9,0,0,0,31,9,0
,795,1830,4112,4240,4330,4247,5,71,54,36,48,4,15,22,17,9,31,0,13,0,14,18,0,12,0,44,17,0,6,0,0,0,16,11,0,0,0,9,15,58,0,0,21,0,43,153,2,0,0,13,0,0,3,6,0,6,0,3,0,30,24,0,11,13,14,0,1,0,0,0,15,0,0,0,0,0,0,73,7,0,5,0,0,0,0,0,25,7,13,16,0,0,0,62,217,20,0
,800,1341,3622,3639,3648,3536,102,52,43,31,40,11,28,0,8,13,8,0,15,0,22,11,0,5,0,40,0,0,0,0,0,0,49,0,0,0,0,2,0,8,0,0,15,0,8,0,0,0,0,0,5,103,0,9,0,3,0,0,0,0,19,0,169,11,0,0,0,9,16,0,0,0,0,0,0,0,0,1,7,0,0,0,0,0,0,0,41,2,0,166,74,0,0,4,0,11,14
,805,909,2920,2788,2880,2730,12,38,26,13,21,0,83,0,108,0,6,0,0,0,12,8,0,0,0,141,136,0,3,0,0,0,0,0,0,26,0,0,0,13,0,0,0,0,0,1,0,0,9,0,0,0,8,2,0,2,0,0,0,0,16,0,4,0,12,118,0,0,22,8,12,0,0,0,0,0,0,0,7,0,0,0,0,0,0,0,148,0,3,0,23,0,0,52,12,0,0
,810,667,2387,2221,2297,2179,0,60,66,22,13,0,7,28,0,0,30,0,0,0,0,36,133,6,0,25,0,0,13,0,0,0,20,0,0,163,0,16,0,37,4,0,35,0,32,20,0,0,0,46,1,0,17,0,0,34,0,13,0,0,0,0,32,17,31,0,1,0,19,0,0,0,0,8,0,0,0,6,13,0,0,0,0,0,0,0,37,6,0,0,0,199,0,52,0,0,0
,815,482,1991,1766,1833,1700,0,10,64,4,7,0,1,0,0,13,153,0,19,7,46,19,0,26,0,2,0,0,0,0,0,0,47,0,0,0,0,17,0,190,0,0,9,0,20,0,0,0,0,0,0,0,0,9,0,0,0,0,0,0,30,0,0,22,49,0,0,0,4,0,3,0,0,0,0,0,0,0,22,0,3,0,0,0,0,0,0,0,0,67,2,0,0,104,33,0,0
,820,340,1502,1328,1352,1281,0,12,11,4,0,0,24,105,0,0,12,0,116,0,37,33,0,24,0,20,0,0,16,0,0,0,48,17,0,0,0,234,0,17,0,0,233,1,23,2,19,142,0,1,0,0,0,6,0,11,0,5,0,0,31,0,165,16,0,0,0,13,17,17,23,0,0,0,0,0,13,14,3,87,0,0,0,0,213,0,0,3,0,20,0,0,0,55,1,0,0
,825,230,1106,979,1003,925,0,16,0,9,0,0,0,2,0,0,10,0,0,0,26,26,0,8,0,38,0,0,5,11,0,0,2,0,0,0,0,23,0,54,0,0,46,0,0,16,0,0,0,0,0,0,0,0,0,9,0,24,0,0,30,0,0,205,0,215,0,0,43,13,157,0,0,0,0,0,3,0,4,0,0,0,0,0,0,0,15,5,0,31,44,0,0,91,19,10,0
,830,160,814,703,712,671,0,3,0,0,18,0,234,0,0,0,0,0,0,0,18,17,0,0,0,49,0,0,24,0,0,0,38,0,0,0,0,0,0,17,8,0,59,0,1,28,4,0,0,47,0,14,0,20,172,0,0,31,0,0,33,0,88,32,25,0,0,57,26,17,0,0,0,0,0,0,92,3,21,0,0,0,0,0,0,0,60,5,198,66,0,0,0,0,14,46,0
,835,121,636,527,567,532,0,3,0,1,0,0,27,0,0,0,26,0,0,0,24,68,0,15,0,102,309,0,70,0,194,0,51,0,0,0,0,28,0,143,0,388,92,0,47,0,30,0,49,0,1,0,32,20,0,36,0,55,0,8,15,0,0,104,105,0,0,0,87,24,0,264,256,0,0,0,27,17,42,0,6,0,0,0,0,0,169,4,328,29,78,0,0,144,0,33,0
,840,91,476,409,413,409,0,0,8,43,62,0,0,0,0,0,63,0,0,0,83,135,0,92,12,98,0,0,120,0,0,0,111,0,297,0,0,7,0,137,0,531,33,20,70,5,9,0,762,0,16,0,0,0,0,22,0,46,0,28,308,0,0,88,65,0,0,97,129,34,0,0,0,13,0,0,0,0,21,0,82,0,122,0,23,0,101,104,10,0,0,648,2,189,71,2,0
,845,137,322,277,280,281,0,0,6,37,59,0,23,0,0,0,0,0,0,0,5,187,0,119,0,180,0,0,0,20,0,0,270,0,0,0,0,148,0,82,81,0,107,202,30,36,0,0,29,36,41,0,0,188,0,192,0,50,0,0,96,0,0,122,135,0,0,0,146,24,19,0,0,50,0,0,13,40,26,0,0,0,0,0,0,0,195,0,0,348,0,0,0,169,151,109,0
,850,6,258,217,210,226,0,14,10,91,62,0,104,0,0,0,0,0,0,0,0,182,35,101,0,1686,0,0,84,0,0,0,395,0,0,0,0,249,98,0,43,0,87,0,0,108,0,0,47,111,258,0,0,110,0,42,0,0,0,0,143,0,43,303,0,0,0,0,240,0,0,0,0,0,0,0,0,0,86,0,0,0,0,0,0,0,211,328,0,117,0,0,0,52,12,6,0
,,,,,,,,,,,,,,,,,,,,,,,,,,,,,,,,,,,,,,,,,,,,,,,,,,,,,,,,,,,,,,,,,,,,,,,,,,,,,,,,,,,,,,,,,,,,,,,,,
Read 48:EM Spectrum,,,,,,,,,,,,,,,,,,,,,,,,,,,,,,,,,,,,,,,,,,,,,,,,,,,,,,,,,,,,,,,,,,,,,,,,,,,,,,,,,,,,,,,,,,,,,,,,,
,,,,,,,,,,,,,,,,,,,,,,,,,,,,,,,,,,,,,,,,,,,,,,,,,,,,,,,,,,,,,,,,,,,,,,,,,,,,,,,,,,,,,,,,,,,,,,,,,
,Wavelength,A1,A2,A3,A4,A5,A6,A7,A8,A9,A10,A11,A12,B1,B2,B3,B4,B5,B6,B7,B8,B9,B10,B11,B12,C1,C2,C3,C4,C5,C6,C7,C8,C9,C10,C11,C12,D1,D2,D3,D4,D5,D6,D7,D8,D9,D10,D11,D12,E1,E2,E3,E4,E5,E6,E7,E8,E9,E10,E11,E12,F1,F2,F3,F4,F5,F6,F7,F8,F9,F10,F11,F12,G1,G2,G3,G4,G5,G6,G7,G8,G9,G10,G11,G12,H1,H2,H3,H4,H5,H6,H7,H8,H9,H10,H11,H12
,500,2,1,1,1,1,14,9,8,11,14,14,11,21,15,14,15,16,16,4,28,23,23,22,26,24,23,22,23,18,21,26,21,16,21,19,19,16,17,18,19,17,16,17,7,18,20,17,24,18,9,3,3,8,5,14,12,18,17,11,17,10,16,12,16,14,14,14,11,17,10,4,15,12,24,19,16,5,14,11,22,2,13,18,10,14,10,12,16,16,18,33,42,5,20,36,37
,505,1,1,0,1,1,14,9,8,10,12,14,10,19,14,17,19,20,14,5,29,26,27,31,29,19,22,23,21,18,26,21,21,22,20,23,25,19,20,13,19,20,16,18,6,16,14,17,32,15,10,2,5,5,4,18,18,12,15,11,16,10,10,15,12,9,10,13,15,18,13,3,18,12,22,17,13,5,16,11,25,2,11,10,10,8,11,11,20,14,12,82,79,7,24,62,65
,510,2,1,0,1,1,13,8,6,12,13,16,11,16,12,12,18,18,19,5,26,24,20,25,20,18,22,19,22,25,18,27,22,14,25,18,18,15,19,13,13,14,20,20,6,17,18,16,19,12,15,2,3,5,5,18,13,12,17,18,16,16,16,10,10,11,12,8,10,11,8,3,19,9,25,19,15,4,16,11,23,2,12,13,18,9,10,10,18,11,20,146,166,5,34,117,127
,515,1,1,1,1,1,15,8,7,10,13,19,13,14,13,17,17,17,17,5,20,22,24,19,25,17,20,20,14,20,17,19,20,20,23,17,20,20,14,16,18,15,21,15,9,16,18,20,20,13,8,2,4,7,5,15,13,17,16,18,20,11,16,16,17,9,10,12,14,12,14,3,21,11,24,17,13,5,16,10,18,2,20,24,22,19,20,13,16,19,22,378,393,9,45,284,335
,520,1,1,1,0,1,15,7,6,12,14,12,13,18,14,15,11,14,15,3,23,20,22,18,20,22,16,23,20,21,18,25,20,16,20,22,27,21,18,14,14,14,14,18,9,15,21,21,25,19,9,3,3,7,6,12,13,14,12,15,25,13,13,11,13,10,17,10,12,13,11,3,16,9,26,18,11,5,11,10,19,2,29,20,21,20,20,13,29,25,27,799,828,9,81,608,749
,525,1,0,0,1,1,11,8,6,8,15,15,11,14,13,11,17,10,17,3,19,21,16,26,23,19,18,18,17,19,17,25,23,17,19,20,28,15,20,18,14,14,20,17,7,22,23,16,28,17,14,3,3,5,5,15,15,18,16,17,18,18,21,15,16,15,21,13,16,20,11,5,19,10,19,19,11,5,16,11,17,3,37,30,41,29,42,24,38,42,40,1482,1558,17,141,1124,1289
,530,1,0,0,0,0,10,7,5,10,13,11,7,16,13,10,10,12,14,5,18,22,21,21,22,16,15,15,15,17,27,28,25,22,30,29,33,26,16,15,21,19,18,18,9,25,26,21,30,30,13,3,7,9,6,19,23,27,27,31,34,27,24,26,26,27,30,31,21,19,18,6,24,17,32,18,12,4,14,12,31,6,82,68,70,62,64,41,89,86,91,2905,2980,34,288,2179,2435
,535,1,1,1,0,1,10,7,5,7,9,12,7,11,10,13,8,11,13,5,18,17,18,20,21,24,17,17,27,25,31,35,34,36,41,39,55,34,31,21,27,26,22,33,14,39,36,36,48,50,27,5,9,13,11,35,46,53,51,54,59,42,45,44,50,36,48,35,36,41,35,8,42,17,36,39,19,7,20,15,30,9,140,125,133,117,117,81,156,165,150,4160,4452,60,494,3231,3787
,540,1,0,1,1,1,11,7,6,6,8,10,12,10,10,8,9,11,14,2,19,18,27,27,32,32,24,29,31,42,42,43,48,56,49,69,104,65,45,38,40,40,44,44,20,56,66,59,89,75,35,7,15,21,15,50,71,84,71,81,85,74,74,65,77,68,67,53,52,62,56,14,59,28,47,52,20,6,21,23,40,13,212,192,203,173,187,119,230,237,227,5253,5359,88,685,3984,4507
,545,1,0,0,0,0,12,5,6,9,11,14,12,13,10,8,8,9,10,1,30,24,31,37,55,48,33,42,61,68,73,77,70,85,96,103,179,105,76,60,55,62,64,61,32,79,98,102,146,110,55,10,19,31,23,79,104,120,110,117,127,97,102,93,108,92,99,84,67,88,79,21,83,34,58,74,31,8,30,27,55,19,296,248,277,227,254,149,303,326,302,5505,5749,116,781,4301,4835
,550,1,0,1,1,0,12,4,4,9,12,13,17,16,11,15,9,16,10,1,30,43,57,65,80,76,54,68,96,116,128,130,122,159,161,173,312,175,124,99,93,90,98,89,51,123,142,146,227,156,85,13,28,40,33,103,143,162,152,158,167,133,141,135,142,120,147,114,97,115,121,27,126,41,68,105,37,10,36,27,68,25,341,307,328,271,308,201,366,385,367,5279,5535,144,785,4009,4581
,555,1,0,0,0,0,10,5,4,7,13,24,33,29,9,12,14,19,15,2,56,72,104,132,168,152,104,143,202,235,246,251,236,298,296,329,568,333,216,155,153,141,144,134,77,198,218,227,378,191,110,18,38,52,41,132,176,191,181,188,202,165,162,164,169,157,186,145,124,147,144,36,150,49,69,147,43,11,42,33,71,32,356,336,367,282,325,197,365,364,360,4433,4463,151,761,3291,3794
,560,1,0,0,0,0,10,4,4,11,18,43,67,52,13,19,19,30,21,1,102,138,205,257,323,295,212,281,398,449,476,476,453,530,551,569,957,567,361,251,237,203,198,200,103,288,315,323,609,214,135,21,42,63,44,148,185,215,196,218,228,188,185,194,205,185,205,187,161,193,185,45,201,56,85,193,48,12,42,35,77,34,343,334,342,267,305,181,346,325,327,3096,3159,140,597,2418,2698
,565,0,0,0,0,0,19,4,5,13,26,76,111,86,19,32,31,51,31,4,160,235,338,410,493,469,342,469,617,660,746,738,661,788,784,792,1292,795,483,334,321,266,263,255,131,359,415,419,801,217,142,23,47,62,47,152,182,218,197,230,233,198,216,206,231,211,230,204,176,220,207,51,225,57,85,231,52,13,39,37,79,36,285,295,298,224,278,157,299,299,276,2235,2326,122,477,1782,1921
,570,1,1,0,0,0,18,4,3,22,43,131,198,149,31,50,49,90,50,1,267,371,551,644,761,736,559,726,913,947,1077,1084,960,1066,1064,1060,1630,1058,635,428,418,340,328,318,167,473,538,545,996,207,154,22,48,64,44,149,183,211,212,233,246,209,231,231,250,244,271,243,203,244,221,57,241,56,78,241,54,12,40,38,71,32,235,249,249,171,228,131,240,234,220,1600,1561,97,358,1176,1272
,575,1,0,0,0,1,27,4,4,37,79,237,332,263,59,96,91,158,96,1,458,622,842,987,1105,1082,870,1089,1323,1280,1435,1490,1323,1382,1358,1284,1832,1311,815,524,531,436,425,411,222,580,652,686,1154,203,168,22,51,61,45,144,185,213,213,251,261,231,277,257,291,273,299,276,224,257,231,57,252,50,68,247,43,10,33,30,65,25,162,179,165,125,160,98,168,162,158,932,896,69,220,697,760
,580,0,0,0,0,0,51,3,5,71,153,424,533,455,111,177,167,286,172,1,718,938,1220,1357,1441,1386,1286,1488,1630,1538,1722,1784,1562,1597,1512,1427,1801,1471,950,617,635,543,521,482,263,697,794,782,1252,207,193,23,52,65,43,146,190,228,236,272,280,257,303,290,323,307,327,288,225,252,219,51,227,40,53,228,35,8,25,23,49,19,102,119,119,90,120,68,112,110,98,532,514,46,144,425,456
,585,0,0,0,0,0,91,3,8,135,288,705,792,705,205,341,310,548,320,1,1023,1231,1578,1616,1629,1600,1614,1751,1752,1610,1808,1879,1628,1635,1490,1418,1616,1451,1036,695,724,627,591,561,299,803,854,828,1200,213,212,25,56,71,46,161,200,237,266,300,296,282,325,316,355,300,322,271,208,223,185,42,182,29,40,182,30,6,20,16,31,13,72,83,70,55,73,41,75,71,77,284,292,28,90,234,255
,590,0,0,1,0,0,157,3,8,225,450,988,977,956,329,520,479,801,496,0,1254,1412,1714,1720,1650,1639,1785,1872,1682,1538,1695,1739,1547,1501,1340,1304,1327,1317,991,672,722,650,600,603,304,777,863,828,1130,224,232,26,63,75,47,171,221,261,279,312,306,290,323,309,327,294,277,223,175,178,148,33,143,22,42,142,20,5,16,12,25,10,53,56,56,39,52,32,48,52,48,190,183,21,60,153,163
,595,0,0,0,0,0,259,3,15,355,694,1312,1114,1158,533,801,734,1215,755,0,1405,1481,1725,1651,1522,1510,1800,1790,1478,1335,1479,1525,1390,1288,1110,1133,1010,1147,879,625,687,610,597,584,293,725,798,743,966,238,260,27,67,83,51,183,230,275,291,319,316,276,296,264,288,259,250,174,138,139,111,24,106,17,21,110,14,4,13,8,18,7,37,40,35,30,38,23,35,39,35,118,114,16,46,98,99
,600,0,0,0,0,0,456,4,21,576,1044,1587,1189,1363,857,1198,1110,1714,1122,0,1456,1421,1575,1450,1258,1260,1675,1560,1169,1058,1131,1163,1051,991,830,842,729,824,693,536,569,534,498,521,257,635,668,612,710,235,280,27,70,87,51,198,238,266,282,289,290,250,244,220,220,177,168,127,95,99,76,17,73,13,15,92,11,3,8,6,22,6,26,27,25,28,25,17,27,28,25,70,72,10,32,59,58
,605,0,1,0,0,0,781,3,38,852,1437,1760,1076,1371,1221,1653,1515,2191,1499,0,1292,1203,1300,1113,938,962,1346,1185,841,760,794,822,770,696,591,586,478,592,502,399,442,427,392,411,204,492,512,458,531,219,267,29,68,88,48,200,221,243,252,244,251,205,172,157,161,121,122,82,70,67,49,12,49,10,12,49,7,2,8,7,9,3,17,22,18,15,19,12,17,19,20,41,43,8,23,37,36
,610,0,0,0,0,0,1145,4,58,1098,1728,1706,919,1300,1611,1966,1768,2459,1736,0,1122,985,1001,861,706,711,1039,916,643,554,592,620,570,505,444,419,349,433,377,292,325,350,309,325,158,392,391,358,385,188,243,26,63,83,46,170,188,199,215,201,203,158,123,114,115,94,88,59,47,48,37,8,39,13,9,44,6,1,7,2,8,3,13,17,12,16,14,9,12,13,16,28,30,6,14,29,23
,615,1,0,0,0,0,1488,7,83,1274,1906,1541,764,1132,1884,2185,1989,2561,1873,0,950,790,794,678,532,549,836,729,487,421,454,460,438,384,332,314,255,312,281,219,250,269,245,253,125,303,298,271,286,179,226,23,58,78,39,164,171,172,176,148,162,117,95,90,85,69,61,44,38,34,28,6,31,7,8,30,12,2,10,2,4,2,13,12,12,12,16,8,13,11,23,20,24,5,12,22,17
,620,0,0,0,0,1,1939,8,118,1378,1887,1235,555,902,1989,2261,1995,2470,1832,0,712,594,586,502,419,407,615,518,358,304,332,341,315,277,257,220,197,211,191,158,176,189,177,178,87,213,214,187,209,135,183,20,48,67,34,120,118,121,122,106,110,83,68,55,61,46,45,31,30,32,21,4,23,6,9,21,4,2,5,3,5,2,9,11,7,10,7,7,8,10,9,13,12,3,12,19,11
,625,0,0,0,0,0,2272,10,157,1333,1682,935,386,670,1922,2091,1788,2093,1672,0,534,463,444,386,314,322,458,382,263,225,247,250,237,187,184,151,135,150,137,106,118,132,121,125,60,144,141,129,136,93,139,16,35,53,24,88,84,83,93,73,83,55,47,39,44,41,32,19,21,22,18,4,26,3,4,13,4,1,3,2,2,1,9,5,5,16,2,6,5,7,9,13,9,3,9,14,8
,630,0,0,0,0,0,2378,14,187,1164,1349,673,286,492,1722,1712,1494,1624,1369,0,428,367,359,319,275,267,371,300,218,175,194,192,194,143,143,112,95,124,92,79,84,92,79,92,40,104,105,95,103,72,100,13,25,39,19,60,58,62,66,52,60,37,36,26,29,21,20,13,16,12,12,2,11,4,7,15,2,1,4,6,1,1,6,5,0,5,6,6,5,10,6,10,22,1,7,14,5
,635,0,0,0,0,0,2289,17,201,1012,1117,525,231,406,1457,1445,1278,1336,1153,0,367,349,326,290,252,235,328,264,193,145,166,171,163,110,120,86,76,85,76,61,61,73,67,70,31,81,78,69,81,55,73,10,20,29,14,52,47,47,48,43,45,33,26,20,26,17,16,10,11,12,11,2,11,4,3,13,3,1,3,1,0,1,5,3,4,6,1,4,6,4,7,6,5,3,6,8,3
,640,0,0,0,1,0,2028,20,201,786,838,409,190,334,1139,1107,1008,1010,908,0,322,318,296,252,241,229,305,224,164,114,145,139,134,87,107,69,58,63,57,43,50,54,47,54,27,62,54,53,65,39,53,7,14,21,10,34,31,38,36,30,34,23,20,15,31,12,11,4,7,10,10,2,7,5,2,10,11,0,3,0,1,1,4,4,0,3,2,5,4,7,20,6,5,2,0,10,3
,645,0,0,0,1,0,1696,24,182,611,625,329,174,305,872,869,805,796,711,0,312,323,301,269,229,219,294,202,157,96,114,114,118,66,80,57,48,48,43,34,39,41,36,37,18,45,44,43,49,27,38,6,9,16,7,26,24,27,29,22,27,15,29,15,15,9,11,1,8,7,6,1,8,4,2,7,11,1,1,0,0,0,2,3,0,6,0,5,4,8,5,4,5,0,5,6,2
,650,1,0,0,0,0,1257,29,159,446,478,288,181,300,654,673,627,637,551,0,322,353,306,269,240,205,293,165,152,71,97,96,102,53,63,42,37,37,26,25,25,33,28,30,12,33,33,32,38,21,25,4,6,12,7,16,16,32,20,16,18,11,15,9,14,5,8,2,5,6,4,1,4,3,4,18,1,0,2,0,0,0,2,0,0,6,0,6,0,7,5,3,3,1,3,23,0
,655,0,0,1,1,0,1021,36,141,378,403,283,200,321,546,585,564,565,518,0,346,376,318,265,247,187,302,152,127,68,84,85,87,46,57,34,29,26,23,19,18,24,20,24,9,32,23,21,31,19,18,3,3,9,5,11,16,18,14,13,14,5,13,8,13,7,3,0,4,7,4,0,5,3,19,6,0,1,2,0,0,0,3,5,0,6,0,3,0,5,4,4,4,1,3,9,0
,660,1,1,1,0,1,832,44,131,335,376,291,226,377,475,540,553,547,492,0,386,407,334,281,242,180,301,125,117,67,73,66,72,40,52,27,29,23,19,15,17,20,13,30,7,27,24,21,20,9,11,3,1,7,3,11,10,13,14,11,12,4,11,11,7,4,2,0,3,4,6,4,2,2,5,3,2,1,3,0,0,0,0,0,0,5,0,6,3,3,6,2,3,0,3,7,0
,665,1,1,1,1,1,689,62,136,323,359,331,274,430,451,539,547,585,520,0,403,433,343,265,225,154,286,125,95,34,65,54,62,30,41,28,21,20,21,17,17,16,15,18,4,21,18,19,22,11,10,2,4,5,3,21,10,9,11,7,12,2,10,21,6,2,0,0,21,23,6,1,0,1,0,6,0,1,2,0,0,1,0,2,0,5,0,4,0,6,28,0,3,12,3,10,1
,670,2,1,2,2,2,619,91,160,342,395,412,348,538,479,590,619,651,616,0,418,444,334,242,206,132,268,79,74,31,48,41,57,28,28,21,16,13,17,11,11,13,11,9,3,11,9,13,16,9,1,2,0,5,1,5,6,10,6,8,7,2,6,3,5,4,18,0,2,2,24,4,3,3,1,3,2,0,2,0,0,0,0,1,0,1,0,5,0,3,0,0,8,0,4,11,0
,675,3,2,3,3,4,622,133,195,400,462,489,444,638,543,681,710,764,720,0,429,420,304,208,161,115,230,67,60,20,37,35,41,22,28,16,17,8,11,7,30,14,9,8,2,15,8,10,16,7,3,2,0,4,2,4,3,9,6,5,0,1,5,0,5,0,0,0,3,7,24,3,0,5,2,3,1,0,17,0,0,0,2,1,0,7,0,3,0,4,5,3,2,2,3,41,0
,680,4,3,5,5,4,684,183,247,483,551,635,552,781,649,779,817,896,865,0,392,376,254,179,138,86,198,49,47,22,21,32,31,15,22,12,11,2,9,8,4,10,5,4,1,16,8,12,13,4,0,2,0,2,2,0,4,9,10,3,11,0,5,4,6,0,0,0,5,2,1,0,0,2,1,0,1,0,0,0,0,0,0,0,20,1,0,7,0,35,29,0,0,3,0,14,0
,685,7,4,7,9,8,770,261,333,582,693,798,677,940,784,935,957,1087,1063,0,342,319,225,138,140,69,152,33,29,15,26,23,25,13,19,14,4,5,4,11,9,6,5,9,1,12,3,12,12,6,0,2,0,3,3,4,4,9,8,7,29,20,1,2,4,0,0,0,2,8,5,0,24,3,0,2,0,0,3,0,0,1,24,2,0,25,3,2,0,0,1,31,0,0,3,17,4
,690,10,8,11,11,12,921,361,436,760,876,977,891,1131,982,1131,1201,1320,1302,0,290,256,174,113,89,50,117,32,21,6,9,48,20,36,14,9,4,0,8,4,4,11,11,2,0,37,26,11,37,8,0,1,5,2,3,2,6,9,6,9,1,0,3,4,7,0,0,0,3,3,0,0,0,1,0,3,0,0,2,0,0,0,24,0,0,1,0,5,0,3,1,0,0,0,14,11,0
,695,17,13,18,18,20,1126,533,616,982,1120,1288,1143,1345,1229,1424,1415,1651,1647,0,219,199,126,71,66,32,83,22,12,3,6,9,15,12,22,9,10,0,3,6,2,10,5,5,0,11,0,5,11,36,0,2,0,3,1,0,2,5,7,0,4,0,8,0,1,0,0,0,0,6,5,0,21,2,4,5,0,1,1,0,0,1,0,0,0,2,0,9,1,6,1,3,0,1,1,12,0
,700,26,20,30,30,32,1362,727,829,1256,1424,1610,1388,1440,1570,1677,1585,1986,1950,0,173,146,98,54,50,26,63,11,13,2,12,7,14,5,15,26,0,0,0,0,0,35,1,4,1,4,1,4,10,3,0,1,0,2,0,0,2,6,6,5,2,0,4,0,29,0,0,0,0,6,0,0,0,2,0,8,17,1,2,0,0,0,4,0,0,0,0,7,1,1,4,0,0,1,43,18,0
,705,39,31,45,46,49,1644,971,1057,1514,1728,1851,1624,1474,1867,1932,1726,2152,2187,0,132,112,79,45,34,26,45,13,11,0,6,41,11,0,16,5,0,0,0,9,0,9,1,5,0,8,0,6,6,1,0,4,0,4,4,0,0,2,24,2,7,0,0,0,4,0,0,0,2,0,0,0,0,1,9,4,0,0,1,0,0,0,4,0,0,9,0,7,0,2,9,0,0,0,8,14,0
,710,55,47,65,68,73,1869,1225,1302,1721,1983,2022,1688,1436,2102,1981,1760,2108,2222,0,99,74,50,27,35,26,55,9,2,0,7,33,14,6,16,1,0,0,0,0,5,2,4,4,0,12,3,4,41,17,0,2,0,2,2,0,31,8,3,1,6,0,6,4,5,29,0,0,7,0,5,0,0,5,0,1,1,0,0,0,0,0,0,0,29,3,0,6,0,11,3,0,4,3,9,17,0
,715,92,74,104,104,113,1942,1519,1555,1871,2131,2025,1605,1189,2222,1853,1527,1984,2051,0,62,47,35,29,23,15,18,4,0,0,0,3,9,0,9,3,0,0,0,4,1,9,4,0,0,17,22,1,2,0,0,1,0,16,1,24,2,4,1,2,1,0,3,7,0,0,0,0,0,6,0,0,0,3,0,0,2,1,0,0,0,0,0,0,0,5,0,7,0,3,6,0,0,0,3,16,0
,720,127,113,158,153,166,1931,1805,1765,1869,2195,1901,1490,957,2136,1615,1303,1660,1864,0,44,29,33,22,34,9,13,0,0,2,4,2,15,1,9,9,6,0,8,1,0,9,1,0,0,6,2,8,6,0,0,1,0,0,2,2,0,7,0,0,3,0,8,0,0,0,0,0,0,2,3,0,0,2,0,35,2,1,0,0,0,0,1,0,0,1,0,5,0,1,7,4,0,3,13,23,0
,725,185,161,222,219,246,1859,2011,1879,1856,2097,1742,1334,777,2089,1392,1165,1441,1614,0,37,27,28,12,14,8,10,0,0,30,0,0,4,13,10,4,0,0,0,0,4,8,1,0,0,8,0,3,3,1,0,6,0,3,2,0,0,1,5,2,3,0,2,23,0,0,0,0,3,0,0,0,0,3,0,3,1,0,0,0,0,0,37,0,0,0,0,5,0,0,2,0,3,0,6,12,0
,730,276,238,330,327,352,1795,2145,1998,1747,2013,1552,1146,620,1924,1218,914,1187,1345,0,28,19,24,18,14,6,7,0,0,0,2,5,5,7,6,0,0,0,0,0,0,6,0,0,0,15,2,1,7,5,0,2,0,1,3,13,0,8,32,2,3,0,1,0,3,0,0,0,26,5,0,0,0,5,0,0,14,0,1,0,0,0,0,0,0,9,0,5,0,0,8,0,2,4,1,19,0
,735,414,363,497,502,545,1516,2218,1962,1586,1801,1259,911,490,1682,977,755,998,1110,0,25,3,19,16,11,6,0,0,0,0,0,0,8,4,35,44,0,0,34,5,0,14,2,0,0,15,0,4,5,5,0,2,0,8,2,0,0,7,8,0,30,0,37,0,6,0,0,0,4,3,0,0,0,1,0,4,0,3,2,0,0,0,2,1,29,2,0,3,2,56,0,0,0,0,3,14,0
,740,657,581,793,788,877,1163,1989,1679,1247,1392,943,678,337,1271,711,513,696,781,0,14,1,16,11,13,10,0,0,0,0,0,0,13,5,5,4,0,0,0,0,39,0,1,0,0,5,0,0,4,13,0,2,0,3,2,0,31,39,12,0,12,23,4,0,1,0,0,0,0,0,0,0,0,0,0,0,1,1,0,0,0,0,0,0,0,0,0,8,0,3,0,0,0,0,7,26,0
,745,945,827,1134,1135,1233,959,1770,1402,957,1102,732,502,241,994,559,394,496,622,0,12,0,20,14,17,3,8,1,0,0,0,4,6,6,5,68,0,0,0,0,5,15,0,9,0,16,49,0,3,14,0,4,11,5,2,5,0,7,1,1,14,0,8,0,3,0,0,0,1,13,1,0,0,8,0,4,0,1,0,0,0,1,7,0,0,3,0,13,0,17,8,0,0,1,15,18,56
,750,1296,1144,1584,1577,1731,720,1457,1132,724,831,552,355,199,751,393,307,355,460,0,18,0,13,7,7,4,0,1,0,0,0,0,4,10,6,15,42,0,48,0,0,15,0,0,0,17,51,0,11,8,0,0,0,4,1,0,1,8,6,51,6,0,2,46,0,0,0,0,0,0,0,0,0,8,0,1,1,1,2,0,0,1,0,9,0,6,0,2,0,6,0,0,0,24,9,25,0
,755,1761,1606,2179,2206,2396,488,1055,822,509,573,376,259,129,552,288,184,251,331,0,7,5,17,5,7,0,0,0,0,0,0,6,0,3,11,0,0,0,0,0,0,13,3,44,0,17,0,6,6,7,0,3,0,5,0,0,0,3,8,18,0,0,9,0,0,0,0,21,0,0,10,0,0,4,0,10,0,0,1,13,0,0,0,0,0,4,2,50,0,7,25,0,0,1,6,34,0
,760,2271,2193,2957,3017,3251,369,781,625,365,429,238,176,86,383,192,150,174,237,0,15,0,12,6,17,12,0,0,0,0,49,65,21,2,5,83,0,0,0,8,0,19,0,0,31,32,75,7,14,12,0,4,0,6,3,0,0,8,0,9,0,0,10,0,0,0,0,0,3,13,0,0,0,13,0,0,3,0,2,0,0,1,98,0,0,20,0,15,0,8,9,74,0,7,26,41,0
,765,2686,2851,3781,3843,4121,255,546,409,237,295,159,104,46,254,138,94,120,169,0,9,0,16,0,15,4,0,0,0,0,0,0,0,4,26,11,0,0,0,11,5,9,0,0,0,22,0,2,9,6,0,2,0,1,7,0,0,14,0,0,4,0,0,0,40,0,0,0,0,6,0,0,0,3,0,6,0,2,44,0,0,2,116,0,0,7,0,17,0,14,0,0,0,0,5,31,0
,770,2890,3396,4515,4500,4811,176,406,295,169,210,114,76,91,179,97,66,70,111,0,0,5,13,0,17,0,0,45,0,0,0,0,0,0,16,0,0,0,0,2,11,5,2,0,0,15,0,28,3,0,0,3,0,10,5,0,5,11,14,0,0,0,10,15,0,0,0,0,0,2,0,0,0,4,0,7,0,0,0,0,0,0,0,0,0,20,0,16,0,7,2,0,0,42,14,47,0
,775,2937,3739,4929,5063,5376,135,296,227,190,151,71,38,45,150,76,41,79,97,0,13,5,9,26,19,0,0,0,0,0,0,0,13,0,7,9,0,0,0,0,7,5,7,1,0,21,0,26,9,8,48,18,0,10,6,0,0,22,0,15,15,0,118,0,0,0,0,0,0,4,105,0,0,9,0,13,5,2,0,0,0,1,0,0,0,26,0,25,0,4,0,0,0,5,130,56,0
,780,2574,4058,5135,5240,5460,85,208,142,71,125,42,3,14,83,69,29,28,58,20,12,0,7,6,134,0,0,0,0,0,0,0,14,8,0,0,0,0,0,0,0,39,0,0,0,24,0,0,0,12,0,3,0,4,5,0,6,16,0,3,5,0,0,0,77,18,0,0,0,0,0,0,0,0,0,0,7,2,0,0,0,1,0,0,0,14,0,21,0,0,13,4,0,0,14,58,0
,785,2115,4147,5028,5133,5290,68,138,112,37,96,29,13,7,52,53,10,10,110,0,13,0,8,13,3,11,0,0,0,90,88,0,6,0,0,10,0,0,7,6,0,18,0,13,0,32,0,11,10,0,0,21,19,9,7,0,0,131,0,9,18,0,0,0,0,0,0,0,0,0,24,0,0,9,0,5,0,0,3,0,0,0,0,0,0,13,0,12,0,1,42,0,0,13,15,50,0
,790,1695,4047,4672,4788,4943,56,99,71,25,158,0,0,0,43,18,0,19,22,0,0,0,47,0,21,0,0,0,0,0,0,0,27,0,0,0,0,0,0,13,0,0,9,0,0,24,0,13,11,7,0,7,0,13,1,0,0,12,0,3,13,0,17,0,0,0,44,0,2,122,5,0,0,13,0,9,0,0,14,0,0,0,7,0,0,10,0,7,0,10,0,0,19,0,25,219,0
,795,1301,3832,4269,4395,4419,36,82,65,0,61,0,0,8,41,22,0,3,41,0,16,0,5,22,0,108,0,0,0,0,0,0,7,7,48,0,0,0,0,4,0,0,0,0,0,41,0,0,0,0,0,10,0,11,4,7,0,20,14,0,52,0,22,0,7,0,0,0,21,0,0,0,0,2,13,0,0,2,1,0,0,0,7,0,0,5,0,29,0,11,7,0,0,0,22,88,0
,800,974,3535,3793,3782,3838,5,61,31,0,48,0,14,0,7,27,0,0,75,0,13,0,33,0,8,0,2,0,0,0,0,0,4,44,15,0,0,0,0,0,0,0,0,24,0,29,0,7,9,0,0,5,0,15,2,0,0,37,4,0,26,0,146,13,0,0,0,0,13,2,0,0,0,13,0,3,94,1,0,0,0,4,0,0,0,24,0,31,0,11,13,0,0,69,0,54,0
,805,635,2905,2902,3069,2973,18,33,24,0,16,0,0,0,4,23,0,7,23,0,6,0,6,199,26,11,0,0,0,0,0,0,26,163,12,0,0,0,0,0,0,0,0,0,0,26,0,0,23,17,0,6,0,13,11,0,0,15,88,8,0,0,1,0,13,0,0,0,0,7,0,0,0,17,0,21,0,10,85,0,0,1,0,0,0,17,0,26,0,0,0,0,0,0,43,75,0
,810,472,2445,2264,2503,2377,3,30,20,0,24,0,0,0,0,7,0,0,21,0,0,0,25,37,19,0,59,0,0,0,142,0,9,0,22,0,0,0,0,0,0,5,0,42,16,38,0,35,25,192,0,12,0,12,6,0,6,25,1,0,145,0,29,0,0,0,0,0,0,17,146,0,0,24,0,0,12,2,10,0,0,2,0,0,0,23,0,21,0,2,0,0,0,4,10,86,0
,815,346,1974,1816,1999,1906,20,12,15,0,12,0,0,0,0,4,0,0,10,0,0,131,12,1,15,0,0,0,0,0,0,7,15,0,0,6,0,119,0,10,0,77,0,0,0,10,0,0,0,0,0,9,0,0,11,0,7,18,0,10,14,0,36,0,219,0,0,0,3,0,0,0,0,17,18,14,3,5,0,73,0,2,0,0,0,49,0,30,0,0,10,0,0,0,37,93,0
,820,243,1502,1376,1464,1397,16,23,5,0,13,0,0,0,0,0,0,0,22,0,50,0,41,18,52,0,0,0,0,0,0,0,119,0,39,12,0,0,0,0,0,45,0,0,0,76,0,45,1,5,0,6,0,19,9,0,0,4,79,0,22,0,28,0,0,0,0,0,0,263,8,0,151,112,6,4,0,2,23,0,0,3,5,0,174,29,0,43,0,45,0,0,0,2,20,48,0
,825,165,1143,1029,1077,1064,0,14,1,0,16,0,0,0,0,11,0,0,13,0,22,86,23,36,104,0,0,0,0,0,0,0,274,42,11,15,0,0,0,0,0,7,0,0,0,56,0,0,0,0,152,11,0,4,15,0,0,24,39,0,19,0,42,0,0,0,0,0,0,0,0,0,0,52,0,0,0,5,11,0,0,4,0,0,0,8,0,41,0,0,5,0,0,0,42,154,0
,830,126,823,734,785,763,0,20,0,0,3,0,0,0,0,47,0,0,17,0,0,0,0,53,19,23,0,0,0,0,0,0,0,0,6,56,0,0,0,0,0,35,289,0,0,27,0,50,366,8,0,10,0,33,0,2,0,32,18,26,41,0,0,0,0,0,0,0,268,70,20,0,0,0,51,15,6,73,0,0,0,0,0,0,0,0,241,45,0,0,0,0,0,0,8,129,0
,835,91,654,592,600,583,0,19,0,0,0,0,0,36,0,0,0,0,0,0,17,0,64,14,97,19,0,0,0,0,0,0,118,35,0,26,0,0,0,0,0,83,0,0,0,169,0,105,126,0,0,13,0,36,92,0,59,88,0,0,22,0,50,0,11,0,0,0,0,20,47,0,39,12,0,86,0,1,19,0,0,0,25,0,0,71,0,266,0,5,0,0,0,17,57,163,0
,840,65,474,449,480,439,12,48,0,0,0,0,0,0,0,0,0,0,82,0,0,0,77,0,89,28,0,0,0,0,0,0,0,34,65,56,0,0,0,0,0,104,0,567,0,126,0,136,22,71,0,42,0,25,64,0,88,128,117,0,0,0,56,2,34,0,0,0,0,49,24,0,0,38,0,140,23,0,27,0,0,1,0,0,0,182,0,79,0,115,13,0,0,356,39,165,0
,845,34,309,312,312,295,0,70,0,0,0,0,0,0,0,0,762,44,0,0,68,0,149,88,0,0,0,0,0,0,0,0,140,0,197,151,0,0,0,0,0,84,189,0,0,87,0,77,154,54,0,38,0,52,186,0,10,179,59,82,0,0,6,0,0,0,0,0,283,0,0,0,33,28,0,0,74,9,0,0,0,0,0,0,0,8,0,243,0,154,0,0,51,10,394,234,0
,850,61,203,241,209,228,562,97,0,89,1310,0,0,0,0,77,0,0,317,0,0,0,343,0,478,0,0,1128,0,0,0,0,0,235,0,201,0,0,0,0,215,143,0,0,662,443,0,127,206,142,0,188,197,198,37,0,0,256,0,132,90,0,291,0,0,0,0,0,0,79,270,268,0,0,0,0,0,15,0,0,0,280,0,0,0,364,0,375,0,0,0,0,0,42,104,932,0
,,,,,,,,,,,,,,,,,,,,,,,,,,,,,,,,,,,,,,,,,,,,,,,,,,,,,,,,,,,,,,,,,,,,,,,,,,,,,,,,,,,,,,,,,,,,,,,,,
Read 49:EM Spectrum,,,,,,,,,,,,,,,,,,,,,,,,,,,,,,,,,,,,,,,,,,,,,,,,,,,,,,,,,,,,,,,,,,,,,,,,,,,,,,,,,,,,,,,,,,,,,,,,,
,,,,,,,,,,,,,,,,,,,,,,,,,,,,,,,,,,,,,,,,,,,,,,,,,,,,,,,,,,,,,,,,,,,,,,,,,,,,,,,,,,,,,,,,,,,,,,,,,
,Wavelength,A1,A2,A3,A4,A5,A6,A7,A8,A9,A10,A11,A12,B1,B2,B3,B4,B5,B6,B7,B8,B9,B10,B11,B12,C1,C2,C3,C4,C5,C6,C7,C8,C9,C10,C11,C12,D1,D2,D3,D4,D5,D6,D7,D8,D9,D10,D11,D12,E1,E2,E3,E4,E5,E6,E7,E8,E9,E10,E11,E12,F1,F2,F3,F4,F5,F6,F7,F8,F9,F10,F11,F12,G1,G2,G3,G4,G5,G6,G7,G8,G9,G10,G11,G12,H1,H2,H3,H4,H5,H6,H7,H8,H9,H10,H11,H12
,500,1,1,1,1,1,24,9,8,14,13,17,17,15,14,16,23,18,17,16,22,26,26,22,28,26,23,23,20,21,20,26,19,19,22,20,28,20,16,23,14,20,22,25,22,16,16,18,22,10,3,13,12,7,13,12,21,17,11,13,15,17,16,17,11,12,10,11,20,16,11,13,18,19,22,10,8,5,30,4,25,9,12,17,12,12,11,15,13,15,4,36,41,6,12,34,33
,505,1,1,1,1,1,17,9,8,13,12,13,14,20,15,14,15,16,12,16,20,20,23,22,21,20,25,19,18,20,27,28,19,22,20,20,25,13,15,18,19,15,16,19,20,17,20,16,23,7,3,9,17,7,12,12,14,20,11,18,24,11,11,17,9,17,11,11,17,14,10,13,20,15,23,10,10,6,37,5,26,16,11,11,7,19,16,12,9,19,4,84,74,5,17,53,67
,510,1,1,1,1,1,19,7,6,14,12,14,11,15,12,19,20,16,16,17,22,24,20,22,24,31,23,23,22,19,18,26,21,21,20,25,27,14,20,13,17,19,15,19,17,19,12,17,19,10,3,8,17,9,10,14,20,22,20,12,13,15,10,15,13,10,7,14,12,11,18,14,19,16,27,6,8,6,25,4,26,13,14,14,10,21,16,20,10,13,6,146,152,7,27,114,133
,515,1,1,1,0,1,16,9,7,10,14,17,12,15,15,15,16,15,12,18,21,20,23,23,20,19,19,16,17,19,17,20,19,23,21,23,26,15,19,17,13,15,22,19,24,14,18,17,26,7,2,9,15,10,9,12,20,16,18,16,13,16,12,16,17,17,11,14,16,26,18,19,18,16,22,7,9,6,26,3,20,12,24,20,11,25,18,15,14,22,7,365,388,8,48,279,336
,520,1,1,1,0,1,14,8,8,13,14,11,12,11,11,12,15,18,12,22,20,26,17,23,25,22,22,17,17,18,19,24,25,22,26,18,25,16,28,18,17,19,17,23,18,15,21,17,27,8,2,13,13,8,14,12,21,13,11,19,14,13,13,16,12,18,12,11,17,13,20,20,14,16,23,10,7,6,23,4,19,21,24,20,21,32,23,23,19,27,9,776,823,10,81,589,698
,525,1,0,0,1,1,16,7,7,9,12,14,13,17,10,17,14,14,11,22,19,23,17,24,19,19,19,21,15,18,19,24,23,23,27,27,26,16,20,16,12,18,15,25,16,23,16,18,25,9,4,9,12,8,13,19,19,17,19,22,22,15,20,13,22,21,10,18,15,20,22,16,15,13,26,9,10,5,28,4,27,26,48,30,26,47,28,42,30,39,16,1416,1545,16,146,1067,1298
,530,1,0,1,1,0,12,6,5,8,12,10,8,14,13,16,13,13,9,15,19,17,16,20,19,23,16,20,18,26,27,24,26,22,30,31,42,29,26,22,21,17,24,21,23,27,29,31,43,14,2,14,19,11,17,24,34,28,27,29,32,22,25,29,32,29,15,22,33,27,24,28,25,15,27,11,10,6,27,4,23,43,81,62,53,84,56,76,64,75,28,2807,2803,28,284,2013,2453
,535,1,1,1,0,0,17,7,6,10,13,14,7,11,13,10,15,11,11,10,23,22,18,24,30,29,19,19,24,34,31,37,31,35,45,47,71,40,31,25,29,25,31,43,35,37,38,43,68,26,4,24,29,20,29,38,51,53,53,51,61,39,48,47,48,42,33,31,50,44,41,46,38,24,28,17,10,9,44,5,35,67,160,112,101,152,109,154,121,138,51,4299,4340,51,482,3078,3659
,540,1,0,1,0,1,14,6,6,9,11,10,10,11,7,10,11,10,9,16,19,24,28,32,37,31,27,30,37,48,46,53,46,58,66,72,126,68,52,43,44,46,42,49,50,57,65,74,107,45,7,33,49,29,42,53,79,80,86,90,100,65,77,67,80,71,48,48,66,64,73,70,57,28,36,32,13,10,52,7,45,116,255,192,164,241,169,218,186,217,78,5065,5181,82,647,3894,4576
,545,1,0,1,0,1,14,5,5,7,10,15,15,11,9,14,13,16,11,13,28,32,40,40,50,56,36,41,58,74,81,89,74,97,102,125,213,116,85,67,61,67,69,69,81,91,113,119,171,68,12,52,69,42,62,75,124,130,119,130,150,102,111,99,110,98,67,63,90,84,101,92,81,40,55,44,19,11,59,9,54,162,315,242,206,322,213,303,247,267,95,5406,5438,107,753,4034,4931
,550,1,1,1,0,1,15,4,5,10,9,19,19,19,14,24,16,22,10,7,43,43,63,75,86,81,68,71,111,136,133,143,125,177,182,204,382,205,147,102,104,98,105,105,119,144,163,183,296,92,14,68,102,60,83,106,159,164,158,173,183,129,136,132,150,123,91,90,131,121,140,128,106,52,55,60,24,15,72,11,64,209,406,301,262,372,274,347,304,302,120,5184,5159,121,790,3856,4661
,555,1,0,0,0,0,11,5,4,10,17,32,39,34,12,22,20,34,17,6,64,83,120,144,182,175,123,165,222,261,291,294,252,341,344,384,689,381,252,184,174,159,156,160,183,219,261,283,481,114,19,91,126,72,103,127,193,201,192,208,227,161,168,159,179,155,113,116,166,153,174,169,152,58,72,92,27,15,71,11,81,265,397,330,265,378,291,371,295,322,119,4392,4236,128,733,3247,4024
,560,1,0,0,0,0,15,4,3,15,26,57,75,64,22,33,33,51,29,6,123,161,232,275,347,334,240,315,425,484,527,544,468,605,600,651,1101,646,416,290,281,242,233,233,264,331,391,436,754,129,23,103,149,85,113,137,207,223,217,222,245,186,209,187,215,183,134,143,205,192,238,219,180,74,76,110,33,17,80,12,74,288,358,317,263,355,273,338,278,298,109,3161,3054,124,592,2463,2661
,565,1,0,0,0,0,21,4,4,22,42,95,127,106,33,53,52,86,46,8,195,257,372,450,531,518,386,499,655,722,776,821,709,874,849,880,1452,889,565,376,368,311,293,317,347,432,497,540,984,127,25,106,158,86,112,144,218,234,229,235,274,196,220,199,241,219,151,165,235,221,251,255,210,71,81,126,35,16,77,12,88,283,303,282,226,299,251,306,240,280,91,2338,2210,106,465,1677,1979
,570,1,1,0,0,0,33,4,4,36,70,165,213,177,52,94,91,145,80,7,318,407,598,681,791,790,626,771,948,1048,1133,1141,1024,1199,1127,1187,1760,1165,753,491,481,411,389,386,439,560,635,688,1180,125,26,114,159,84,116,133,207,220,234,249,279,205,247,229,268,253,175,194,270,250,280,275,227,72,71,138,35,14,77,11,70,267,238,226,182,245,199,238,201,198,70,1530,1482,83,348,1140,1304
,575,0,0,0,0,0,54,4,4,63,130,287,355,303,105,180,166,268,147,3,534,657,910,1021,1138,1137,946,1146,1348,1378,1520,1563,1325,1510,1384,1425,1936,1407,924,604,598,510,492,494,555,695,799,858,1294,125,30,111,164,89,113,140,208,227,241,273,301,229,273,268,298,280,190,214,297,277,300,280,231,57,71,143,29,13,59,9,63,214,164,168,136,174,150,171,137,145,48,921,877,55,216,723,791
,580,0,0,0,0,0,107,3,5,112,234,495,532,499,191,317,301,470,272,4,806,932,1300,1372,1427,1479,1348,1536,1624,1587,1813,1829,1539,1739,1496,1540,1811,1540,1061,705,730,612,578,581,669,807,930,996,1328,127,33,114,175,90,111,143,216,229,259,292,320,247,317,295,353,310,206,224,295,273,274,241,209,45,48,134,21,11,46,8,46,152,118,115,91,116,105,118,92,99,33,560,498,40,140,393,457
,585,0,0,0,0,0,198,3,7,217,436,771,739,727,353,565,544,835,469,4,1093,1210,1611,1623,1602,1666,1670,1803,1717,1662,1830,1899,1623,1724,1441,1479,1548,1506,1104,745,799,684,639,657,741,880,990,1023,1215,129,37,121,191,94,114,147,230,256,290,320,339,267,335,315,350,305,206,208,265,223,230,212,170,33,38,104,17,9,36,6,32,96,70,76,59,74,65,79,63,65,22,291,287,23,93,223,257
,590,0,0,0,0,1,324,3,9,326,649,1020,864,947,544,853,781,1186,695,3,1284,1346,1724,1670,1602,1646,1781,1828,1655,1571,1722,1782,1523,1560,1300,1328,1253,1307,1042,728,793,705,653,688,754,856,965,967,1053,136,40,130,200,101,123,162,243,271,318,336,358,272,333,298,332,293,182,178,222,182,175,165,145,27,28,79,13,6,30,5,29,77,54,55,42,58,47,59,40,47,16,192,178,20,58,143,164
,595,0,0,1,0,0,528,3,15,493,918,1247,960,1108,809,1192,1093,1623,969,13,1402,1396,1693,1604,1436,1526,1764,1741,1447,1340,1443,1485,1318,1337,1086,1095,938,1085,928,657,728,667,616,665,709,803,864,854,869,136,44,137,210,110,120,171,254,290,318,336,341,263,302,272,294,244,147,149,180,143,136,121,104,22,25,61,10,5,20,4,20,57,39,41,30,39,38,40,31,33,12,131,117,14,40,92,110
,600,0,0,0,1,0,834,3,23,704,1258,1422,929,1212,1193,1657,1511,2114,1286,0,1371,1269,1496,1342,1161,1229,1596,1462,1105,1041,1111,1160,985,976,805,802,657,806,710,552,576,604,534,563,618,648,731,705,635,139,46,134,208,114,120,176,250,279,310,327,321,234,246,213,230,185,113,100,123,103,93,81,68,15,13,42,8,4,14,3,14,38,26,27,29,27,27,28,21,23,8,77,66,10,24,51,61
,605,0,0,0,0,0,1274,4,37,932,1515,1420,816,1135,1524,2016,1810,2419,1512,3,1193,1031,1197,995,845,924,1231,1095,788,733,776,798,721,681,559,550,431,555,528,400,444,450,412,457,484,510,553,525,446,126,43,132,206,117,119,171,234,241,263,246,282,184,180,157,162,129,74,67,84,62,71,53,46,9,13,32,5,3,11,2,12,28,30,20,17,23,16,19,14,17,7,43,44,8,20,27,38
,610,0,0,0,0,0,1648,3,52,1052,1671,1307,659,1009,1750,2164,1940,2477,1577,3,1010,835,946,783,653,699,943,854,597,550,588,599,551,500,422,402,312,398,380,292,318,349,310,343,362,389,407,380,328,109,39,119,191,107,105,157,205,205,225,204,211,145,126,117,119,95,61,52,61,51,41,39,37,10,9,21,4,2,12,2,6,20,12,14,12,18,17,14,13,14,6,31,28,6,14,21,27
,615,0,0,0,0,0,2026,3,64,1110,1615,1103,516,839,1820,2176,1917,2342,1563,0,829,658,704,603,522,533,731,634,463,421,447,467,408,375,315,301,228,306,283,217,255,269,243,274,280,301,314,297,254,97,34,110,172,101,95,132,171,171,184,157,170,117,95,85,86,66,43,40,46,38,37,39,28,15,11,21,3,3,9,1,6,17,15,15,12,16,13,13,10,13,4,23,21,5,8,15,20
,620,0,0,0,0,0,2169,4,78,1058,1414,844,372,637,1718,1963,1732,1989,1398,2,609,502,531,451,374,414,563,458,337,304,326,327,315,264,236,209,161,198,194,159,168,188,171,196,202,213,216,200,173,73,28,87,141,84,80,109,136,126,125,113,123,81,70,58,61,45,30,27,36,28,26,23,21,7,5,13,2,2,6,1,5,12,8,11,8,10,10,13,6,11,4,18,14,3,7,7,13
,625,1,0,0,0,0,2168,5,85,882,1133,612,267,486,1445,1624,1431,1532,1114,0,456,381,387,348,300,319,412,361,255,225,241,249,226,194,174,150,116,145,136,100,119,130,121,135,136,145,163,140,130,54,22,67,104,64,53,80,99,86,87,77,83,56,50,41,40,34,22,23,25,19,21,15,15,6,6,10,2,1,7,1,6,10,5,8,6,10,20,7,5,19,2,15,11,3,23,4,13
,630,0,0,0,0,0,1978,5,82,699,853,443,203,353,1136,1248,1094,1183,853,1,348,311,325,290,259,256,338,275,205,168,192,187,179,135,142,109,96,101,98,75,79,93,82,98,97,105,108,103,90,34,16,52,78,47,40,60,71,60,65,56,59,37,35,27,33,28,24,20,19,14,13,12,14,7,2,6,2,4,3,1,0,7,4,9,5,7,10,20,3,6,2,11,9,2,5,8,8
,635,0,0,0,0,0,1671,8,77,558,669,352,166,293,912,981,890,909,665,0,316,290,301,269,251,239,300,238,192,144,170,169,156,111,121,88,72,80,75,57,62,71,66,79,75,82,83,77,70,28,12,38,69,36,31,42,54,44,46,44,44,33,29,22,26,23,14,14,20,11,12,8,13,3,2,4,1,2,2,1,0,5,4,5,3,20,21,4,1,7,3,9,6,2,5,2,4
,640,0,0,0,0,0,1345,9,66,418,493,288,146,247,680,763,697,704,524,0,285,293,285,247,236,219,301,205,167,114,142,146,138,85,102,63,58,60,61,43,52,63,48,53,55,59,63,63,52,21,8,30,45,29,22,32,37,37,37,28,32,25,26,17,19,22,10,22,11,4,10,9,7,3,0,5,1,1,1,1,1,7,3,6,14,9,8,4,2,5,2,9,5,3,3,2,5
,645,0,0,0,0,0,1052,13,59,329,386,236,141,238,511,592,540,573,429,0,281,301,275,261,231,224,280,196,150,98,116,137,110,83,94,55,46,46,39,30,36,39,36,42,39,46,49,48,47,12,6,20,30,18,17,25,31,24,24,24,28,18,20,12,16,13,7,10,12,7,10,9,10,3,0,3,6,1,0,1,0,1,1,6,2,5,20,6,1,5,2,5,3,2,4,0,4
,650,0,0,0,0,0,749,18,53,258,297,219,148,245,405,487,468,491,360,0,304,330,309,270,240,203,296,157,142,81,117,107,95,55,63,49,38,34,34,24,37,28,25,32,30,35,30,37,32,10,5,14,22,22,23,16,20,18,19,19,17,14,14,9,13,14,8,10,26,4,8,3,5,2,0,3,0,1,3,1,0,3,4,4,2,5,7,2,1,5,1,3,2,1,10,6,1
,655,0,0,1,0,0,626,26,58,230,279,230,169,275,367,459,443,473,355,0,328,355,316,269,242,197,291,152,128,63,85,83,79,45,59,37,30,28,25,18,18,18,22,24,28,27,25,25,28,7,4,12,15,14,8,11,21,13,13,12,16,12,11,11,9,9,6,8,4,2,6,2,5,2,0,0,7,1,0,1,0,0,2,6,3,4,4,4,0,1,3,8,7,1,0,1,3
,660,0,0,1,0,0,530,38,70,219,279,243,197,317,339,462,451,479,370,0,374,379,325,259,234,188,296,124,115,56,58,75,66,38,43,33,42,35,21,13,18,33,35,23,25,29,22,29,23,6,2,11,27,10,6,10,10,13,8,12,11,26,10,6,6,7,7,8,7,2,9,1,6,3,0,2,2,2,2,0,0,1,4,2,1,7,9,3,3,2,1,8,4,2,0,1,4
,665,0,1,1,1,1,491,56,88,239,278,297,238,385,351,485,523,543,418,0,393,397,328,259,217,162,289,113,92,45,53,69,56,33,42,27,29,19,18,32,10,16,20,19,17,19,14,20,16,3,2,9,12,9,17,22,14,24,10,12,7,9,10,8,9,10,4,8,7,23,3,0,4,4,0,13,1,1,0,4,0,1,8,12,1,3,9,1,3,6,1,5,5,2,2,0,1
,670,1,1,2,1,2,493,89,122,279,341,367,319,491,424,566,613,635,531,22,396,415,323,239,188,143,262,85,83,29,45,46,40,26,37,24,22,13,14,7,6,5,13,17,21,12,11,16,15,0,2,7,8,9,3,22,12,9,4,8,5,5,8,6,5,4,5,9,5,3,5,0,3,1,0,0,0,1,1,0,0,0,4,4,3,4,8,0,20,3,1,7,2,11,1,3,0
,675,1,2,3,2,3,546,121,172,342,406,467,403,580,492,648,704,764,644,0,419,400,305,203,164,111,227,68,56,26,35,38,31,24,29,22,16,8,12,6,8,8,10,35,15,14,3,14,13,2,2,5,4,5,7,7,13,7,6,7,3,3,5,7,7,4,0,3,0,0,2,20,8,0,0,1,0,1,0,1,0,0,2,2,3,3,5,0,0,7,2,6,0,2,10,0,6
,680,2,2,4,3,4,644,172,232,429,519,560,508,685,601,805,840,896,761,0,374,344,250,173,132,94,195,50,49,17,28,52,25,25,21,18,13,2,10,5,4,4,8,14,15,16,3,38,5,0,1,7,2,3,1,7,8,3,0,7,1,4,7,0,6,6,4,7,4,2,2,0,5,0,0,2,0,6,0,0,0,0,0,4,0,2,7,0,0,24,2,7,3,1,5,0,3
,685,4,4,7,6,7,762,247,311,540,619,700,640,854,752,994,1026,1106,964,0,332,308,216,134,106,64,157,43,37,25,22,30,19,16,15,18,8,5,7,8,7,3,12,33,9,11,4,14,2,1,2,0,2,5,2,7,6,4,0,4,5,6,1,0,2,1,5,4,7,0,11,0,5,2,0,0,0,2,0,0,0,0,0,27,0,16,7,0,28,6,3,9,4,0,0,36,4
,690,4,7,10,10,11,968,345,433,684,816,897,811,1019,936,1226,1233,1384,1200,0,297,252,189,101,76,53,120,37,32,20,22,20,15,17,17,16,5,0,7,4,3,4,11,13,12,11,0,10,15,0,1,3,0,6,2,5,8,0,0,4,0,25,12,7,0,1,6,6,1,3,2,0,25,0,0,0,0,2,0,0,24,0,0,6,2,0,39,0,0,5,0,14,9,3,0,0,0
,695,8,10,19,17,17,1193,505,614,910,1049,1180,1041,1187,1222,1511,1483,1701,1528,0,217,193,123,84,59,44,90,29,23,2,11,18,19,17,15,10,9,20,5,0,0,0,4,11,34,9,5,11,6,1,1,1,0,5,1,5,6,3,0,5,2,5,35,0,3,7,2,4,6,2,4,0,8,8,0,0,0,1,0,5,0,0,0,5,0,37,8,5,29,7,1,9,1,2,0,10,1
,700,12,15,27,27,29,1490,693,821,1163,1350,1420,1243,1328,1521,1773,1688,2043,1789,0,152,140,77,62,45,38,63,18,10,5,27,15,2,12,12,18,3,0,5,0,0,2,7,8,11,6,0,12,2,0,0,0,0,5,5,0,9,30,0,2,0,0,7,0,1,3,1,8,37,0,10,0,0,4,0,2,1,0,0,0,0,0,0,7,1,0,39,0,0,5,3,0,0,1,0,0,0
,705,21,25,42,39,44,1792,936,1019,1397,1646,1715,1435,1417,1869,2003,1841,2226,2031,0,127,103,76,45,36,30,76,16,14,11,10,15,13,15,12,13,11,0,2,4,2,0,4,6,6,4,0,11,0,17,1,9,2,2,1,5,13,0,1,10,0,2,12,0,4,14,7,8,7,3,4,0,1,2,0,0,0,0,0,0,0,0,9,4,2,11,11,1,0,10,6,7,3,0,2,6,0
,710,28,36,63,57,66,1957,1151,1273,1585,1892,1846,1562,1289,2065,2080,1802,2238,2063,0,93,70,50,40,25,23,41,5,7,6,3,23,3,10,12,16,6,0,0,0,0,0,7,11,4,9,0,1,4,0,1,0,0,6,2,5,7,0,0,5,0,2,5,0,4,2,3,7,0,0,9,0,0,0,0,0,0,1,1,0,0,0,0,0,0,5,11,0,0,3,10,0,15,0,0,1,0
,715,43,56,97,92,106,2105,1458,1535,1729,2058,1844,1517,1111,2133,1934,1611,2060,1900,0,56,52,22,22,24,12,26,9,7,9,2,7,5,6,11,5,5,0,6,0,0,0,1,8,9,5,4,9,3,0,0,1,2,7,2,0,5,2,0,11,0,4,3,11,0,0,22,1,32,0,4,0,0,1,0,0,0,2,0,0,0,0,4,0,2,37,9,0,0,8,1,10,3,3,0,0,0
,720,65,82,143,138,160,2086,1696,1722,1726,2109,1767,1358,878,2135,1720,1399,1761,1714,0,40,61,19,22,15,11,24,11,4,6,0,1,7,10,12,8,4,2,0,4,25,0,6,11,6,4,34,8,0,0,0,0,0,17,0,5,6,8,0,3,29,10,5,6,1,7,1,9,0,0,6,0,3,0,0,1,0,1,0,1,0,0,0,5,0,6,0,1,1,4,1,12,5,3,0,4,41
,725,90,116,213,195,223,2002,1895,1870,1728,2051,1609,1214,700,2040,1526,1199,1484,1501,0,37,34,16,22,19,12,19,7,3,0,34,7,5,11,8,5,2,24,1,0,0,16,6,36,4,3,0,5,4,0,1,1,0,2,2,24,3,7,1,6,0,3,3,0,3,3,3,5,3,0,9,0,3,0,0,0,0,0,0,0,0,0,0,3,0,0,11,0,0,0,0,4,9,0,0,0,40
,730,134,179,300,293,329,1911,2061,1930,1623,1911,1410,1062,570,1889,1278,1020,1217,1271,0,20,25,46,19,11,10,6,0,0,0,1,1,0,10,8,16,3,0,27,1,0,0,9,9,11,4,3,6,3,2,1,3,0,5,6,3,40,1,0,11,3,5,4,3,3,32,3,3,0,0,10,0,4,1,0,0,0,1,0,1,0,0,0,0,3,1,41,0,1,7,0,0,2,2,0,0,1
,735,196,270,468,442,505,1640,2074,1889,1460,1669,1200,860,440,1665,1049,816,970,1026,0,26,10,6,24,11,13,4,29,0,0,4,6,0,8,14,10,8,10,6,0,0,5,0,4,11,4,0,2,0,0,0,2,0,6,1,4,6,3,0,4,4,0,0,5,1,1,2,2,0,0,1,0,5,1,0,0,0,2,0,0,0,0,0,3,3,11,18,0,0,37,4,7,0,3,0,0,0
,740,309,431,755,713,805,1264,1871,1617,1115,1306,883,618,299,1262,751,613,757,728,0,11,8,4,12,0,21,7,3,36,4,0,0,0,13,9,14,4,0,0,0,0,3,6,7,4,2,0,8,8,0,1,2,0,3,2,3,10,0,0,6,0,2,4,3,44,0,0,3,0,0,8,0,0,2,0,0,0,1,0,0,0,0,0,0,0,16,10,0,0,9,4,7,0,0,0,0,0
,745,433,612,1069,1028,1141,1006,1709,1367,938,1064,690,478,244,999,565,488,567,563,0,18,11,0,19,8,22,9,0,0,0,40,3,0,4,13,20,0,0,18,0,0,0,6,22,11,8,0,6,7,0,1,1,0,5,8,4,12,7,0,14,0,0,14,5,1,65,0,8,8,5,4,0,24,2,0,0,0,3,0,2,0,54,0,12,0,12,8,0,0,14,3,11,3,2,1,3,2
,750,582,845,1491,1406,1584,814,1352,1099,702,821,513,352,180,738,449,300,413,428,0,6,59,0,16,13,15,13,7,0,0,0,51,0,1,10,10,0,0,6,0,0,4,9,6,3,9,0,10,0,0,0,0,54,9,7,4,3,0,0,6,0,4,19,2,0,8,6,4,4,0,8,0,8,1,0,0,0,2,0,1,0,45,0,0,0,0,20,4,0,0,5,1,11,28,1,0,0
,755,790,1196,2093,1970,2233,552,981,835,499,558,365,290,112,520,292,225,283,280,0,0,67,0,6,4,24,0,0,0,0,0,0,0,0,13,5,4,0,0,62,0,0,36,14,9,0,0,69,0,0,0,5,0,10,7,6,18,0,0,0,0,3,11,0,0,0,0,14,0,0,9,0,16,0,0,0,0,0,0,0,0,0,0,11,4,0,4,71,0,6,16,5,8,0,51,4,0
,760,986,1608,2837,2702,2996,374,765,584,348,411,272,175,85,407,219,175,198,212,7,0,0,3,13,17,3,0,61,0,7,3,4,0,5,13,23,0,0,0,0,0,0,3,22,12,3,0,28,0,0,1,5,0,8,0,3,10,7,5,24,0,9,67,0,0,0,8,18,1,0,35,0,7,6,0,0,0,5,2,2,0,3,0,13,5,3,30,1,58,4,2,18,7,0,4,0,0
,765,1129,2100,3701,3509,3862,258,522,417,234,265,176,120,106,248,143,129,202,124,0,0,0,0,12,9,102,8,0,0,0,0,0,0,0,17,4,12,0,0,0,0,0,3,3,13,1,0,0,14,0,0,0,0,8,61,3,4,0,0,4,0,12,0,3,0,0,2,1,12,3,2,0,0,6,0,0,0,1,0,4,0,0,0,5,0,6,23,0,0,16,4,6,0,9,0,11,0
,770,1178,2452,4329,4092,4466,179,389,279,183,211,124,87,44,171,181,94,93,93,0,0,0,0,11,0,25,9,0,0,0,0,0,0,7,14,37,0,0,0,0,0,0,13,35,17,0,0,16,3,0,2,9,0,8,0,0,9,0,0,2,0,0,11,11,0,12,16,67,0,0,15,0,13,0,0,0,0,0,0,0,0,0,0,0,0,33,115,0,0,21,8,29,30,8,16,0,0
,775,1131,2784,4852,4596,5057,147,285,219,145,149,95,70,38,144,90,99,62,78,2,0,0,0,18,1,35,2,105,0,4,0,2,0,0,18,21,9,0,5,0,0,0,14,112,27,9,0,48,0,5,1,3,0,10,5,8,11,24,0,21,84,10,0,0,10,5,1,28,1,0,62,0,7,0,0,0,2,4,0,2,0,0,17,15,16,1,138,8,11,9,1,38,6,5,0,0,5
,780,934,3050,5023,4824,5223,80,194,141,77,111,81,31,23,83,43,58,30,58,0,0,0,0,8,9,21,8,0,0,0,0,3,0,8,2,11,0,0,106,0,0,0,15,16,12,7,0,20,7,0,2,1,0,13,0,0,3,0,79,14,6,5,0,0,0,15,9,93,0,0,134,0,7,0,0,0,36,0,0,24,0,0,12,9,0,36,10,0,0,22,0,24,101,2,0,141,0
,785,775,3196,4999,4801,5151,67,121,97,75,63,42,19,22,55,42,40,28,20,0,0,0,0,18,10,36,0,0,0,8,0,0,0,0,18,12,0,0,0,54,0,0,0,26,13,14,0,24,4,0,0,1,0,17,2,0,3,0,0,0,0,17,8,30,0,122,1,113,1,0,23,0,14,0,0,0,0,0,0,0,0,0,0,147,0,36,14,0,0,0,0,25,12,3,0,8,0
,790,601,3231,4682,4580,4803,26,96,65,38,37,36,17,3,25,32,180,51,106,0,0,9,0,10,21,29,13,0,0,12,0,0,0,17,13,37,0,0,0,95,0,0,5,144,79,15,0,12,29,0,2,17,0,20,13,118,10,18,0,0,0,15,8,22,17,50,0,20,0,0,39,0,15,0,0,0,0,6,0,0,0,0,1,15,0,9,49,22,0,19,7,10,26,9,0,0,10
,795,475,3189,4312,4235,4375,33,74,59,52,33,28,10,23,56,32,55,87,29,0,0,30,0,17,19,42,0,0,0,13,0,0,0,0,36,29,0,0,11,0,0,0,41,30,26,1,0,6,8,0,0,13,0,14,0,102,11,6,0,35,0,10,5,0,18,120,26,15,17,0,11,0,13,2,0,0,0,9,0,2,0,0,0,0,0,10,16,15,0,20,12,0,161,0,0,0,6
,800,339,3018,3808,3747,3810,24,54,25,34,12,20,13,111,21,20,36,1,13,0,0,3,110,39,29,45,74,0,10,0,0,4,0,0,23,0,22,0,8,0,0,0,9,5,0,53,0,27,0,62,1,9,0,17,10,15,20,7,0,3,0,4,54,2,0,12,0,1,6,0,3,0,10,13,0,0,0,0,0,3,0,0,0,13,0,0,30,0,0,0,5,32,20,17,0,0,0
,805,223,2589,2953,3025,2983,32,37,17,56,121,19,0,0,7,16,44,0,17,0,0,0,0,46,10,14,0,0,0,0,140,0,0,8,199,38,0,0,0,0,10,0,10,36,0,0,0,43,0,0,3,0,0,24,0,10,17,7,0,12,0,19,28,0,0,22,16,21,0,0,13,0,0,3,0,0,0,0,0,0,0,0,0,0,0,17,45,0,0,32,37,0,21,4,0,0,7
,810,161,2162,2415,2497,2383,0,34,4,4,33,0,2,8,17,0,11,0,1,0,0,17,7,27,15,38,22,0,0,0,0,0,0,18,47,0,0,0,143,0,0,0,25,7,24,182,11,17,0,0,1,11,0,11,9,0,33,0,0,26,0,17,21,7,0,9,24,34,0,0,34,0,7,6,0,0,0,3,0,3,0,0,0,41,12,24,81,0,0,0,9,8,0,0,0,0,8
,815,117,1810,1991,1993,1935,30,65,5,0,0,0,5,32,15,36,42,6,14,0,0,4,0,221,42,22,0,0,0,0,13,0,9,30,34,25,6,0,0,0,0,0,37,37,31,0,0,0,0,0,1,12,0,15,6,30,40,4,3,0,0,28,42,189,0,5,8,21,0,0,31,0,8,0,0,0,0,3,0,0,0,0,14,45,0,26,73,0,0,0,0,2,0,0,0,0,2
,820,82,1440,1447,1508,1435,125,18,0,22,2,13,3,0,6,7,42,0,1,0,0,0,0,10,25,0,0,1,0,0,0,0,0,204,27,4,12,0,11,0,0,0,36,59,0,20,0,265,0,0,3,10,0,28,0,30,57,20,0,0,0,0,37,0,5,0,25,55,0,0,61,175,0,4,0,0,0,5,0,3,0,0,0,0,0,43,8,0,0,31,0,32,36,6,0,0,10
,825,67,1092,1091,1135,1056,0,25,0,6,0,10,23,0,0,8,40,14,0,0,0,0,0,33,22,249,13,7,0,0,0,0,6,27,60,69,0,0,0,0,0,0,294,37,0,17,0,0,143,21,35,0,0,37,4,0,49,0,0,33,229,31,316,0,279,50,21,61,257,0,42,0,257,14,0,0,97,6,0,6,0,0,0,352,5,61,37,0,0,44,5,92,8,21,0,0,56
,830,43,792,778,772,762,0,27,0,0,0,0,10,8,0,25,81,0,0,0,0,0,0,34,19,132,52,0,0,0,0,0,0,0,6,61,29,0,0,28,0,0,38,75,28,65,0,0,377,0,1,43,0,38,0,33,1,15,0,42,0,78,4,39,0,36,2,51,4,41,95,0,22,11,0,0,0,0,0,70,0,0,0,233,0,56,100,0,0,94,21,94,32,142,0,0,38
,835,25,639,606,633,592,8,21,0,5,113,0,0,37,0,14,69,0,0,0,0,0,0,134,50,76,0,0,0,6,0,84,178,47,57,538,0,0,36,0,0,0,0,5,26,41,6,45,2,0,0,0,0,89,204,35,37,20,0,69,12,138,103,42,10,0,320,296,0,0,0,0,0,24,0,0,0,13,0,0,0,0,0,53,0,91,0,0,386,371,0,203,0,32,0,0,0
,840,21,485,478,485,419,0,14,0,0,18,0,0,43,0,0,57,0,0,0,0,534,0,119,56,148,17,519,26,0,0,0,0,124,100,208,0,0,0,0,0,0,126,146,73,0,0,838,0,269,2,53,0,52,0,0,138,0,0,0,0,63,150,0,0,17,17,170,8,27,0,0,95,95,0,256,0,38,0,0,0,0,0,98,370,199,228,31,0,193,14,160,20,17,0,0,0
,845,0,341,337,307,300,0,24,0,12,0,0,0,0,0,0,139,0,574,0,0,0,0,25,91,37,55,0,0,0,1121,279,0,0,219,0,0,615,0,0,0,0,0,97,150,0,0,47,0,0,0,0,0,141,53,85,3,101,0,0,84,303,0,0,82,146,84,228,43,0,52,0,0,0,0,0,0,25,0,0,0,0,0,353,48,41,269,0,0,126,388,234,142,365,0,0,0
,850,0,240,280,210,206,662,61,0,43,203,7,0,0,0,0,480,0,0,0,0,0,0,361,0,63,186,0,0,0,0,0,0,88,327,0,0,0,0,0,0,0,18,19,9,209,0,29,109,0,306,201,0,212,27,216,144,165,0,273,0,170,67,24,0,94,0,124,123,0,193,0,0,127,0,0,4,78,0,81,0,0,0,214,0,185,350,316,0,110,2,139,0,6,0,0,384
,,,,,,,,,,,,,,,,,,,,,,,,,,,,,,,,,,,,,,,,,,,,,,,,,,,,,,,,,,,,,,,,,,,,,,,,,,,,,,,,,,,,,,,,,,,,,,,,,
Read 50:EM Spectrum,,,,,,,,,,,,,,,,,,,,,,,,,,,,,,,,,,,,,,,,,,,,,,,,,,,,,,,,,,,,,,,,,,,,,,,,,,,,,,,,,,,,,,,,,,,,,,,,,
,,,,,,,,,,,,,,,,,,,,,,,,,,,,,,,,,,,,,,,,,,,,,,,,,,,,,,,,,,,,,,,,,,,,,,,,,,,,,,,,,,,,,,,,,,,,,,,,,
,Wavelength,A1,A2,A3,A4,A5,A6,A7,A8,A9,A10,A11,A12,B1,B2,B3,B4,B5,B6,B7,B8,B9,B10,B11,B12,C1,C2,C3,C4,C5,C6,C7,C8,C9,C10,C11,C12,D1,D2,D3,D4,D5,D6,D7,D8,D9,D10,D11,D12,E1,E2,E3,E4,E5,E6,E7,E8,E9,E10,E11,E12,F1,F2,F3,F4,F5,F6,F7,F8,F9,F10,F11,F12,G1,G2,G3,G4,G5,G6,G7,G8,G9,G10,G11,G12,H1,H2,H3,H4,H5,H6,H7,H8,H9,H10,H11,H12
,500,4,1,1,0,1,15,9,9,10,12,13,12,14,15,15,16,18,17,3,25,25,21,20,20,19,19,21,28,20,21,27,32,14,21,18,22,18,17,16,15,21,22,19,17,15,22,17,25,13,6,17,9,16,9,14,18,7,15,16,21,12,15,16,15,15,12,10,11,18,12,14,27,6,11,18,5,27,5,21,6,12,11,12,2,11,3,7,17,18,25,31,36,15,16,26,29
,505,4,1,1,1,1,20,8,7,10,15,15,11,17,13,15,19,20,14,2,23,27,25,25,25,18,24,19,20,25,22,29,27,18,20,18,20,21,17,17,15,14,15,18,17,16,16,19,24,9,6,16,6,18,9,16,17,10,14,13,13,15,12,11,20,16,10,11,11,11,12,14,14,6,12,13,5,21,4,30,6,17,12,11,3,9,4,6,11,19,13,76,79,16,14,60,61
,510,2,1,1,0,1,14,9,8,12,12,12,12,21,15,15,14,20,15,2,21,29,23,21,20,24,15,17,20,23,19,22,27,21,24,22,20,15,13,18,18,13,15,22,16,12,25,16,27,10,8,18,8,10,12,17,16,8,9,17,13,16,16,24,15,11,11,16,14,11,15,13,22,6,8,12,6,27,4,23,6,12,21,16,3,17,3,11,12,13,21,147,143,10,20,109,127
,515,2,0,0,1,1,19,7,8,7,13,13,9,17,15,13,18,25,12,2,26,25,19,25,20,22,15,17,25,24,24,25,24,17,21,23,20,18,20,12,15,15,23,22,27,19,22,22,22,13,6,16,5,12,11,18,11,10,16,17,14,18,10,11,11,17,18,12,13,13,11,22,15,4,9,16,6,18,4,28,6,12,19,19,4,17,4,12,29,21,20,346,360,15,49,266,307
,520,2,0,0,1,1,14,8,7,10,12,14,8,11,10,13,16,20,12,2,31,19,24,22,22,21,19,17,21,18,20,28,23,14,23,21,23,20,21,11,18,13,20,18,16,20,21,17,28,11,7,20,6,16,11,21,13,8,17,17,22,13,12,17,19,18,14,12,22,13,12,13,23,6,10,18,4,19,4,20,5,13,31,26,4,27,6,15,31,28,28,768,791,31,93,548,647
,525,4,1,1,0,1,13,8,8,9,10,10,7,12,13,14,12,14,13,3,19,23,17,18,17,16,14,16,23,24,19,27,21,21,22,25,27,23,17,15,19,22,22,17,19,15,23,31,29,16,8,19,7,13,10,15,15,11,16,19,22,22,19,13,14,19,19,21,16,22,23,23,23,7,11,20,5,19,4,28,8,23,47,37,7,40,9,25,40,56,52,1385,1442,43,138,1013,1211
,530,3,1,0,0,1,12,8,6,7,8,10,10,14,8,15,11,11,10,2,23,24,21,20,25,22,17,22,26,26,25,31,27,21,27,35,47,24,28,19,16,18,18,26,22,26,29,32,42,24,8,20,12,20,14,24,25,19,31,33,41,31,30,28,27,26,25,26,24,30,22,26,31,6,10,20,5,36,5,31,8,35,90,68,14,89,19,44,84,93,101,2618,2748,86,297,1963,2228
,535,1,1,1,1,1,10,7,7,9,12,12,7,11,10,10,10,16,9,3,19,20,18,26,29,23,20,25,33,31,38,36,32,43,44,47,77,42,33,26,29,26,28,31,40,41,44,45,76,39,15,35,20,32,25,44,43,36,49,53,66,51,53,42,45,47,52,40,51,38,43,47,49,10,14,36,7,28,7,29,9,69,174,136,22,160,37,81,160,180,165,4123,4308,157,498,2956,3594
,540,1,0,0,1,1,13,7,5,6,11,12,11,15,11,15,14,13,9,1,27,22,24,35,33,32,24,35,51,55,52,60,56,71,78,81,135,74,64,39,53,49,43,54,55,63,69,77,130,67,21,54,26,61,40,72,75,56,90,93,107,74,76,72,69,67,78,72,62,63,79,69,61,12,19,54,9,43,9,39,13,115,249,201,35,235,51,122,235,254,245,4793,4903,244,693,3684,4254
,545,1,0,0,0,0,10,5,5,6,8,17,12,13,12,17,16,19,14,2,33,36,38,51,55,58,32,52,65,87,96,89,86,117,122,144,242,130,107,70,72,77,78,74,87,105,129,139,223,93,35,81,42,92,64,101,108,77,125,141,154,111,99,96,105,90,106,92,94,89,105,100,98,16,22,87,12,46,11,49,13,159,321,271,43,324,75,163,313,339,332,5247,5340,308,796,3826,4482
,550,1,0,0,1,1,11,6,5,7,11,16,19,20,15,14,13,18,13,1,41,56,67,76,96,95,52,86,117,151,167,167,144,199,218,235,426,242,172,110,122,124,113,115,147,159,186,206,373,127,50,121,56,114,80,142,143,110,186,175,209,145,134,127,144,123,140,117,126,120,131,136,123,20,25,124,18,61,12,58,16,223,397,332,54,379,96,193,378,388,394,4925,4962,359,842,3674,4451
,555,2,0,1,0,0,14,5,5,10,18,37,41,39,20,28,25,34,21,1,78,100,126,158,192,180,106,171,250,287,326,322,284,388,403,438,741,427,300,181,202,203,179,184,205,250,304,339,618,159,64,154,72,149,97,164,183,134,208,219,254,174,176,161,176,155,173,151,156,160,186,171,167,25,31,162,18,64,14,64,20,261,400,356,58,400,100,208,397,416,401,4241,4053,401,763,3094,3556
,560,2,0,0,0,0,22,5,4,17,32,62,79,75,30,50,49,71,40,1,142,187,250,301,373,355,203,328,453,537,586,600,510,686,676,735,1178,690,512,280,319,290,256,276,312,405,467,529,916,173,74,170,84,166,106,180,187,142,225,248,295,218,198,185,213,197,211,192,195,209,220,223,222,32,34,209,21,68,14,77,21,278,376,343,54,365,95,191,357,364,352,3062,3003,378,637,2324,2644
,565,2,0,0,0,0,31,4,4,26,57,108,126,123,46,87,89,123,67,1,235,302,389,481,573,552,328,527,700,761,860,890,766,990,947,990,1519,980,663,368,430,378,344,356,403,522,614,708,1117,176,80,182,90,164,107,190,190,138,235,251,307,224,212,201,236,224,234,214,235,233,253,261,240,29,35,239,23,71,13,80,21,294,319,312,49,333,83,175,317,313,326,2251,2152,318,499,1676,1884
,570,1,0,0,0,0,53,4,4,48,95,176,202,200,82,151,134,218,113,1,369,469,614,745,839,811,504,820,1035,1072,1234,1242,1084,1314,1231,1308,1734,1257,909,471,562,498,447,456,520,693,792,906,1302,176,86,180,93,168,108,188,194,152,249,275,318,235,240,229,254,242,277,243,268,260,282,280,259,29,32,277,22,70,13,73,20,265,240,254,40,260,67,139,251,248,236,1492,1418,250,377,1113,1283
,575,1,0,0,0,0,98,4,5,86,172,310,330,345,155,277,243,372,211,1,605,731,939,1064,1184,1131,780,1189,1397,1402,1589,1651,1405,1641,1456,1524,1822,1450,1113,606,699,627,563,590,644,839,960,1076,1424,179,97,185,96,170,102,185,192,141,247,290,345,264,273,263,300,281,313,292,291,269,290,284,260,24,28,266,19,58,10,61,16,225,174,186,30,174,49,99,179,186,162,896,863,176,236,680,752
,580,1,0,0,0,1,178,4,5,155,307,501,477,532,275,482,441,667,367,3,887,1009,1282,1425,1482,1424,1056,1565,1658,1600,1896,1930,1596,1798,1554,1620,1688,1547,1217,686,807,758,671,714,764,947,1103,1178,1337,183,106,188,98,180,107,188,205,150,271,318,364,286,314,290,343,315,328,301,294,272,266,252,234,20,26,237,16,44,8,46,13,158,118,133,20,122,34,65,126,111,116,512,522,117,153,389,417
,585,1,0,0,0,0,339,4,7,270,519,732,614,747,491,837,726,1092,612,0,1176,1282,1548,1657,1624,1614,1270,1770,1769,1634,1859,1939,1640,1734,1402,1496,1368,1435,1243,696,859,803,723,765,837,1024,1147,1169,1183,187,118,203,110,186,106,202,210,162,310,337,369,306,334,296,349,314,314,268,265,228,227,220,193,15,17,194,11,31,6,35,9,103,75,81,13,73,22,46,77,75,69,286,280,76,85,218,240
,590,1,0,0,0,0,528,3,10,398,752,923,693,913,701,1144,1010,1479,841,1,1345,1380,1608,1652,1572,1587,1342,1783,1632,1532,1683,1804,1506,1570,1243,1327,1081,1256,1164,678,833,799,735,760,822,960,1097,1095,951,186,130,211,116,196,109,217,220,178,324,352,376,320,324,307,328,292,287,227,217,195,180,161,145,11,13,153,9,26,6,26,8,80,53,61,10,56,16,39,59,55,59,183,181,64,58,142,153
,595,0,0,0,0,0,773,3,14,544,988,1079,723,1041,965,1527,1353,1899,1080,1,1396,1385,1567,1539,1412,1405,1300,1647,1410,1312,1440,1513,1307,1307,986,1035,814,997,990,613,752,724,699,722,765,879,980,958,773,188,134,222,121,209,114,234,229,180,332,341,369,293,300,267,288,253,233,187,174,140,138,117,108,8,10,118,7,18,4,21,6,61,40,44,7,42,11,23,41,39,35,118,121,35,43,91,99
,600,1,0,0,0,0,1160,3,19,712,1213,1142,664,1071,1311,1920,1664,2258,1297,1,1309,1210,1345,1265,1085,1106,1112,1376,1108,982,1070,1123,963,950,736,746,552,733,767,472,602,636,554,617,637,708,784,764,552,181,138,211,118,216,112,231,223,171,319,306,340,260,242,210,227,178,176,129,123,101,93,75,80,6,8,80,5,14,3,14,7,34,28,30,5,28,8,17,28,27,25,70,75,27,35,55,63
,605,0,0,0,0,0,1548,3,27,842,1332,1073,541,935,1476,2108,1798,2324,1386,1,1084,966,1020,935,803,829,847,1011,771,704,746,786,696,657,496,505,360,483,530,340,430,473,421,461,476,526,586,540,381,161,124,200,111,211,108,216,206,155,271,255,284,207,176,150,156,124,121,88,86,70,57,59,51,5,6,52,7,12,3,9,4,31,19,21,4,19,5,13,23,20,18,41,42,27,17,34,32
,610,1,1,0,0,1,1801,3,32,862,1287,922,423,803,1498,2082,1784,2246,1345,0,877,771,814,715,611,630,684,757,574,520,570,591,510,470,375,377,262,350,379,259,332,359,311,349,370,401,432,401,270,140,117,189,100,211,96,202,172,128,226,197,227,158,131,107,115,91,87,64,61,52,50,42,39,4,4,42,3,9,2,5,2,20,14,16,3,16,7,11,17,14,14,25,30,15,13,24,33
,615,0,0,0,0,0,1947,3,35,805,1181,744,329,653,1445,1944,1639,1982,1224,1,706,599,615,558,477,494,519,605,442,395,435,448,406,351,289,283,198,255,283,192,248,278,249,268,274,297,326,292,199,121,97,165,90,187,83,173,147,109,178,158,183,125,93,79,90,68,63,47,47,39,36,32,30,2,9,29,3,5,2,6,3,14,16,13,3,13,3,8,14,9,23,23,22,11,11,19,17
,620,0,0,0,0,0,1898,4,34,691,944,536,234,475,1234,1608,1343,1564,989,1,525,455,448,406,351,368,378,423,327,288,313,325,290,254,215,201,149,188,197,130,164,189,170,195,196,216,227,214,155,93,76,131,75,149,64,121,114,82,138,108,129,84,70,60,59,49,47,34,34,29,28,26,23,3,3,24,2,8,2,4,3,12,10,14,2,9,3,8,12,8,11,10,16,7,1,12,15
,625,1,0,0,0,1,1659,4,33,543,706,391,172,355,948,1230,1008,1132,745,1,392,349,345,326,282,294,304,335,252,216,232,248,212,176,165,137,105,134,138,86,120,127,124,129,135,139,154,143,106,65,59,105,58,115,48,95,77,56,91,79,90,56,47,38,43,36,32,27,28,21,31,15,18,2,4,16,2,7,2,1,2,11,9,10,2,6,2,4,7,6,8,9,12,2,3,27,8
,630,0,0,0,0,0,1313,7,29,394,520,284,136,262,680,903,749,832,559,0,307,286,286,287,252,242,251,270,205,162,182,203,177,131,134,99,82,91,95,64,86,91,84,102,99,101,109,105,75,50,43,76,40,86,37,69,56,37,63,56,62,43,44,29,42,30,19,13,20,16,16,13,16,2,2,15,2,3,1,1,3,8,6,8,2,3,2,13,8,4,6,7,25,5,1,5,10
,635,0,0,0,0,0,1052,6,27,310,403,238,110,230,552,725,601,674,438,0,281,281,272,253,226,213,219,223,190,136,169,171,154,105,113,84,67,78,82,51,57,73,63,70,74,72,87,77,64,36,32,59,30,62,29,54,42,28,46,41,52,37,26,25,24,19,18,13,17,14,15,10,12,2,3,11,2,3,1,0,2,3,1,4,2,5,1,5,7,3,7,4,10,2,0,8,4
,640,0,0,0,0,0,807,8,27,240,311,194,108,207,409,559,474,526,350,0,274,278,257,248,223,205,210,200,168,110,138,154,130,81,100,64,48,73,57,36,47,62,49,51,59,57,63,63,45,29,22,40,21,45,19,39,32,22,29,30,37,25,18,17,20,18,27,7,14,13,10,8,7,5,8,7,1,4,1,0,2,3,3,1,1,5,1,6,4,4,5,1,6,0,0,4,15
,645,0,0,0,0,1,615,13,27,190,244,170,103,198,330,439,397,446,301,1,277,293,266,259,226,193,209,187,157,94,131,126,115,62,80,52,38,48,43,24,36,39,34,38,42,48,51,46,34,23,18,33,12,33,17,26,23,15,24,23,25,20,20,13,12,14,9,24,15,8,8,6,6,1,3,8,1,1,1,0,3,3,6,4,1,1,1,3,2,4,7,0,7,0,0,8,0
,650,0,1,0,0,0,460,17,34,158,210,169,116,219,270,390,365,406,271,3,294,326,276,247,232,195,212,160,134,74,106,106,92,47,65,37,34,36,35,22,24,28,25,29,32,32,41,32,27,13,13,24,10,19,13,17,19,12,11,18,18,15,13,10,8,8,9,5,8,8,8,5,6,2,2,4,2,0,1,0,1,15,1,3,2,3,1,4,6,5,1,0,5,0,0,6,0
,655,0,0,0,0,1,415,24,43,154,193,185,139,250,257,382,381,408,296,0,329,365,291,258,243,174,225,142,129,57,85,82,80,38,53,33,24,33,29,15,22,21,20,21,28,26,33,28,25,16,9,16,7,16,10,16,11,8,7,12,16,14,9,10,8,8,9,1,11,8,7,8,3,0,3,8,1,0,1,0,2,0,4,3,1,1,0,3,6,0,3,0,5,0,0,5,0
,660,0,0,0,0,1,370,38,60,161,206,208,171,287,262,408,394,450,305,0,351,382,306,265,228,166,221,121,121,54,77,87,67,27,48,32,25,24,22,12,17,17,31,17,23,19,25,26,16,8,10,18,4,10,7,9,11,9,5,16,15,7,9,5,3,8,4,5,7,10,7,6,2,0,2,5,1,0,3,0,2,0,0,0,1,0,0,3,6,6,3,0,1,0,0,0,0
,665,0,1,1,0,1,368,56,81,191,231,246,206,349,290,459,463,513,370,0,400,417,316,252,214,149,214,106,103,40,61,62,56,24,37,24,37,21,17,13,9,13,13,13,21,12,19,19,18,8,7,6,2,9,10,8,8,5,10,10,12,6,9,2,20,6,1,2,5,1,6,5,6,0,3,2,2,0,1,0,1,2,5,19,1,0,0,5,0,0,0,0,4,0,0,6,0
,670,0,1,1,1,3,405,82,121,235,299,323,277,451,353,551,555,612,463,0,412,424,316,237,181,120,204,91,83,30,49,55,39,18,32,23,14,15,12,7,10,6,7,6,15,10,15,8,13,7,5,12,1,5,6,5,8,6,3,9,7,2,8,7,8,4,2,7,4,7,22,0,0,1,1,6,1,4,1,0,2,2,0,5,1,4,0,4,2,0,2,0,4,0,0,3,0
,675,0,1,2,2,3,491,124,167,295,369,392,352,567,439,665,673,735,576,0,413,395,277,194,168,94,176,69,73,18,33,40,36,12,18,22,14,16,15,2,11,3,7,12,14,12,12,9,11,2,5,7,1,27,7,3,6,5,0,4,8,6,8,8,0,2,8,0,8,5,3,1,0,1,2,1,3,0,0,15,2,0,2,0,1,0,0,4,4,0,27,0,1,0,16,0,0
,680,0,2,4,2,4,573,177,231,360,460,509,442,661,557,798,844,911,703,0,377,367,253,161,128,74,145,56,50,12,30,34,31,14,15,14,12,6,6,4,5,5,4,4,9,5,8,9,0,8,13,9,0,27,7,1,6,5,5,5,5,10,4,0,6,6,5,2,1,6,0,1,0,0,2,0,3,0,1,0,2,0,0,0,1,0,0,3,1,0,1,0,0,14,0,1,0
,685,0,3,6,5,7,701,234,322,476,600,640,553,788,695,990,984,1118,884,0,327,302,200,137,96,66,112,37,39,15,27,21,27,7,17,13,7,7,10,5,27,4,3,5,11,6,11,8,8,10,5,7,0,1,5,6,7,2,0,4,10,10,7,0,3,4,1,0,0,8,22,0,0,6,2,4,0,1,1,0,1,0,0,0,2,0,1,4,8,6,0,0,10,0,0,2,0
,690,0,5,8,8,10,899,332,442,593,742,797,703,956,876,1237,1170,1395,1123,0,286,256,157,108,76,39,90,57,41,30,22,24,20,1,14,7,1,0,5,0,2,0,4,4,9,0,4,4,4,4,4,9,0,6,4,3,6,2,0,3,9,7,1,3,0,10,0,24,2,1,0,0,0,0,2,0,2,0,0,0,2,0,1,0,0,0,0,2,2,0,3,0,5,0,0,31,0
,695,7,9,15,13,17,1159,484,610,801,968,1033,922,1117,1129,1523,1424,1708,1424,0,225,191,128,71,51,27,85,23,28,4,20,15,13,28,14,14,2,4,0,0,0,0,4,5,9,1,4,0,4,4,3,7,0,2,1,0,2,4,0,0,5,5,32,0,6,0,0,0,10,6,0,0,1,1,6,0,1,0,1,0,2,0,0,2,2,0,0,1,3,0,0,0,4,0,0,0,0
,700,7,14,24,21,26,1433,670,831,1022,1233,1301,1141,1256,1384,1830,1652,2034,1688,0,171,139,89,52,38,18,55,17,21,0,19,50,10,0,4,16,4,2,1,0,0,0,0,0,3,0,4,0,5,3,4,23,0,0,2,0,0,0,0,0,5,2,7,33,0,8,4,0,4,3,1,0,3,0,12,0,2,0,0,0,2,0,0,0,0,5,2,1,1,0,1,0,6,0,0,3,0
,705,0,21,36,33,40,1702,879,1031,1250,1545,1516,1308,1318,1692,2028,1842,2276,1872,0,121,113,66,44,32,12,43,13,25,0,11,12,15,0,21,15,5,0,5,0,2,0,1,0,6,1,3,6,16,17,4,9,0,0,7,3,4,2,9,29,7,3,8,6,4,1,0,0,9,4,0,0,0,1,0,0,1,0,1,0,12,0,1,0,2,48,0,5,41,0,4,0,10,0,0,12,0
,710,0,31,55,50,59,1904,1115,1289,1429,1784,1689,1382,1242,1905,2127,1806,2292,1958,0,81,75,50,36,17,47,48,18,21,0,7,25,6,0,10,3,3,5,0,1,1,0,0,0,12,0,13,6,0,3,6,2,0,0,4,2,0,1,0,7,7,1,5,0,0,7,1,0,0,5,38,34,0,6,0,36,0,0,1,0,4,0,42,0,1,0,0,2,8,0,0,0,1,0,0,4,0
,715,0,49,83,77,94,2006,1387,1534,1590,1953,1683,1331,1003,2011,2030,1593,2093,1818,1,60,53,35,17,7,6,23,10,17,0,6,11,5,28,7,5,3,5,26,0,0,0,0,0,12,2,1,3,5,2,0,0,0,1,4,0,5,4,0,0,4,0,6,0,3,31,1,0,1,3,0,0,0,0,0,2,2,0,1,0,2,0,0,0,2,0,0,5,3,33,0,0,3,0,0,8,2
,720,0,73,129,114,135,2065,1603,1690,1597,1945,1587,1194,823,1981,1794,1364,1781,1600,0,42,34,27,7,9,2,18,6,9,0,18,7,2,0,33,15,22,1,0,1,0,0,0,0,8,1,0,0,0,8,3,0,0,0,24,4,9,5,0,2,0,2,0,0,3,3,0,0,35,0,0,0,33,3,1,3,2,0,0,0,2,0,0,36,0,0,0,4,3,0,0,0,7,0,0,2,0
,725,0,105,188,162,198,1977,1819,1861,1576,1920,1452,1069,680,1927,1597,1180,1507,1433,6,33,30,18,8,7,38,16,6,13,0,12,8,6,0,4,2,4,5,0,0,0,0,5,0,7,0,0,4,0,8,3,0,0,0,22,1,4,2,0,0,5,6,2,0,0,1,0,0,5,0,0,0,0,0,17,0,1,0,1,0,12,0,0,0,0,0,0,5,6,2,13,0,7,0,0,6,0
,730,0,157,269,244,292,1909,1965,1916,1479,1805,1273,937,547,1742,1368,965,1271,1180,6,30,26,9,3,3,6,15,6,10,0,3,11,36,0,3,6,3,0,1,0,0,0,0,3,6,3,2,0,0,3,3,2,0,1,7,0,5,18,0,1,7,2,0,0,0,9,0,0,1,1,37,0,0,0,6,0,1,1,2,0,3,0,0,0,0,2,0,3,5,0,0,0,0,0,0,4,0
,735,0,237,415,369,437,1649,2005,1903,1304,1595,1074,764,425,1520,1078,778,1008,993,0,19,25,3,5,42,0,15,12,13,0,3,0,5,0,2,9,0,0,0,0,0,0,0,0,9,0,0,0,4,3,1,14,0,0,5,0,6,2,0,0,7,2,1,2,2,4,0,0,0,0,2,1,0,0,3,0,2,0,1,0,4,0,3,39,0,0,0,9,1,0,5,0,14,0,0,7,3
,740,1,375,659,595,709,1249,1820,1644,1047,1263,807,542,302,1175,767,545,707,670,0,58,9,10,4,5,5,14,9,2,0,2,0,0,0,3,0,25,40,0,0,0,28,0,0,3,0,0,0,6,9,5,2,0,36,11,0,6,4,0,2,3,6,0,0,0,4,0,0,42,0,0,0,0,1,1,0,13,0,0,0,0,0,0,11,2,0,0,21,4,0,0,0,3,0,0,7,0
,745,0,523,952,853,1029,1032,1589,1378,821,992,624,428,232,967,599,434,551,535,0,5,12,8,5,3,7,14,16,11,0,3,2,0,0,7,17,32,0,0,0,0,0,5,0,9,0,4,10,0,3,5,0,0,47,5,0,9,6,0,0,11,4,10,0,0,0,3,0,9,6,0,2,0,0,5,6,4,0,2,0,5,0,0,0,1,0,15,14,51,0,2,0,2,0,0,3,0
,750,0,718,1314,1162,1411,768,1304,1087,639,746,493,317,211,713,487,294,401,370,0,8,24,13,0,0,30,22,9,14,0,0,3,0,0,10,3,4,0,0,0,2,0,0,0,15,0,3,2,0,0,6,5,0,0,9,0,11,1,0,0,0,0,13,42,0,0,0,0,64,0,6,0,0,0,2,0,19,0,1,0,1,0,0,0,3,0,0,9,0,0,0,0,6,0,0,75,13
,755,0,1008,1859,1650,1966,527,977,817,452,545,331,217,178,511,298,201,281,286,1,25,9,0,0,0,0,13,2,7,0,3,1,0,0,0,0,0,0,0,0,0,0,0,0,11,0,5,0,0,1,3,19,0,0,8,0,5,3,0,11,67,0,0,0,0,0,0,0,0,0,0,0,0,0,2,2,3,0,3,0,4,0,0,0,1,0,0,13,2,0,0,0,3,0,0,8,0
,760,2,1316,2524,2233,2661,443,734,581,322,375,229,163,83,354,222,130,208,204,1,0,24,15,0,0,10,11,20,10,0,8,0,10,0,0,90,0,0,0,2,0,0,0,0,11,0,0,11,12,2,8,1,0,0,12,2,20,16,0,10,17,7,0,0,0,7,0,0,11,12,0,0,0,4,0,0,6,0,2,0,5,0,0,2,4,0,0,22,13,0,0,0,38,0,0,11,0
,765,0,1688,3296,2908,3436,270,529,408,209,269,175,118,45,219,139,69,131,126,0,2,8,0,3,0,62,7,1,25,0,2,0,0,0,17,4,0,0,0,0,0,0,0,0,19,0,4,0,0,0,6,11,0,0,15,0,5,0,0,0,17,0,7,7,0,3,0,0,3,9,0,0,0,0,4,0,4,0,1,0,5,0,0,0,3,0,0,10,5,0,0,0,15,0,0,41,0
,770,3,1958,3914,3483,4126,188,367,295,139,195,113,82,42,188,109,62,102,101,0,0,0,14,11,0,0,23,8,15,0,0,0,2,0,0,14,0,42,0,0,0,0,0,0,12,0,0,0,12,0,1,0,0,0,14,56,9,6,0,27,0,7,0,0,0,1,0,0,0,0,0,0,1,0,0,0,1,0,1,0,6,0,10,0,4,24,1,4,8,0,0,0,0,64,88,5,0
,775,4,2177,4352,3864,4519,153,281,216,124,132,108,65,24,105,52,34,82,78,2,0,12,0,0,0,37,15,91,33,0,5,35,5,0,41,18,0,0,0,11,7,0,13,0,26,0,0,0,0,17,9,8,0,0,11,98,16,0,0,7,20,5,3,0,13,12,6,0,20,8,0,4,0,4,4,0,1,0,0,0,11,15,0,0,23,0,0,13,0,10,25,0,35,0,0,9,0
,780,0,2430,4623,4114,4842,113,192,130,77,104,65,38,5,75,122,8,25,48,22,0,0,25,1,0,0,18,16,18,0,6,0,0,0,125,0,0,0,0,0,0,0,0,0,6,0,0,0,6,90,0,7,0,0,15,1,0,2,0,21,14,0,3,0,0,0,0,0,0,0,0,0,0,0,7,0,0,0,2,0,7,0,13,0,7,0,0,10,27,0,0,0,0,0,0,0,0
,785,22,2525,4630,4175,4785,68,128,101,39,68,51,39,3,61,16,0,25,33,4,0,20,4,0,6,0,20,0,16,0,3,0,0,0,6,5,0,0,0,0,0,0,0,0,15,0,0,0,0,17,13,13,0,0,85,0,36,0,0,5,18,0,0,0,0,0,0,0,21,0,0,0,0,1,15,0,5,0,4,0,8,0,0,0,1,0,0,13,7,0,0,0,5,0,0,0,0
,790,1,2610,4410,4113,4542,65,103,98,19,48,68,5,0,56,0,0,88,31,0,0,123,4,0,0,0,11,2,8,113,0,21,0,0,0,160,0,0,0,0,0,0,0,0,16,0,6,0,0,20,12,4,0,0,14,1,10,16,0,0,16,3,7,0,131,115,0,0,0,0,0,0,0,4,0,0,4,0,8,0,29,139,0,0,7,0,0,23,41,0,0,0,0,84,0,29,0
,795,0,2625,4250,3854,4170,31,75,56,20,32,30,21,1,25,12,0,0,30,0,24,9,11,20,112,0,15,5,38,0,142,0,0,0,7,18,0,0,0,0,0,0,0,127,10,11,18,0,7,11,12,8,0,0,26,66,26,9,122,23,21,4,0,0,0,0,0,0,0,4,0,0,5,9,9,20,4,0,2,0,4,0,16,149,5,0,0,22,0,0,4,0,42,79,0,21,0
,800,0,2468,3705,3490,3667,12,62,35,0,38,33,13,13,16,10,0,0,22,0,0,10,0,0,4,0,22,0,33,0,0,3,0,0,20,11,0,0,0,0,0,0,0,0,27,0,0,0,0,12,9,39,0,0,14,0,12,12,0,0,23,11,4,0,32,0,0,0,10,0,0,0,18,2,11,22,42,0,2,0,11,0,0,0,3,0,0,9,0,0,5,0,0,0,0,3,0
,805,0,2174,3034,2898,2946,24,39,11,2,25,44,23,5,7,0,0,0,0,2,0,0,0,0,0,34,30,0,197,0,4,0,0,0,0,0,0,0,0,0,0,0,0,0,157,0,180,1,0,7,14,180,0,12,27,0,9,0,0,23,20,12,9,14,4,10,0,0,6,0,0,0,0,0,0,82,2,0,5,0,13,156,0,0,11,0,4,26,4,0,0,0,18,0,0,0,0
,810,1,1885,2406,2441,2448,43,35,5,0,44,2,11,0,0,0,0,0,12,5,0,21,1,0,0,0,23,0,15,0,136,0,0,0,28,193,0,0,0,0,0,0,0,0,214,0,179,0,0,0,7,6,0,0,9,0,10,27,0,0,30,13,10,0,19,0,0,0,0,25,3,0,0,0,85,26,48,0,0,0,10,0,9,0,1,0,3,13,38,0,0,185,1,0,0,3,0
,815,2,1599,2016,1940,1934,1,26,11,0,12,20,0,0,0,0,0,0,0,3,0,27,11,0,0,0,36,0,0,0,10,0,170,155,41,222,0,0,0,0,162,0,0,0,0,0,171,0,0,15,24,16,0,0,23,0,24,0,0,0,19,0,21,0,0,12,11,0,13,0,0,0,0,8,0,0,8,0,4,0,16,0,0,0,11,0,1,5,0,0,0,0,14,0,0,0,0
,820,0,1220,1500,1441,1474,0,26,12,0,6,16,0,0,0,0,0,0,0,0,0,3,0,0,0,118,28,0,24,0,5,10,0,0,0,21,0,0,0,0,0,0,1,30,45,0,0,0,11,21,2,0,0,0,33,7,0,0,0,9,27,0,0,0,0,0,0,0,14,0,0,0,0,0,11,0,16,0,0,0,13,0,0,0,5,8,0,183,13,0,0,0,0,0,0,25,0
,825,0,947,1083,1091,1101,16,30,16,0,8,48,0,0,0,0,0,0,186,6,0,0,0,0,6,0,39,0,30,135,14,19,0,0,0,12,223,0,0,0,0,0,0,0,26,0,186,0,0,21,16,35,76,0,5,0,9,17,0,57,18,0,0,0,0,9,0,198,0,0,0,0,0,0,26,0,0,0,0,0,14,0,4,0,9,43,0,15,0,0,8,0,90,0,0,318,0
,830,0,689,810,807,777,34,16,0,0,10,19,4,0,70,0,0,0,0,10,0,5,0,0,0,1,49,73,39,0,0,6,0,0,0,0,0,0,0,0,0,0,0,0,377,0,0,0,0,33,35,12,0,1,60,0,268,37,0,14,24,0,0,0,0,314,0,0,0,0,0,0,0,9,63,10,0,0,14,0,35,0,0,0,14,0,0,79,0,1,0,0,59,0,0,118,0
,835,9,538,582,627,603,20,44,29,0,49,70,17,0,0,0,0,0,0,0,0,19,197,0,0,0,40,42,53,0,0,0,0,0,11,45,0,0,0,109,0,0,389,0,45,0,11,0,0,45,125,0,0,0,76,0,75,278,245,0,44,23,0,27,0,0,0,0,0,0,0,0,0,133,35,53,18,0,12,0,28,0,0,14,17,0,0,385,69,0,0,0,19,0,0,68,0
,840,0,407,458,447,489,122,36,0,0,52,60,0,0,0,0,0,0,0,0,0,0,3,0,0,0,47,0,40,0,53,50,0,0,35,12,0,0,0,0,0,0,0,23,84,0,16,0,0,0,321,56,225,0,73,0,68,54,0,10,47,0,0,0,0,0,0,0,26,0,0,63,0,13,0,39,17,0,0,0,36,0,0,0,27,0,0,150,0,0,42,0,73,0,199,101,0
,845,0,259,317,297,329,216,85,12,0,31,186,54,0,0,0,0,28,0,2,0,182,0,0,0,3,808,14,294,501,0,0,26,0,57,428,0,0,0,834,0,0,0,0,132,0,0,0,0,45,68,145,0,0,132,0,111,0,0,0,161,0,0,0,0,0,0,0,0,0,0,0,0,6,42,0,36,0,86,0,88,0,0,0,29,0,365,101,0,0,69,0,117,0,0,128,0
,850,8,199,180,210,241,185,31,0,0,24,46,21,0,0,0,0,0,3,3,0,28,54,0,0,0,1709,0,205,0,0,284,89,0,142,721,0,1587,0,0,0,0,0,0,268,0,43,0,193,280,112,63,0,0,222,98,0,305,0,118,80,0,148,0,0,0,0,0,20,50,0,0,0,0,69,0,96,0,0,0,0,0,0,0,381,0,0,75,46,0,0,0,134,0,0,268,0
,,,,,,,,,,,,,,,,,,,,,,,,,,,,,,,,,,,,,,,,,,,,,,,,,,,,,,,,,,,,,,,,,,,,,,,,,,,,,,,,,,,,,,,,,,,,,,,,,
Results,,,,,,,,,,,,,,,,,,,,,,,,,,,,,,,,,,,,,,,,,,,,,,,,,,,,,,,,,,,,,,,,,,,,,,,,,,,,,,,,,,,,,,,,,,,,,,,,,
,,,,,,,,,,,,,,,,,,,,,,,,,,,,,,,,,,,,,,,,,,,,,,,,,,,,,,,,,,,,,,,,,,,,,,,,,,,,,,,,,,,,,,,,,,,,,,,,,
,,1,2,3,4,5,6,7,8,9,10,11,12,,,,,,,,,,,,,,,,,,,,,,,,,,,,,,,,,,,,,,,,,,,,,,,,,,,,,,,,,,,,,,,,,,,,,,,,,,,,,,,,,,,,
,A,1169,1128,1132,1145,1135,810,1023,956,860,849,750,684,Mean Max RFU [Read 1:EM Spectrum],,,,,,,,,,,,,,,,,,,,,,,,,,,,,,,,,,,,,,,,,,,,,,,,,,,,,,,,,,,,,,,,,,,,,,,,,,,,,,,,,,,
,,1302,1292,1267,1286,1275,899,1050,1027,916,896,950,851,Mean Max RFU [Read 2:EM Spectrum],,,,,,,,,,,,,,,,,,,,,,,,,,,,,,,,,,,,,,,,,,,,,,,,,,,,,,,,,,,,,,,,,,,,,,,,,,,,,,,,,,,
,,1372,1274,1275,1305,1293,929,1085,1039,1060,1006,970,886,Mean Max RFU [Read 3:EM Spectrum],,,,,,,,,,,,,,,,,,,,,,,,,,,,,,,,,,,,,,,,,,,,,,,,,,,,,,,,,,,,,,,,,,,,,,,,,,,,,,,,,,,
,,1394,1319,1304,1331,1298,1066,1091,1071,1128,1091,1009,905,Mean Max RFU [Read 4:EM Spectrum],,,,,,,,,,,,,,,,,,,,,,,,,,,,,,,,,,,,,,,,,,,,,,,,,,,,,,,,,,,,,,,,,,,,,,,,,,,,,,,,,,,
,,1459,1372,1316,1405,1308,1146,1090,1193,1154,1133,1012,924,Mean Max RFU [Read 5:EM Spectrum],,,,,,,,,,,,,,,,,,,,,,,,,,,,,,,,,,,,,,,,,,,,,,,,,,,,,,,,,,,,,,,,,,,,,,,,,,,,,,,,,,,
,,1523,1383,1388,1456,1346,1144,1167,1266,1236,1138,1020,965,Mean Max RFU [Read 6:EM Spectrum],,,,,,,,,,,,,,,,,,,,,,,,,,,,,,,,,,,,,,,,,,,,,,,,,,,,,,,,,,,,,,,,,,,,,,,,,,,,,,,,,,,
,,1550,1428,1400,1472,1363,1192,1292,1338,1201,1195,1066,1004,Mean Max RFU [Read 7:EM Spectrum],,,,,,,,,,,,,,,,,,,,,,,,,,,,,,,,,,,,,,,,,,,,,,,,,,,,,,,,,,,,,,,,,,,,,,,,,,,,,,,,,,,
,,1694,1513,1448,1500,1451,1215,1361,1398,1241,1204,1098,1009,Mean Max RFU [Read 8:EM Spectrum],,,,,,,,,,,,,,,,,,,,,,,,,,,,,,,,,,,,,,,,,,,,,,,,,,,,,,,,,,,,,,,,,,,,,,,,,,,,,,,,,,,
,,1770,1572,1507,1579,1510,1278,1423,1436,1307,1283,1113,1043,Mean Max RFU [Read 9:EM Spectrum],,,,,,,,,,,,,,,,,,,,,,,,,,,,,,,,,,,,,,,,,,,,,,,,,,,,,,,,,,,,,,,,,,,,,,,,,,,,,,,,,,,
,,1890,1628,1553,1650,1590,1314,1510,1467,1411,1311,1200,1088,Mean Max RFU [Read 10:EM Spectrum],,,,,,,,,,,,,,,,,,,,,,,,,,,,,,,,,,,,,,,,,,,,,,,,,,,,,,,,,,,,,,,,,,,,,,,,,,,,,,,,,,,
,,2014,1701,1665,1711,1642,1398,1537,1564,1440,1365,1248,1164,Mean Max RFU [Read 11:EM Spectrum],,,,,,,,,,,,,,,,,,,,,,,,,,,,,,,,,,,,,,,,,,,,,,,,,,,,,,,,,,,,,,,,,,,,,,,,,,,,,,,,,,,
,,2165,1801,1696,1786,1721,1432,1617,1586,1457,1431,1278,1156,Mean Max RFU [Read 12:EM Spectrum],,,,,,,,,,,,,,,,,,,,,,,,,,,,,,,,,,,,,,,,,,,,,,,,,,,,,,,,,,,,,,,,,,,,,,,,,,,,,,,,,,,
,,2251,1875,1797,1879,1810,1447,1687,1704,1523,1487,1359,1206,Mean Max RFU [Read 13:EM Spectrum],,,,,,,,,,,,,,,,,,,,,,,,,,,,,,,,,,,,,,,,,,,,,,,,,,,,,,,,,,,,,,,,,,,,,,,,,,,,,,,,,,,
,,2316,1950,1871,1985,1917,1563,1797,1761,1602,1550,1409,1277,Mean Max RFU [Read 14:EM Spectrum],,,,,,,,,,,,,,,,,,,,,,,,,,,,,,,,,,,,,,,,,,,,,,,,,,,,,,,,,,,,,,,,,,,,,,,,,,,,,,,,,,,
,,2468,2109,2053,2075,2064,1691,1835,1865,1719,1649,1450,1367,Mean Max RFU [Read 15:EM Spectrum],,,,,,,,,,,,,,,,,,,,,,,,,,,,,,,,,,,,,,,,,,,,,,,,,,,,,,,,,,,,,,,,,,,,,,,,,,,,,,,,,,,
,,2580,2284,2135,2186,2100,1817,1950,1957,1813,1766,1587,1456,Mean Max RFU [Read 16:EM Spectrum],,,,,,,,,,,,,,,,,,,,,,,,,,,,,,,,,,,,,,,,,,,,,,,,,,,,,,,,,,,,,,,,,,,,,,,,,,,,,,,,,,,
,,2741,2347,2227,2335,2332,1867,2073,2033,1912,1842,1626,1514,Mean Max RFU [Read 17:EM Spectrum],,,,,,,,,,,,,,,,,,,,,,,,,,,,,,,,,,,,,,,,,,,,,,,,,,,,,,,,,,,,,,,,,,,,,,,,,,,,,,,,,,,
,,2875,2506,2329,2490,2351,1946,2156,2139,2076,1931,1773,1643,Mean Max RFU [Read 18:EM Spectrum],,,,,,,,,,,,,,,,,,,,,,,,,,,,,,,,,,,,,,,,,,,,,,,,,,,,,,,,,,,,,,,,,,,,,,,,,,,,,,,,,,,
,,3090,2635,2472,2594,2482,2065,2378,2314,2174,2093,1911,1795,Mean Max RFU [Read 19:EM Spectrum],,,,,,,,,,,,,,,,,,,,,,,,,,,,,,,,,,,,,,,,,,,,,,,,,,,,,,,,,,,,,,,,,,,,,,,,,,,,,,,,,,,
,,3255,2768,2634,2717,2613,2137,2444,2456,2281,2214,2057,1880,Mean Max RFU [Read 20:EM Spectrum],,,,,,,,,,,,,,,,,,,,,,,,,,,,,,,,,,,,,,,,,,,,,,,,,,,,,,,,,,,,,,,,,,,,,,,,,,,,,,,,,,,
,,3403,2918,2752,2837,2764,2305,2589,2630,2418,2319,2191,2004,Mean Max RFU [Read 21:EM Spectrum],,,,,,,,,,,,,,,,,,,,,,,,,,,,,,,,,,,,,,,,,,,,,,,,,,,,,,,,,,,,,,,,,,,,,,,,,,,,,,,,,,,
,,3645,3127,2922,3051,2976,2556,2787,2825,2629,2537,2284,2181,Mean Max RFU [Read 22:EM Spectrum],,,,,,,,,,,,,,,,,,,,,,,,,,,,,,,,,,,,,,,,,,,,,,,,,,,,,,,,,,,,,,,,,,,,,,,,,,,,,,,,,,,
,,3797,3318,3096,3226,3134,2714,2890,3054,2832,2732,2514,2428,Mean Max RFU [Read 23:EM Spectrum],,,,,,,,,,,,,,,,,,,,,,,,,,,,,,,,,,,,,,,,,,,,,,,,,,,,,,,,,,,,,,,,,,,,,,,,,,,,,,,,,,,
,,3980,3486,3331,3377,3286,2934,3250,3212,3109,3068,2730,2582,Mean Max RFU [Read 24:EM Spectrum],,,,,,,,,,,,,,,,,,,,,,,,,,,,,,,,,,,,,,,,,,,,,,,,,,,,,,,,,,,,,,,,,,,,,,,,,,,,,,,,,,,
,,4059,3703,3471,3625,3497,3116,3446,3443,3352,3197,2930,2756,Mean Max RFU [Read 25:EM Spectrum],,,,,,,,,,,,,,,,,,,,,,,,,,,,,,,,,,,,,,,,,,,,,,,,,,,,,,,,,,,,,,,,,,,,,,,,,,,,,,,,,,,
,,4191,3913,3649,3822,3718,3510,3681,3760,3617,3593,3134,3027,Mean Max RFU [Read 26:EM Spectrum],,,,,,,,,,,,,,,,,,,,,,,,,,,,,,,,,,,,,,,,,,,,,,,,,,,,,,,,,,,,,,,,,,,,,,,,,,,,,,,,,,,
,,4230,4107,3874,4007,3829,3704,3997,4020,3864,3751,3426,3264,Mean Max RFU [Read 27:EM Spectrum],,,,,,,,,,,,,,,,,,,,,,,,,,,,,,,,,,,,,,,,,,,,,,,,,,,,,,,,,,,,,,,,,,,,,,,,,,,,,,,,,,,
,,4166,4238,4064,4149,4104,3924,4268,4253,4238,3997,3662,3524,Mean Max RFU [Read 28:EM Spectrum],,,,,,,,,,,,,,,,,,,,,,,,,,,,,,,,,,,,,,,,,,,,,,,,,,,,,,,,,,,,,,,,,,,,,,,,,,,,,,,,,,,
,,4082,4422,4227,4320,4201,4218,4489,4609,4450,4339,3913,3773,Mean Max RFU [Read 29:EM Spectrum],,,,,,,,,,,,,,,,,,,,,,,,,,,,,,,,,,,,,,,,,,,,,,,,,,,,,,,,,,,,,,,,,,,,,,,,,,,,,,,,,,,
,,3985,4558,4291,4441,4311,4468,4797,4898,4745,4622,4264,4149,Mean Max RFU [Read 30:EM Spectrum],,,,,,,,,,,,,,,,,,,,,,,,,,,,,,,,,,,,,,,,,,,,,,,,,,,,,,,,,,,,,,,,,,,,,,,,,,,,,,,,,,,
,,3806,4653,4389,4529,4512,4758,5066,5301,4993,4987,4450,4377,Mean Max RFU [Read 31:EM Spectrum],,,,,,,,,,,,,,,,,,,,,,,,,,,,,,,,,,,,,,,,,,,,,,,,,,,,,,,,,,,,,,,,,,,,,,,,,,,,,,,,,,,
,,3562,4677,4514,4603,4542,4953,5474,5357,5261,5088,4784,4519,Mean Max RFU [Read 32:EM Spectrum],,,,,,,,,,,,,,,,,,,,,,,,,,,,,,,,,,,,,,,,,,,,,,,,,,,,,,,,,,,,,,,,,,,,,,,,,,,,,,,,,,,
,,3245,4892,4609,4769,4707,5295,5757,5825,5511,5423,5017,4830,Mean Max RFU [Read 33:EM Spectrum],,,,,,,,,,,,,,,,,,,,,,,,,,,,,,,,,,,,,,,,,,,,,,,,,,,,,,,,,,,,,,,,,,,,,,,,,,,,,,,,,,,
,,2842,4998,4760,4773,4748,5456,5802,6037,5825,5618,5294,5416,Mean Max RFU [Read 34:EM Spectrum],,,,,,,,,,,,,,,,,,,,,,,,,,,,,,,,,,,,,,,,,,,,,,,,,,,,,,,,,,,,,,,,,,,,,,,,,,,,,,,,,,,
,,2549,5058,4855,4888,4845,5801,5981,6102,6060,5810,5788,6313,Mean Max RFU [Read 35:EM Spectrum],,,,,,,,,,,,,,,,,,,,,,,,,,,,,,,,,,,,,,,,,,,,,,,,,,,,,,,,,,,,,,,,,,,,,,,,,,,,,,,,,,,
,,2283,5032,4824,5044,4969,5994,6283,6315,6229,6326,7447,2254,Mean Max RFU [Read 36:EM Spectrum],,,,,,,,,,,,,,,,,,,,,,,,,,,,,,,,,,,,,,,,,,,,,,,,,,,,,,,,,,,,,,,,,,,,,,,,,,,,,,,,,,,
,,2117,5122,4894,5069,4966,6178,6422,6666,6456,6570,3671,1681,Mean Max RFU [Read 37:EM Spectrum],,,,,,,,,,,,,,,,,,,,,,,,,,,,,,,,,,,,,,,,,,,,,,,,,,,,,,,,,,,,,,,,,,,,,,,,,,,,,,,,,,,
,,2069,5134,5074,5087,5018,6500,6571,6738,7489,7402,1502,2784,Mean Max RFU [Read 38:EM Spectrum],,,,,,,,,,,,,,,,,,,,,,,,,,,,,,,,,,,,,,,,,,,,,,,,,,,,,,,,,,,,,,,,,,,,,,,,,,,,,,,,,,,
,,1971,5281,5063,5167,5083,6938,6841,6871,4219,2253,1980,4346,Mean Max RFU [Read 39:EM Spectrum],,,,,,,,,,,,,,,,,,,,,,,,,,,,,,,,,,,,,,,,,,,,,,,,,,,,,,,,,,,,,,,,,,,,,,,,,,,,,,,,,,,
,,2001,5178,5113,5211,5191,2854,7068,7162,1360,1238,3691,3417,Mean Max RFU [Read 40:EM Spectrum],,,,,,,,,,,,,,,,,,,,,,,,,,,,,,,,,,,,,,,,,,,,,,,,,,,,,,,,,,,,,,,,,,,,,,,,,,,,,,,,,,,
,,1980,5183,5152,5254,5187,1274,6026,5969,1281,1917,4651,2574,Mean Max RFU [Read 41:EM Spectrum],,,,,,,,,,,,,,,,,,,,,,,,,,,,,,,,,,,,,,,,,,,,,,,,,,,,,,,,,,,,,,,,,,,,,,,,,,,,,,,,,,,
,,2082,5211,5152,5229,5269,1533,3025,2278,2589,4095,3584,2266,Mean Max RFU [Read 42:EM Spectrum],,,,,,,,,,,,,,,,,,,,,,,,,,,,,,,,,,,,,,,,,,,,,,,,,,,,,,,,,,,,,,,,,,,,,,,,,,,,,,,,,,,
,,3541,5249,5192,5319,5288,2780,1246,1342,4157,4407,2728,2130,Mean Max RFU [Read 43:EM Spectrum],,,,,,,,,,,,,,,,,,,,,,,,,,,,,,,,,,,,,,,,,,,,,,,,,,,,,,,,,,,,,,,,,,,,,,,,,,,,,,,,,,,
,,3762,5091,5289,5329,5357,4380,2011,2797,3504,3514,2450,2089,Mean Max RFU [Read 44:EM Spectrum],,,,,,,,,,,,,,,,,,,,,,,,,,,,,,,,,,,,,,,,,,,,,,,,,,,,,,,,,,,,,,,,,,,,,,,,,,,,,,,,,,,
,,3778,5071,5164,5194,5343,3923,3371,3278,2810,2810,2266,1982,Mean Max RFU [Read 45:EM Spectrum],,,,,,,,,,,,,,,,,,,,,,,,,,,,,,,,,,,,,,,,,,,,,,,,,,,,,,,,,,,,,,,,,,,,,,,,,,,,,,,,,,,
,,3957,5027,5121,5325,5305,3168,2994,2464,2312,2532,2177,1895,Mean Max RFU [Read 46:EM Spectrum],,,,,,,,,,,,,,,,,,,,,,,,,,,,,,,,,,,,,,,,,,,,,,,,,,,,,,,,,,,,,,,,,,,,,,,,,,,,,,,,,,,
,,3690,4612,5210,5272,5287,2657,2287,2024,2071,2392,2073,1802,Mean Max RFU [Read 47:EM Spectrum],,,,,,,,,,,,,,,,,,,,,,,,,,,,,,,,,,,,,,,,,,,,,,,,,,,,,,,,,,,,,,,,,,,,,,,,,,,,,,,,,,,
,,2937,4147,5135,5240,5460,2378,2218,1998,1871,2195,2025,1688,Mean Max RFU [Read 48:EM Spectrum],,,,,,,,,,,,,,,,,,,,,,,,,,,,,,,,,,,,,,,,,,,,,,,,,,,,,,,,,,,,,,,,,,,,,,,,,,,,,,,,,,,
,,1178,3231,5023,4824,5223,2169,2074,1930,1729,2109,1846,1562,Mean Max RFU [Read 49:EM Spectrum],,,,,,,,,,,,,,,,,,,,,,,,,,,,,,,,,,,,,,,,,,,,,,,,,,,,,,,,,,,,,,,,,,,,,,,,,,,,,,,,,,,
,,22,2625,4630,4175,4842,2065,2005,1916,1597,1953,1689,1382,Mean Max RFU [Read 50:EM Spectrum],,,,,,,,,,,,,,,,,,,,,,,,,,,,,,,,,,,,,,,,,,,,,,,,,,,,,,,,,,,,,,,,,,,,,,,,,,,,,,,,,,,
,B,600,902,750,729,770,875,2933,482,419,417,380,345,Mean Max RFU [Read 1:EM Spectrum],,,,,,,,,,,,,,,,,,,,,,,,,,,,,,,,,,,,,,,,,,,,,,,,,,,,,,,,,,,,,,,,,,,,,,,,,,,,,,,,,,,
,,661,899,937,883,866,981,4037,502,436,450,395,381,Mean Max RFU [Read 2:EM Spectrum],,,,,,,,,,,,,,,,,,,,,,,,,,,,,,,,,,,,,,,,,,,,,,,,,,,,,,,,,,,,,,,,,,,,,,,,,,,,,,,,,,,
,,774,900,964,945,897,1004,4582,504,442,446,391,369,Mean Max RFU [Read 3:EM Spectrum],,,,,,,,,,,,,,,,,,,,,,,,,,,,,,,,,,,,,,,,,,,,,,,,,,,,,,,,,,,,,,,,,,,,,,,,,,,,,,,,,,,
,,832,962,1001,947,932,1058,4391,506,455,465,419,385,Mean Max RFU [Read 4:EM Spectrum],,,,,,,,,,,,,,,,,,,,,,,,,,,,,,,,,,,,,,,,,,,,,,,,,,,,,,,,,,,,,,,,,,,,,,,,,,,,,,,,,,,
,,854,1024,1009,966,924,1035,4180,489,449,460,417,372,Mean Max RFU [Read 5:EM Spectrum],,,,,,,,,,,,,,,,,,,,,,,,,,,,,,,,,,,,,,,,,,,,,,,,,,,,,,,,,,,,,,,,,,,,,,,,,,,,,,,,,,,
,,853,1137,1081,1002,962,1103,4257,495,463,460,414,392,Mean Max RFU [Read 6:EM Spectrum],,,,,,,,,,,,,,,,,,,,,,,,,,,,,,,,,,,,,,,,,,,,,,,,,,,,,,,,,,,,,,,,,,,,,,,,,,,,,,,,,,,
,,863,1149,1063,1014,962,1088,4188,508,469,472,429,399,Mean Max RFU [Read 7:EM Spectrum],,,,,,,,,,,,,,,,,,,,,,,,,,,,,,,,,,,,,,,,,,,,,,,,,,,,,,,,,,,,,,,,,,,,,,,,,,,,,,,,,,,
,,907,1197,1090,1014,1022,1126,4217,515,479,483,439,408,Mean Max RFU [Read 8:EM Spectrum],,,,,,,,,,,,,,,,,,,,,,,,,,,,,,,,,,,,,,,,,,,,,,,,,,,,,,,,,,,,,,,,,,,,,,,,,,,,,,,,,,,
,,917,1232,1132,1056,1031,1153,4235,527,486,492,447,420,Mean Max RFU [Read 9:EM Spectrum],,,,,,,,,,,,,,,,,,,,,,,,,,,,,,,,,,,,,,,,,,,,,,,,,,,,,,,,,,,,,,,,,,,,,,,,,,,,,,,,,,,
,,951,1345,1206,1068,1036,1187,4117,549,495,499,461,435,Mean Max RFU [Read 10:EM Spectrum],,,,,,,,,,,,,,,,,,,,,,,,,,,,,,,,,,,,,,,,,,,,,,,,,,,,,,,,,,,,,,,,,,,,,,,,,,,,,,,,,,,
,,983,1343,1206,1138,1070,1211,4325,543,518,523,475,467,Mean Max RFU [Read 11:EM Spectrum],,,,,,,,,,,,,,,,,,,,,,,,,,,,,,,,,,,,,,,,,,,,,,,,,,,,,,,,,,,,,,,,,,,,,,,,,,,,,,,,,,,
,,1041,1416,1270,1164,1123,1357,4422,572,536,542,492,485,Mean Max RFU [Read 12:EM Spectrum],,,,,,,,,,,,,,,,,,,,,,,,,,,,,,,,,,,,,,,,,,,,,,,,,,,,,,,,,,,,,,,,,,,,,,,,,,,,,,,,,,,
,,1074,1499,1303,1201,1214,1368,4361,599,570,567,513,475,Mean Max RFU [Read 13:EM Spectrum],,,,,,,,,,,,,,,,,,,,,,,,,,,,,,,,,,,,,,,,,,,,,,,,,,,,,,,,,,,,,,,,,,,,,,,,,,,,,,,,,,,
,,1129,1541,1342,1352,1211,1448,4528,611,579,583,522,502,Mean Max RFU [Read 14:EM Spectrum],,,,,,,,,,,,,,,,,,,,,,,,,,,,,,,,,,,,,,,,,,,,,,,,,,,,,,,,,,,,,,,,,,,,,,,,,,,,,,,,,,,
,,1174,1637,1416,1388,1301,1478,4675,675,614,597,545,518,Mean Max RFU [Read 15:EM Spectrum],,,,,,,,,,,,,,,,,,,,,,,,,,,,,,,,,,,,,,,,,,,,,,,,,,,,,,,,,,,,,,,,,,,,,,,,,,,,,,,,,,,
,,1248,1690,1514,1419,1363,1551,4792,664,636,619,572,551,Mean Max RFU [Read 16:EM Spectrum],,,,,,,,,,,,,,,,,,,,,,,,,,,,,,,,,,,,,,,,,,,,,,,,,,,,,,,,,,,,,,,,,,,,,,,,,,,,,,,,,,,
,,1316,1749,1614,1502,1393,1646,4804,703,659,662,588,563,Mean Max RFU [Read 17:EM Spectrum],,,,,,,,,,,,,,,,,,,,,,,,,,,,,,,,,,,,,,,,,,,,,,,,,,,,,,,,,,,,,,,,,,,,,,,,,,,,,,,,,,,
,,1362,1870,1642,1594,1470,1730,5001,734,688,716,615,622,Mean Max RFU [Read 18:EM Spectrum],,,,,,,,,,,,,,,,,,,,,,,,,,,,,,,,,,,,,,,,,,,,,,,,,,,,,,,,,,,,,,,,,,,,,,,,,,,,,,,,,,,
,,1475,2008,1719,1708,1582,1864,5031,769,715,722,649,633,Mean Max RFU [Read 19:EM Spectrum],,,,,,,,,,,,,,,,,,,,,,,,,,,,,,,,,,,,,,,,,,,,,,,,,,,,,,,,,,,,,,,,,,,,,,,,,,,,,,,,,,,
,,1569,2169,1904,1762,1694,1927,5171,807,767,761,664,637,Mean Max RFU [Read 20:EM Spectrum],,,,,,,,,,,,,,,,,,,,,,,,,,,,,,,,,,,,,,,,,,,,,,,,,,,,,,,,,,,,,,,,,,,,,,,,,,,,,,,,,,,
,,1654,2257,1972,1940,1774,2044,5522,860,799,802,703,677,Mean Max RFU [Read 21:EM Spectrum],,,,,,,,,,,,,,,,,,,,,,,,,,,,,,,,,,,,,,,,,,,,,,,,,,,,,,,,,,,,,,,,,,,,,,,,,,,,,,,,,,,
,,1787,2500,2120,1955,1927,2202,5627,929,829,806,727,718,Mean Max RFU [Read 22:EM Spectrum],,,,,,,,,,,,,,,,,,,,,,,,,,,,,,,,,,,,,,,,,,,,,,,,,,,,,,,,,,,,,,,,,,,,,,,,,,,,,,,,,,,
,,1902,2597,2233,2181,2022,2303,5994,966,858,851,757,736,Mean Max RFU [Read 23:EM Spectrum],,,,,,,,,,,,,,,,,,,,,,,,,,,,,,,,,,,,,,,,,,,,,,,,,,,,,,,,,,,,,,,,,,,,,,,,,,,,,,,,,,,
,,2054,2831,2339,2323,2157,2469,6147,1004,888,879,766,752,Mean Max RFU [Read 24:EM Spectrum],,,,,,,,,,,,,,,,,,,,,,,,,,,,,,,,,,,,,,,,,,,,,,,,,,,,,,,,,,,,,,,,,,,,,,,,,,,,,,,,,,,
,,2209,3045,2569,2439,2289,2671,6121,1038,933,901,816,777,Mean Max RFU [Read 25:EM Spectrum],,,,,,,,,,,,,,,,,,,,,,,,,,,,,,,,,,,,,,,,,,,,,,,,,,,,,,,,,,,,,,,,,,,,,,,,,,,,,,,,,,,
,,2414,3289,2740,2578,2518,2830,6302,1079,948,932,828,838,Mean Max RFU [Read 26:EM Spectrum],,,,,,,,,,,,,,,,,,,,,,,,,,,,,,,,,,,,,,,,,,,,,,,,,,,,,,,,,,,,,,,,,,,,,,,,,,,,,,,,,,,
,,2609,3567,2959,2821,2674,2997,6422,1121,996,989,845,825,Mean Max RFU [Read 27:EM Spectrum],,,,,,,,,,,,,,,,,,,,,,,,,,,,,,,,,,,,,,,,,,,,,,,,,,,,,,,,,,,,,,,,,,,,,,,,,,,,,,,,,,,
,,2723,3833,3132,3011,2857,3197,6480,1191,1087,964,891,794,Mean Max RFU [Read 28:EM Spectrum],,,,,,,,,,,,,,,,,,,,,,,,,,,,,,,,,,,,,,,,,,,,,,,,,,,,,,,,,,,,,,,,,,,,,,,,,,,,,,,,,,,
,,2934,4142,3380,3269,3048,3466,6740,1222,1058,990,873,762,Mean Max RFU [Read 29:EM Spectrum],,,,,,,,,,,,,,,,,,,,,,,,,,,,,,,,,,,,,,,,,,,,,,,,,,,,,,,,,,,,,,,,,,,,,,,,,,,,,,,,,,,
,,3156,4409,3549,3436,3252,3704,7431,1256,1106,906,799,1228,Mean Max RFU [Read 30:EM Spectrum],,,,,,,,,,,,,,,,,,,,,,,,,,,,,,,,,,,,,,,,,,,,,,,,,,,,,,,,,,,,,,,,,,,,,,,,,,,,,,,,,,,
,,3318,4573,3860,3603,3497,3942,7648,1306,987,890,1200,1510,Mean Max RFU [Read 31:EM Spectrum],,,,,,,,,,,,,,,,,,,,,,,,,,,,,,,,,,,,,,,,,,,,,,,,,,,,,,,,,,,,,,,,,,,,,,,,,,,,,,,,,,,
,,3515,4940,4047,3914,3708,4119,7889,1101,959,1378,1452,1814,Mean Max RFU [Read 32:EM Spectrum],,,,,,,,,,,,,,,,,,,,,,,,,,,,,,,,,,,,,,,,,,,,,,,,,,,,,,,,,,,,,,,,,,,,,,,,,,,,,,,,,,,
,,3791,5101,4332,4084,4060,4475,7945,1274,1465,1716,1769,2158,Mean Max RFU [Read 33:EM Spectrum],,,,,,,,,,,,,,,,,,,,,,,,,,,,,,,,,,,,,,,,,,,,,,,,,,,,,,,,,,,,,,,,,,,,,,,,,,,,,,,,,,,
,,4084,5348,4497,4329,4188,4605,8213,1521,1670,2022,2128,2515,Mean Max RFU [Read 34:EM Spectrum],,,,,,,,,,,,,,,,,,,,,,,,,,,,,,,,,,,,,,,,,,,,,,,,,,,,,,,,,,,,,,,,,,,,,,,,,,,,,,,,,,,
,,5368,5565,4758,4654,4454,4998,7979,1760,2058,2392,2520,2793,Mean Max RFU [Read 35:EM Spectrum],,,,,,,,,,,,,,,,,,,,,,,,,,,,,,,,,,,,,,,,,,,,,,,,,,,,,,,,,,,,,,,,,,,,,,,,,,,,,,,,,,,
,,2646,5819,5082,4816,5063,5181,5304,2065,2439,2849,2959,2755,Mean Max RFU [Read 36:EM Spectrum],,,,,,,,,,,,,,,,,,,,,,,,,,,,,,,,,,,,,,,,,,,,,,,,,,,,,,,,,,,,,,,,,,,,,,,,,,,,,,,,,,,
,,1459,6127,5612,5199,6741,5726,2534,2351,2696,3047,2844,2497,Mean Max RFU [Read 37:EM Spectrum],,,,,,,,,,,,,,,,,,,,,,,,,,,,,,,,,,,,,,,,,,,,,,,,,,,,,,,,,,,,,,,,,,,,,,,,,,,,,,,,,,,
,,1682,6550,5501,5927,4851,6718,567,2615,2578,2841,2579,2232,Mean Max RFU [Read 38:EM Spectrum],,,,,,,,,,,,,,,,,,,,,,,,,,,,,,,,,,,,,,,,,,,,,,,,,,,,,,,,,,,,,,,,,,,,,,,,,,,,,,,,,,,
,,2575,4748,1922,2432,2394,2939,111,2573,2298,2519,2324,2151,Mean Max RFU [Read 39:EM Spectrum],,,,,,,,,,,,,,,,,,,,,,,,,,,,,,,,,,,,,,,,,,,,,,,,,,,,,,,,,,,,,,,,,,,,,,,,,,,,,,,,,,,
,,3595,1507,1506,1555,2365,1819,54,2123,1849,2197,2085,1971,Mean Max RFU [Read 40:EM Spectrum],,,,,,,,,,,,,,,,,,,,,,,,,,,,,,,,,,,,,,,,,,,,,,,,,,,,,,,,,,,,,,,,,,,,,,,,,,,,,,,,,,,
,,3194,1369,2335,2004,3687,2565,28,1741,1640,2047,2056,1789,Mean Max RFU [Read 41:EM Spectrum],,,,,,,,,,,,,,,,,,,,,,,,,,,,,,,,,,,,,,,,,,,,,,,,,,,,,,,,,,,,,,,,,,,,,,,,,,,,,,,,,,,
,,2167,2609,4153,3358,5620,4139,22,1571,1557,2020,1945,1738,Mean Max RFU [Read 42:EM Spectrum],,,,,,,,,,,,,,,,,,,,,,,,,,,,,,,,,,,,,,,,,,,,,,,,,,,,,,,,,,,,,,,,,,,,,,,,,,,,,,,,,,,
,,1815,4879,4471,4078,4764,4592,30,1503,1627,1958,1818,1847,Mean Max RFU [Read 43:EM Spectrum],,,,,,,,,,,,,,,,,,,,,,,,,,,,,,,,,,,,,,,,,,,,,,,,,,,,,,,,,,,,,,,,,,,,,,,,,,,,,,,,,,,
,,1736,4301,3542,3239,3323,3549,20,1538,1580,1811,1772,1817,Mean Max RFU [Read 44:EM Spectrum],,,,,,,,,,,,,,,,,,,,,,,,,,,,,,,,,,,,,,,,,,,,,,,,,,,,,,,,,,,,,,,,,,,,,,,,,,,,,,,,,,,
,,1669,3229,2739,2384,2709,2722,24,1584,1568,1781,1803,1798,Mean Max RFU [Read 45:EM Spectrum],,,,,,,,,,,,,,,,,,,,,,,,,,,,,,,,,,,,,,,,,,,,,,,,,,,,,,,,,,,,,,,,,,,,,,,,,,,,,,,,,,,
,,1620,2589,2405,2112,2612,2386,21,1485,1464,1786,1784,1728,Mean Max RFU [Read 46:EM Spectrum],,,,,,,,,,,,,,,,,,,,,,,,,,,,,,,,,,,,,,,,,,,,,,,,,,,,,,,,,,,,,,,,,,,,,,,,,,,,,,,,,,,
,,1542,2363,2317,2017,2560,2313,25,1477,1508,1773,1852,1688,Mean Max RFU [Read 47:EM Spectrum],,,,,,,,,,,,,,,,,,,,,,,,,,,,,,,,,,,,,,,,,,,,,,,,,,,,,,,,,,,,,,,,,,,,,,,,,,,,,,,,,,,
,,1474,2222,2261,1995,2561,2222,20,1456,1481,1725,1720,1650,Mean Max RFU [Read 48:EM Spectrum],,,,,,,,,,,,,,,,,,,,,,,,,,,,,,,,,,,,,,,,,,,,,,,,,,,,,,,,,,,,,,,,,,,,,,,,,,,,,,,,,,,
,,1417,2135,2176,1940,2477,2063,22,1402,1396,1724,1670,1602,Mean Max RFU [Read 49:EM Spectrum],,,,,,,,,,,,,,,,,,,,,,,,,,,,,,,,,,,,,,,,,,,,,,,,,,,,,,,,,,,,,,,,,,,,,,,,,,,,,,,,,,,
,,1318,2011,2127,1842,2324,1958,22,1396,1385,1608,1657,1624,Mean Max RFU [Read 50:EM Spectrum],,,,,,,,,,,,,,,,,,,,,,,,,,,,,,,,,,,,,,,,,,,,,,,,,,,,,,,,,,,,,,,,,,,,,,,,,,,,,,,,,,,
,C,334,404,367,436,400,405,407,403,351,385,294,293,Mean Max RFU [Read 1:EM Spectrum],,,,,,,,,,,,,,,,,,,,,,,,,,,,,,,,,,,,,,,,,,,,,,,,,,,,,,,,,,,,,,,,,,,,,,,,,,,,,,,,,,,
,,355,418,380,426,409,421,427,402,370,401,300,309,Mean Max RFU [Read 2:EM Spectrum],,,,,,,,,,,,,,,,,,,,,,,,,,,,,,,,,,,,,,,,,,,,,,,,,,,,,,,,,,,,,,,,,,,,,,,,,,,,,,,,,,,
,,353,428,392,446,434,440,443,437,393,412,328,328,Mean Max RFU [Read 3:EM Spectrum],,,,,,,,,,,,,,,,,,,,,,,,,,,,,,,,,,,,,,,,,,,,,,,,,,,,,,,,,,,,,,,,,,,,,,,,,,,,,,,,,,,
,,371,430,391,464,450,460,458,434,422,433,342,358,Mean Max RFU [Read 4:EM Spectrum],,,,,,,,,,,,,,,,,,,,,,,,,,,,,,,,,,,,,,,,,,,,,,,,,,,,,,,,,,,,,,,,,,,,,,,,,,,,,,,,,,,
,,373,420,413,464,466,465,462,464,435,459,359,383,Mean Max RFU [Read 5:EM Spectrum],,,,,,,,,,,,,,,,,,,,,,,,,,,,,,,,,,,,,,,,,,,,,,,,,,,,,,,,,,,,,,,,,,,,,,,,,,,,,,,,,,,
,,389,432,419,492,474,486,476,484,479,484,403,417,Mean Max RFU [Read 6:EM Spectrum],,,,,,,,,,,,,,,,,,,,,,,,,,,,,,,,,,,,,,,,,,,,,,,,,,,,,,,,,,,,,,,,,,,,,,,,,,,,,,,,,,,
,,386,435,416,498,499,503,504,490,494,473,455,457,Mean Max RFU [Read 7:EM Spectrum],,,,,,,,,,,,,,,,,,,,,,,,,,,,,,,,,,,,,,,,,,,,,,,,,,,,,,,,,,,,,,,,,,,,,,,,,,,,,,,,,,,
,,387,452,420,506,507,506,506,496,529,518,481,509,Mean Max RFU [Read 8:EM Spectrum],,,,,,,,,,,,,,,,,,,,,,,,,,,,,,,,,,,,,,,,,,,,,,,,,,,,,,,,,,,,,,,,,,,,,,,,,,,,,,,,,,,
,,413,460,434,544,541,539,522,528,566,532,540,563,Mean Max RFU [Read 9:EM Spectrum],,,,,,,,,,,,,,,,,,,,,,,,,,,,,,,,,,,,,,,,,,,,,,,,,,,,,,,,,,,,,,,,,,,,,,,,,,,,,,,,,,,
,,429,474,457,551,553,541,545,544,592,566,579,606,Mean Max RFU [Read 10:EM Spectrum],,,,,,,,,,,,,,,,,,,,,,,,,,,,,,,,,,,,,,,,,,,,,,,,,,,,,,,,,,,,,,,,,,,,,,,,,,,,,,,,,,,
,,419,489,461,573,573,587,582,554,616,603,617,664,Mean Max RFU [Read 11:EM Spectrum],,,,,,,,,,,,,,,,,,,,,,,,,,,,,,,,,,,,,,,,,,,,,,,,,,,,,,,,,,,,,,,,,,,,,,,,,,,,,,,,,,,
,,428,499,464,583,615,611,616,619,649,616,678,708,Mean Max RFU [Read 12:EM Spectrum],,,,,,,,,,,,,,,,,,,,,,,,,,,,,,,,,,,,,,,,,,,,,,,,,,,,,,,,,,,,,,,,,,,,,,,,,,,,,,,,,,,
,,459,525,495,655,630,631,629,631,692,644,734,751,Mean Max RFU [Read 13:EM Spectrum],,,,,,,,,,,,,,,,,,,,,,,,,,,,,,,,,,,,,,,,,,,,,,,,,,,,,,,,,,,,,,,,,,,,,,,,,,,,,,,,,,,
,,487,521,499,658,647,671,658,666,710,721,744,776,Mean Max RFU [Read 14:EM Spectrum],,,,,,,,,,,,,,,,,,,,,,,,,,,,,,,,,,,,,,,,,,,,,,,,,,,,,,,,,,,,,,,,,,,,,,,,,,,,,,,,,,,
,,495,548,524,680,713,708,664,688,744,724,790,805,Mean Max RFU [Read 15:EM Spectrum],,,,,,,,,,,,,,,,,,,,,,,,,,,,,,,,,,,,,,,,,,,,,,,,,,,,,,,,,,,,,,,,,,,,,,,,,,,,,,,,,,,
,,501,574,545,720,720,718,690,705,793,742,786,826,Mean Max RFU [Read 16:EM Spectrum],,,,,,,,,,,,,,,,,,,,,,,,,,,,,,,,,,,,,,,,,,,,,,,,,,,,,,,,,,,,,,,,,,,,,,,,,,,,,,,,,,,
,,562,620,565,716,755,746,759,738,852,758,829,806,Mean Max RFU [Read 17:EM Spectrum],,,,,,,,,,,,,,,,,,,,,,,,,,,,,,,,,,,,,,,,,,,,,,,,,,,,,,,,,,,,,,,,,,,,,,,,,,,,,,,,,,,
,,545,628,586,765,776,776,774,757,876,800,782,785,Mean Max RFU [Read 18:EM Spectrum],,,,,,,,,,,,,,,,,,,,,,,,,,,,,,,,,,,,,,,,,,,,,,,,,,,,,,,,,,,,,,,,,,,,,,,,,,,,,,,,,,,
,,575,673,599,779,776,802,785,782,856,825,755,815,Mean Max RFU [Read 19:EM Spectrum],,,,,,,,,,,,,,,,,,,,,,,,,,,,,,,,,,,,,,,,,,,,,,,,,,,,,,,,,,,,,,,,,,,,,,,,,,,,,,,,,,,
,,585,673,618,788,750,795,809,796,833,815,792,833,Mean Max RFU [Read 20:EM Spectrum],,,,,,,,,,,,,,,,,,,,,,,,,,,,,,,,,,,,,,,,,,,,,,,,,,,,,,,,,,,,,,,,,,,,,,,,,,,,,,,,,,,
,,600,737,663,805,701,774,744,785,813,727,733,694,Mean Max RFU [Read 21:EM Spectrum],,,,,,,,,,,,,,,,,,,,,,,,,,,,,,,,,,,,,,,,,,,,,,,,,,,,,,,,,,,,,,,,,,,,,,,,,,,,,,,,,,,
,,626,738,676,823,708,728,701,721,880,758,529,515,Mean Max RFU [Read 22:EM Spectrum],,,,,,,,,,,,,,,,,,,,,,,,,,,,,,,,,,,,,,,,,,,,,,,,,,,,,,,,,,,,,,,,,,,,,,,,,,,,,,,,,,,
,,648,766,723,693,1001,755,787,843,903,1001,435,577,Mean Max RFU [Read 23:EM Spectrum],,,,,,,,,,,,,,,,,,,,,,,,,,,,,,,,,,,,,,,,,,,,,,,,,,,,,,,,,,,,,,,,,,,,,,,,,,,,,,,,,,,
,,680,767,719,674,1273,1083,1163,1301,866,1248,527,954,Mean Max RFU [Read 24:EM Spectrum],,,,,,,,,,,,,,,,,,,,,,,,,,,,,,,,,,,,,,,,,,,,,,,,,,,,,,,,,,,,,,,,,,,,,,,,,,,,,,,,,,,
,,703,846,747,1153,1434,1277,1352,1556,968,1419,804,1143,Mean Max RFU [Read 25:EM Spectrum],,,,,,,,,,,,,,,,,,,,,,,,,,,,,,,,,,,,,,,,,,,,,,,,,,,,,,,,,,,,,,,,,,,,,,,,,,,,,,,,,,,
,,709,829,765,1335,1610,1464,1549,1702,1306,1634,894,1032,Mean Max RFU [Read 26:EM Spectrum],,,,,,,,,,,,,,,,,,,,,,,,,,,,,,,,,,,,,,,,,,,,,,,,,,,,,,,,,,,,,,,,,,,,,,,,,,,,,,,,,,,
,,758,879,791,1583,1927,1667,1815,1932,1511,1800,840,935,Mean Max RFU [Read 27:EM Spectrum],,,,,,,,,,,,,,,,,,,,,,,,,,,,,,,,,,,,,,,,,,,,,,,,,,,,,,,,,,,,,,,,,,,,,,,,,,,,,,,,,,,
,,740,897,799,1753,2082,1955,2127,2121,1534,1878,783,853,Mean Max RFU [Read 28:EM Spectrum],,,,,,,,,,,,,,,,,,,,,,,,,,,,,,,,,,,,,,,,,,,,,,,,,,,,,,,,,,,,,,,,,,,,,,,,,,,,,,,,,,,
,,690,899,761,2093,2206,2266,2356,2242,1449,1891,717,813,Mean Max RFU [Read 29:EM Spectrum],,,,,,,,,,,,,,,,,,,,,,,,,,,,,,,,,,,,,,,,,,,,,,,,,,,,,,,,,,,,,,,,,,,,,,,,,,,,,,,,,,,
,,1165,894,741,2432,2151,2424,2551,2253,1268,1855,691,841,Mean Max RFU [Read 30:EM Spectrum],,,,,,,,,,,,,,,,,,,,,,,,,,,,,,,,,,,,,,,,,,,,,,,,,,,,,,,,,,,,,,,,,,,,,,,,,,,,,,,,,,,
,,1414,801,1180,2696,2104,2447,2424,2296,1253,1733,654,799,Mean Max RFU [Read 31:EM Spectrum],,,,,,,,,,,,,,,,,,,,,,,,,,,,,,,,,,,,,,,,,,,,,,,,,,,,,,,,,,,,,,,,,,,,,,,,,,,,,,,,,,,
,,1654,1215,1440,2754,2011,2460,2391,2218,1149,1622,648,810,Mean Max RFU [Read 32:EM Spectrum],,,,,,,,,,,,,,,,,,,,,,,,,,,,,,,,,,,,,,,,,,,,,,,,,,,,,,,,,,,,,,,,,,,,,,,,,,,,,,,,,,,
,,1901,1593,1566,2728,1897,2389,2217,2073,1064,1499,641,851,Mean Max RFU [Read 33:EM Spectrum],,,,,,,,,,,,,,,,,,,,,,,,,,,,,,,,,,,,,,,,,,,,,,,,,,,,,,,,,,,,,,,,,,,,,,,,,,,,,,,,,,,
,,2243,1846,1808,2633,1773,2249,2183,1968,1042,1427,622,863,Mean Max RFU [Read 34:EM Spectrum],,,,,,,,,,,,,,,,,,,,,,,,,,,,,,,,,,,,,,,,,,,,,,,,,,,,,,,,,,,,,,,,,,,,,,,,,,,,,,,,,,,
,,2519,2293,2129,2505,1700,2078,1956,1850,1009,1174,611,922,Mean Max RFU [Read 35:EM Spectrum],,,,,,,,,,,,,,,,,,,,,,,,,,,,,,,,,,,,,,,,,,,,,,,,,,,,,,,,,,,,,,,,,,,,,,,,,,,,,,,,,,,
,,2568,2688,2394,2322,1429,1830,1695,1527,968,1107,632,964,Mean Max RFU [Read 36:EM Spectrum],,,,,,,,,,,,,,,,,,,,,,,,,,,,,,,,,,,,,,,,,,,,,,,,,,,,,,,,,,,,,,,,,,,,,,,,,,,,,,,,,,,
,,2512,3059,2690,2082,1249,1537,1487,1331,1006,1241,671,1013,Mean Max RFU [Read 37:EM Spectrum],,,,,,,,,,,,,,,,,,,,,,,,,,,,,,,,,,,,,,,,,,,,,,,,,,,,,,,,,,,,,,,,,,,,,,,,,,,,,,,,,,,
,,2366,2965,2661,1787,1321,1570,1573,1449,1037,1293,662,1134,Mean Max RFU [Read 38:EM Spectrum],,,,,,,,,,,,,,,,,,,,,,,,,,,,,,,,,,,,,,,,,,,,,,,,,,,,,,,,,,,,,,,,,,,,,,,,,,,,,,,,,,,
,,2265,2712,2659,1736,1418,1708,1773,1545,1099,1361,698,1193,Mean Max RFU [Read 39:EM Spectrum],,,,,,,,,,,,,,,,,,,,,,,,,,,,,,,,,,,,,,,,,,,,,,,,,,,,,,,,,,,,,,,,,,,,,,,,,,,,,,,,,,,
,,2136,2379,2503,1812,1480,1903,1833,1590,1140,1347,743,1249,Mean Max RFU [Read 40:EM Spectrum],,,,,,,,,,,,,,,,,,,,,,,,,,,,,,,,,,,,,,,,,,,,,,,,,,,,,,,,,,,,,,,,,,,,,,,,,,,,,,,,,,,
,,1837,2181,2387,1932,1472,1828,1915,1591,1183,1375,816,1377,Mean Max RFU [Read 41:EM Spectrum],,,,,,,,,,,,,,,,,,,,,,,,,,,,,,,,,,,,,,,,,,,,,,,,,,,,,,,,,,,,,,,,,,,,,,,,,,,,,,,,,,,
,,1669,2125,2242,1895,1498,1804,1851,1553,1267,1346,844,1503,Mean Max RFU [Read 42:EM Spectrum],,,,,,,,,,,,,,,,,,,,,,,,,,,,,,,,,,,,,,,,,,,,,,,,,,,,,,,,,,,,,,,,,,,,,,,,,,,,,,,,,,,
,,1763,1963,1871,1845,1500,1832,1852,1611,1305,1395,943,1547,Mean Max RFU [Read 43:EM Spectrum],,,,,,,,,,,,,,,,,,,,,,,,,,,,,,,,,,,,,,,,,,,,,,,,,,,,,,,,,,,,,,,,,,,,,,,,,,,,,,,,,,,
,,1752,1904,1672,1827,1543,1894,1825,1566,1365,1398,1018,1630,Mean Max RFU [Read 44:EM Spectrum],,,,,,,,,,,,,,,,,,,,,,,,,,,,,,,,,,,,,,,,,,,,,,,,,,,,,,,,,,,,,,,,,,,,,,,,,,,,,,,,,,,
,,1821,1786,1786,1803,1559,1793,1827,1580,1421,1446,1110,1647,Mean Max RFU [Read 45:EM Spectrum],,,,,,,,,,,,,,,,,,,,,,,,,,,,,,,,,,,,,,,,,,,,,,,,,,,,,,,,,,,,,,,,,,,,,,,,,,,,,,,,,,,
,,1747,1829,1902,1736,1603,1823,1861,1571,1528,1515,1241,1700,Mean Max RFU [Read 46:EM Spectrum],,,,,,,,,,,,,,,,,,,,,,,,,,,,,,,,,,,,,,,,,,,,,,,,,,,,,,,,,,,,,,,,,,,,,,,,,,,,,,,,,,,
,,1686,1855,1948,1750,1581,1808,1877,1627,1542,1431,1337,1741,Mean Max RFU [Read 47:EM Spectrum],,,,,,,,,,,,,,,,,,,,,,,,,,,,,,,,,,,,,,,,,,,,,,,,,,,,,,,,,,,,,,,,,,,,,,,,,,,,,,,,,,,
,,1639,1800,1872,1752,1610,1808,1879,1628,1635,1512,1427,1832,Mean Max RFU [Read 48:EM Spectrum],,,,,,,,,,,,,,,,,,,,,,,,,,,,,,,,,,,,,,,,,,,,,,,,,,,,,,,,,,,,,,,,,,,,,,,,,,,,,,,,,,,
,,1666,1781,1828,1717,1662,1830,1899,1623,1739,1496,1540,1936,Mean Max RFU [Read 49:EM Spectrum],,,,,,,,,,,,,,,,,,,,,,,,,,,,,,,,,,,,,,,,,,,,,,,,,,,,,,,,,,,,,,,,,,,,,,,,,,,,,,,,,,,
,,1614,1709,1783,1769,1634,1896,1939,1640,1798,1554,1620,1822,Mean Max RFU [Read 50:EM Spectrum],,,,,,,,,,,,,,,,,,,,,,,,,,,,,,,,,,,,,,,,,,,,,,,,,,,,,,,,,,,,,,,,,,,,,,,,,,,,,,,,,,,
,D,261,262,223,226,200,213,183,177,156,140,155,145,Mean Max RFU [Read 1:EM Spectrum],,,,,,,,,,,,,,,,,,,,,,,,,,,,,,,,,,,,,,,,,,,,,,,,,,,,,,,,,,,,,,,,,,,,,,,,,,,,,,,,,,,
,,281,270,231,246,205,213,192,178,159,138,151,142,Mean Max RFU [Read 2:EM Spectrum],,,,,,,,,,,,,,,,,,,,,,,,,,,,,,,,,,,,,,,,,,,,,,,,,,,,,,,,,,,,,,,,,,,,,,,,,,,,,,,,,,,
,,304,284,243,248,216,219,195,183,164,149,160,137,Mean Max RFU [Read 3:EM Spectrum],,,,,,,,,,,,,,,,,,,,,,,,,,,,,,,,,,,,,,,,,,,,,,,,,,,,,,,,,,,,,,,,,,,,,,,,,,,,,,,,,,,
,,307,297,252,277,214,235,203,197,173,156,161,151,Mean Max RFU [Read 4:EM Spectrum],,,,,,,,,,,,,,,,,,,,,,,,,,,,,,,,,,,,,,,,,,,,,,,,,,,,,,,,,,,,,,,,,,,,,,,,,,,,,,,,,,,
,,348,333,272,293,235,253,218,208,181,158,169,158,Mean Max RFU [Read 5:EM Spectrum],,,,,,,,,,,,,,,,,,,,,,,,,,,,,,,,,,,,,,,,,,,,,,,,,,,,,,,,,,,,,,,,,,,,,,,,,,,,,,,,,,,
,,376,364,293,324,255,271,239,221,194,177,186,180,Mean Max RFU [Read 6:EM Spectrum],,,,,,,,,,,,,,,,,,,,,,,,,,,,,,,,,,,,,,,,,,,,,,,,,,,,,,,,,,,,,,,,,,,,,,,,,,,,,,,,,,,
,,411,395,330,344,294,308,256,244,212,201,218,204,Mean Max RFU [Read 7:EM Spectrum],,,,,,,,,,,,,,,,,,,,,,,,,,,,,,,,,,,,,,,,,,,,,,,,,,,,,,,,,,,,,,,,,,,,,,,,,,,,,,,,,,,
,,460,436,383,389,311,334,292,282,246,226,243,235,Mean Max RFU [Read 8:EM Spectrum],,,,,,,,,,,,,,,,,,,,,,,,,,,,,,,,,,,,,,,,,,,,,,,,,,,,,,,,,,,,,,,,,,,,,,,,,,,,,,,,,,,
,,498,492,409,440,350,384,323,313,288,253,281,286,Mean Max RFU [Read 9:EM Spectrum],,,,,,,,,,,,,,,,,,,,,,,,,,,,,,,,,,,,,,,,,,,,,,,,,,,,,,,,,,,,,,,,,,,,,,,,,,,,,,,,,,,
,,553,535,459,478,394,416,388,348,321,303,323,311,Mean Max RFU [Read 10:EM Spectrum],,,,,,,,,,,,,,,,,,,,,,,,,,,,,,,,,,,,,,,,,,,,,,,,,,,,,,,,,,,,,,,,,,,,,,,,,,,,,,,,,,,
,,611,605,532,534,435,452,411,399,353,344,361,340,Mean Max RFU [Read 11:EM Spectrum],,,,,,,,,,,,,,,,,,,,,,,,,,,,,,,,,,,,,,,,,,,,,,,,,,,,,,,,,,,,,,,,,,,,,,,,,,,,,,,,,,,
,,676,642,606,575,477,498,469,442,404,370,399,382,Mean Max RFU [Read 12:EM Spectrum],,,,,,,,,,,,,,,,,,,,,,,,,,,,,,,,,,,,,,,,,,,,,,,,,,,,,,,,,,,,,,,,,,,,,,,,,,,,,,,,,,,
,,697,674,620,625,518,554,487,472,444,433,446,429,Mean Max RFU [Read 13:EM Spectrum],,,,,,,,,,,,,,,,,,,,,,,,,,,,,,,,,,,,,,,,,,,,,,,,,,,,,,,,,,,,,,,,,,,,,,,,,,,,,,,,,,,
,,743,714,660,647,546,593,528,517,464,440,457,456,Mean Max RFU [Read 14:EM Spectrum],,,,,,,,,,,,,,,,,,,,,,,,,,,,,,,,,,,,,,,,,,,,,,,,,,,,,,,,,,,,,,,,,,,,,,,,,,,,,,,,,,,
,,780,749,678,698,576,647,553,538,501,472,499,471,Mean Max RFU [Read 15:EM Spectrum],,,,,,,,,,,,,,,,,,,,,,,,,,,,,,,,,,,,,,,,,,,,,,,,,,,,,,,,,,,,,,,,,,,,,,,,,,,,,,,,,,,
,,799,774,711,715,604,643,597,574,509,501,522,506,Mean Max RFU [Read 16:EM Spectrum],,,,,,,,,,,,,,,,,,,,,,,,,,,,,,,,,,,,,,,,,,,,,,,,,,,,,,,,,,,,,,,,,,,,,,,,,,,,,,,,,,,
,,790,779,716,719,589,640,610,576,504,518,523,516,Mean Max RFU [Read 17:EM Spectrum],,,,,,,,,,,,,,,,,,,,,,,,,,,,,,,,,,,,,,,,,,,,,,,,,,,,,,,,,,,,,,,,,,,,,,,,,,,,,,,,,,,
,,793,753,732,718,588,662,604,594,511,522,521,514,Mean Max RFU [Read 18:EM Spectrum],,,,,,,,,,,,,,,,,,,,,,,,,,,,,,,,,,,,,,,,,,,,,,,,,,,,,,,,,,,,,,,,,,,,,,,,,,,,,,,,,,,
,,773,756,718,699,563,618,597,580,494,506,505,503,Mean Max RFU [Read 19:EM Spectrum],,,,,,,,,,,,,,,,,,,,,,,,,,,,,,,,,,,,,,,,,,,,,,,,,,,,,,,,,,,,,,,,,,,,,,,,,,,,,,,,,,,
,,766,746,695,689,558,612,566,560,502,493,513,495,Mean Max RFU [Read 20:EM Spectrum],,,,,,,,,,,,,,,,,,,,,,,,,,,,,,,,,,,,,,,,,,,,,,,,,,,,,,,,,,,,,,,,,,,,,,,,,,,,,,,,,,,
,,770,725,704,678,545,583,571,563,508,487,515,518,Mean Max RFU [Read 21:EM Spectrum],,,,,,,,,,,,,,,,,,,,,,,,,,,,,,,,,,,,,,,,,,,,,,,,,,,,,,,,,,,,,,,,,,,,,,,,,,,,,,,,,,,
,,601,571,688,672,524,570,564,559,490,505,507,476,Mean Max RFU [Read 22:EM Spectrum],,,,,,,,,,,,,,,,,,,,,,,,,,,,,,,,,,,,,,,,,,,,,,,,,,,,,,,,,,,,,,,,,,,,,,,,,,,,,,,,,,,
,,472,442,514,528,382,425,514,527,404,463,425,360,Mean Max RFU [Read 23:EM Spectrum],,,,,,,,,,,,,,,,,,,,,,,,,,,,,,,,,,,,,,,,,,,,,,,,,,,,,,,,,,,,,,,,,,,,,,,,,,,,,,,,,,,
,,469,435,417,401,321,338,403,404,335,361,330,297,Mean Max RFU [Read 24:EM Spectrum],,,,,,,,,,,,,,,,,,,,,,,,,,,,,,,,,,,,,,,,,,,,,,,,,,,,,,,,,,,,,,,,,,,,,,,,,,,,,,,,,,,
,,744,577,429,392,356,324,307,323,330,295,324,313,Mean Max RFU [Read 25:EM Spectrum],,,,,,,,,,,,,,,,,,,,,,,,,,,,,,,,,,,,,,,,,,,,,,,,,,,,,,,,,,,,,,,,,,,,,,,,,,,,,,,,,,,
,,904,803,491,479,399,383,328,323,359,307,349,338,Mean Max RFU [Read 26:EM Spectrum],,,,,,,,,,,,,,,,,,,,,,,,,,,,,,,,,,,,,,,,,,,,,,,,,,,,,,,,,,,,,,,,,,,,,,,,,,,,,,,,,,,
,,866,823,608,548,425,441,365,357,367,324,365,338,Mean Max RFU [Read 27:EM Spectrum],,,,,,,,,,,,,,,,,,,,,,,,,,,,,,,,,,,,,,,,,,,,,,,,,,,,,,,,,,,,,,,,,,,,,,,,,,,,,,,,,,,
,,800,762,682,648,457,516,405,384,373,329,372,334,Mean Max RFU [Read 28:EM Spectrum],,,,,,,,,,,,,,,,,,,,,,,,,,,,,,,,,,,,,,,,,,,,,,,,,,,,,,,,,,,,,,,,,,,,,,,,,,,,,,,,,,,
,,759,721,627,628,455,516,423,386,371,333,350,326,Mean Max RFU [Read 29:EM Spectrum],,,,,,,,,,,,,,,,,,,,,,,,,,,,,,,,,,,,,,,,,,,,,,,,,,,,,,,,,,,,,,,,,,,,,,,,,,,,,,,,,,,
,,704,644,602,608,460,486,412,396,342,325,341,308,Mean Max RFU [Read 30:EM Spectrum],,,,,,,,,,,,,,,,,,,,,,,,,,,,,,,,,,,,,,,,,,,,,,,,,,,,,,,,,,,,,,,,,,,,,,,,,,,,,,,,,,,
,,665,622,557,568,437,469,394,370,345,317,331,293,Mean Max RFU [Read 31:EM Spectrum],,,,,,,,,,,,,,,,,,,,,,,,,,,,,,,,,,,,,,,,,,,,,,,,,,,,,,,,,,,,,,,,,,,,,,,,,,,,,,,,,,,
,,672,603,533,541,408,441,390,357,320,291,320,284,Mean Max RFU [Read 32:EM Spectrum],,,,,,,,,,,,,,,,,,,,,,,,,,,,,,,,,,,,,,,,,,,,,,,,,,,,,,,,,,,,,,,,,,,,,,,,,,,,,,,,,,,
,,630,582,505,520,395,423,373,342,309,285,304,279,Mean Max RFU [Read 33:EM Spectrum],,,,,,,,,,,,,,,,,,,,,,,,,,,,,,,,,,,,,,,,,,,,,,,,,,,,,,,,,,,,,,,,,,,,,,,,,,,,,,,,,,,
,,625,587,488,507,390,409,363,354,308,274,293,274,Mean Max RFU [Read 34:EM Spectrum],,,,,,,,,,,,,,,,,,,,,,,,,,,,,,,,,,,,,,,,,,,,,,,,,,,,,,,,,,,,,,,,,,,,,,,,,,,,,,,,,,,
,,622,561,481,477,374,393,346,324,313,282,290,281,Mean Max RFU [Read 35:EM Spectrum],,,,,,,,,,,,,,,,,,,,,,,,,,,,,,,,,,,,,,,,,,,,,,,,,,,,,,,,,,,,,,,,,,,,,,,,,,,,,,,,,,,
,,660,555,450,448,367,369,338,322,313,292,286,283,Mean Max RFU [Read 36:EM Spectrum],,,,,,,,,,,,,,,,,,,,,,,,,,,,,,,,,,,,,,,,,,,,,,,,,,,,,,,,,,,,,,,,,,,,,,,,,,,,,,,,,,,
,,638,554,434,436,348,391,339,312,297,282,299,306,Mean Max RFU [Read 37:EM Spectrum],,,,,,,,,,,,,,,,,,,,,,,,,,,,,,,,,,,,,,,,,,,,,,,,,,,,,,,,,,,,,,,,,,,,,,,,,,,,,,,,,,,
,,654,581,455,440,354,366,324,319,311,290,303,328,Mean Max RFU [Read 38:EM Spectrum],,,,,,,,,,,,,,,,,,,,,,,,,,,,,,,,,,,,,,,,,,,,,,,,,,,,,,,,,,,,,,,,,,,,,,,,,,,,,,,,,,,
,,680,555,439,439,357,383,323,330,330,309,304,349,Mean Max RFU [Read 39:EM Spectrum],,,,,,,,,,,,,,,,,,,,,,,,,,,,,,,,,,,,,,,,,,,,,,,,,,,,,,,,,,,,,,,,,,,,,,,,,,,,,,,,,,,
,,712,567,433,458,361,366,343,345,344,346,338,399,Mean Max RFU [Read 40:EM Spectrum],,,,,,,,,,,,,,,,,,,,,,,,,,,,,,,,,,,,,,,,,,,,,,,,,,,,,,,,,,,,,,,,,,,,,,,,,,,,,,,,,,,
,,774,586,447,475,379,390,349,342,362,369,351,438,Mean Max RFU [Read 41:EM Spectrum],,,,,,,,,,,,,,,,,,,,,,,,,,,,,,,,,,,,,,,,,,,,,,,,,,,,,,,,,,,,,,,,,,,,,,,,,,,,,,,,,,,
,,848,616,462,486,392,391,358,372,386,389,390,492,Mean Max RFU [Read 42:EM Spectrum],,,,,,,,,,,,,,,,,,,,,,,,,,,,,,,,,,,,,,,,,,,,,,,,,,,,,,,,,,,,,,,,,,,,,,,,,,,,,,,,,,,
,,967,659,501,494,429,407,391,388,428,435,431,578,Mean Max RFU [Read 43:EM Spectrum],,,,,,,,,,,,,,,,,,,,,,,,,,,,,,,,,,,,,,,,,,,,,,,,,,,,,,,,,,,,,,,,,,,,,,,,,,,,,,,,,,,
,,1052,692,486,523,436,433,412,425,479,484,473,670,Mean Max RFU [Read 44:EM Spectrum],,,,,,,,,,,,,,,,,,,,,,,,,,,,,,,,,,,,,,,,,,,,,,,,,,,,,,,,,,,,,,,,,,,,,,,,,,,,,,,,,,,
,,1116,784,531,540,476,464,434,460,540,560,525,773,Mean Max RFU [Read 45:EM Spectrum],,,,,,,,,,,,,,,,,,,,,,,,,,,,,,,,,,,,,,,,,,,,,,,,,,,,,,,,,,,,,,,,,,,,,,,,,,,,,,,,,,,
,,1222,854,599,590,513,500,472,530,581,605,593,934,Mean Max RFU [Read 46:EM Spectrum],,,,,,,,,,,,,,,,,,,,,,,,,,,,,,,,,,,,,,,,,,,,,,,,,,,,,,,,,,,,,,,,,,,,,,,,,,,,,,,,,,,
,,1329,918,643,661,578,546,544,567,660,716,703,1093,Mean Max RFU [Read 47:EM Spectrum],,,,,,,,,,,,,,,,,,,,,,,,,,,,,,,,,,,,,,,,,,,,,,,,,,,,,,,,,,,,,,,,,,,,,,,,,,,,,,,,,,,
,,1471,1036,695,724,650,600,603,662,803,863,828,1252,Mean Max RFU [Read 48:EM Spectrum],,,,,,,,,,,,,,,,,,,,,,,,,,,,,,,,,,,,,,,,,,,,,,,,,,,,,,,,,,,,,,,,,,,,,,,,,,,,,,,,,,,
,,1540,1104,745,799,705,653,688,754,880,990,1023,1328,Mean Max RFU [Read 49:EM Spectrum],,,,,,,,,,,,,,,,,,,,,,,,,,,,,,,,,,,,,,,,,,,,,,,,,,,,,,,,,,,,,,,,,,,,,,,,,,,,,,,,,,,
,,1587,1243,834,859,803,735,765,837,1024,1147,1178,1424,Mean Max RFU [Read 50:EM Spectrum],,,,,,,,,,,,,,,,,,,,,,,,,,,,,,,,,,,,,,,,,,,,,,,,,,,,,,,,,,,,,,,,,,,,,,,,,,,,,,,,,,,
,E,62,84,81,74,66,73,60,53,51,37,33,36,Mean Max RFU [Read 1:EM Spectrum],,,,,,,,,,,,,,,,,,,,,,,,,,,,,,,,,,,,,,,,,,,,,,,,,,,,,,,,,,,,,,,,,,,,,,,,,,,,,,,,,,,
,,59,84,79,73,71,64,58,53,42,41,32,37,Mean Max RFU [Read 2:EM Spectrum],,,,,,,,,,,,,,,,,,,,,,,,,,,,,,,,,,,,,,,,,,,,,,,,,,,,,,,,,,,,,,,,,,,,,,,,,,,,,,,,,,,
,,53,78,76,78,79,68,56,53,46,35,33,35,Mean Max RFU [Read 3:EM Spectrum],,,,,,,,,,,,,,,,,,,,,,,,,,,,,,,,,,,,,,,,,,,,,,,,,,,,,,,,,,,,,,,,,,,,,,,,,,,,,,,,,,,
,,63,82,86,75,74,70,57,54,43,36,31,37,Mean Max RFU [Read 4:EM Spectrum],,,,,,,,,,,,,,,,,,,,,,,,,,,,,,,,,,,,,,,,,,,,,,,,,,,,,,,,,,,,,,,,,,,,,,,,,,,,,,,,,,,
,,61,89,82,81,75,66,58,54,44,40,39,38,Mean Max RFU [Read 5:EM Spectrum],,,,,,,,,,,,,,,,,,,,,,,,,,,,,,,,,,,,,,,,,,,,,,,,,,,,,,,,,,,,,,,,,,,,,,,,,,,,,,,,,,,
,,66,92,84,81,76,76,64,57,44,38,35,43,Mean Max RFU [Read 6:EM Spectrum],,,,,,,,,,,,,,,,,,,,,,,,,,,,,,,,,,,,,,,,,,,,,,,,,,,,,,,,,,,,,,,,,,,,,,,,,,,,,,,,,,,
,,65,102,97,92,81,78,68,61,46,44,41,43,Mean Max RFU [Read 7:EM Spectrum],,,,,,,,,,,,,,,,,,,,,,,,,,,,,,,,,,,,,,,,,,,,,,,,,,,,,,,,,,,,,,,,,,,,,,,,,,,,,,,,,,,
,,75,116,107,100,89,84,74,66,52,47,42,48,Mean Max RFU [Read 8:EM Spectrum],,,,,,,,,,,,,,,,,,,,,,,,,,,,,,,,,,,,,,,,,,,,,,,,,,,,,,,,,,,,,,,,,,,,,,,,,,,,,,,,,,,
,,88,122,112,110,100,99,81,72,57,56,51,57,Mean Max RFU [Read 9:EM Spectrum],,,,,,,,,,,,,,,,,,,,,,,,,,,,,,,,,,,,,,,,,,,,,,,,,,,,,,,,,,,,,,,,,,,,,,,,,,,,,,,,,,,
,,94,141,132,131,109,110,93,81,60,63,60,69,Mean Max RFU [Read 10:EM Spectrum],,,,,,,,,,,,,,,,,,,,,,,,,,,,,,,,,,,,,,,,,,,,,,,,,,,,,,,,,,,,,,,,,,,,,,,,,,,,,,,,,,,
,,111,157,147,138,128,121,101,92,71,68,66,79,Mean Max RFU [Read 11:EM Spectrum],,,,,,,,,,,,,,,,,,,,,,,,,,,,,,,,,,,,,,,,,,,,,,,,,,,,,,,,,,,,,,,,,,,,,,,,,,,,,,,,,,,
,,131,182,176,162,140,136,112,114,92,81,76,83,Mean Max RFU [Read 12:EM Spectrum],,,,,,,,,,,,,,,,,,,,,,,,,,,,,,,,,,,,,,,,,,,,,,,,,,,,,,,,,,,,,,,,,,,,,,,,,,,,,,,,,,,
,,137,215,190,181,160,150,130,123,96,99,89,105,Mean Max RFU [Read 13:EM Spectrum],,,,,,,,,,,,,,,,,,,,,,,,,,,,,,,,,,,,,,,,,,,,,,,,,,,,,,,,,,,,,,,,,,,,,,,,,,,,,,,,,,,
,,166,233,208,198,178,177,151,135,114,109,99,116,Mean Max RFU [Read 14:EM Spectrum],,,,,,,,,,,,,,,,,,,,,,,,,,,,,,,,,,,,,,,,,,,,,,,,,,,,,,,,,,,,,,,,,,,,,,,,,,,,,,,,,,,
,,180,254,229,216,201,187,174,156,128,127,112,130,Mean Max RFU [Read 15:EM Spectrum],,,,,,,,,,,,,,,,,,,,,,,,,,,,,,,,,,,,,,,,,,,,,,,,,,,,,,,,,,,,,,,,,,,,,,,,,,,,,,,,,,,
,,198,286,259,246,215,208,187,167,136,138,120,147,Mean Max RFU [Read 16:EM Spectrum],,,,,,,,,,,,,,,,,,,,,,,,,,,,,,,,,,,,,,,,,,,,,,,,,,,,,,,,,,,,,,,,,,,,,,,,,,,,,,,,,,,
,,211,293,269,256,228,229,201,191,144,153,124,151,Mean Max RFU [Read 17:EM Spectrum],,,,,,,,,,,,,,,,,,,,,,,,,,,,,,,,,,,,,,,,,,,,,,,,,,,,,,,,,,,,,,,,,,,,,,,,,,,,,,,,,,,
,,230,312,282,271,245,238,213,199,155,162,148,168,Mean Max RFU [Read 18:EM Spectrum],,,,,,,,,,,,,,,,,,,,,,,,,,,,,,,,,,,,,,,,,,,,,,,,,,,,,,,,,,,,,,,,,,,,,,,,,,,,,,,,,,,
,,255,339,298,291,265,255,236,220,173,177,157,173,Mean Max RFU [Read 19:EM Spectrum],,,,,,,,,,,,,,,,,,,,,,,,,,,,,,,,,,,,,,,,,,,,,,,,,,,,,,,,,,,,,,,,,,,,,,,,,,,,,,,,,,,
,,250,345,316,315,279,266,235,226,177,193,165,189,Mean Max RFU [Read 20:EM Spectrum],,,,,,,,,,,,,,,,,,,,,,,,,,,,,,,,,,,,,,,,,,,,,,,,,,,,,,,,,,,,,,,,,,,,,,,,,,,,,,,,,,,
,,270,373,333,323,285,279,251,235,190,196,176,196,Mean Max RFU [Read 21:EM Spectrum],,,,,,,,,,,,,,,,,,,,,,,,,,,,,,,,,,,,,,,,,,,,,,,,,,,,,,,,,,,,,,,,,,,,,,,,,,,,,,,,,,,
,,271,375,349,337,299,281,259,246,198,201,176,206,Mean Max RFU [Read 22:EM Spectrum],,,,,,,,,,,,,,,,,,,,,,,,,,,,,,,,,,,,,,,,,,,,,,,,,,,,,,,,,,,,,,,,,,,,,,,,,,,,,,,,,,,
,,298,368,337,324,300,294,271,255,204,207,185,198,Mean Max RFU [Read 23:EM Spectrum],,,,,,,,,,,,,,,,,,,,,,,,,,,,,,,,,,,,,,,,,,,,,,,,,,,,,,,,,,,,,,,,,,,,,,,,,,,,,,,,,,,
,,295,367,351,333,313,293,266,263,207,214,192,206,Mean Max RFU [Read 24:EM Spectrum],,,,,,,,,,,,,,,,,,,,,,,,,,,,,,,,,,,,,,,,,,,,,,,,,,,,,,,,,,,,,,,,,,,,,,,,,,,,,,,,,,,
,,290,372,325,326,315,289,264,260,213,216,208,223,Mean Max RFU [Read 25:EM Spectrum],,,,,,,,,,,,,,,,,,,,,,,,,,,,,,,,,,,,,,,,,,,,,,,,,,,,,,,,,,,,,,,,,,,,,,,,,,,,,,,,,,,
,,277,361,343,331,321,283,276,266,219,212,196,210,Mean Max RFU [Read 26:EM Spectrum],,,,,,,,,,,,,,,,,,,,,,,,,,,,,,,,,,,,,,,,,,,,,,,,,,,,,,,,,,,,,,,,,,,,,,,,,,,,,,,,,,,
,,274,359,319,328,312,293,273,272,221,223,197,219,Mean Max RFU [Read 27:EM Spectrum],,,,,,,,,,,,,,,,,,,,,,,,,,,,,,,,,,,,,,,,,,,,,,,,,,,,,,,,,,,,,,,,,,,,,,,,,,,,,,,,,,,
,,280,340,314,326,300,284,268,261,221,223,202,216,Mean Max RFU [Read 28:EM Spectrum],,,,,,,,,,,,,,,,,,,,,,,,,,,,,,,,,,,,,,,,,,,,,,,,,,,,,,,,,,,,,,,,,,,,,,,,,,,,,,,,,,,
,,265,325,307,323,294,280,263,259,234,223,197,208,Mean Max RFU [Read 29:EM Spectrum],,,,,,,,,,,,,,,,,,,,,,,,,,,,,,,,,,,,,,,,,,,,,,,,,,,,,,,,,,,,,,,,,,,,,,,,,,,,,,,,,,,
,,258,324,289,319,286,275,261,247,223,221,208,203,Mean Max RFU [Read 30:EM Spectrum],,,,,,,,,,,,,,,,,,,,,,,,,,,,,,,,,,,,,,,,,,,,,,,,,,,,,,,,,,,,,,,,,,,,,,,,,,,,,,,,,,,
,,263,327,284,298,280,267,247,257,221,211,209,209,Mean Max RFU [Read 31:EM Spectrum],,,,,,,,,,,,,,,,,,,,,,,,,,,,,,,,,,,,,,,,,,,,,,,,,,,,,,,,,,,,,,,,,,,,,,,,,,,,,,,,,,,
,,250,292,257,287,273,259,242,241,225,216,210,224,Mean Max RFU [Read 32:EM Spectrum],,,,,,,,,,,,,,,,,,,,,,,,,,,,,,,,,,,,,,,,,,,,,,,,,,,,,,,,,,,,,,,,,,,,,,,,,,,,,,,,,,,
,,254,269,233,264,266,240,238,259,223,223,215,262,Mean Max RFU [Read 33:EM Spectrum],,,,,,,,,,,,,,,,,,,,,,,,,,,,,,,,,,,,,,,,,,,,,,,,,,,,,,,,,,,,,,,,,,,,,,,,,,,,,,,,,,,
,,224,232,202,234,246,225,241,256,234,239,235,250,Mean Max RFU [Read 34:EM Spectrum],,,,,,,,,,,,,,,,,,,,,,,,,,,,,,,,,,,,,,,,,,,,,,,,,,,,,,,,,,,,,,,,,,,,,,,,,,,,,,,,,,,
,,201,231,175,195,213,205,232,265,243,257,264,231,Mean Max RFU [Read 35:EM Spectrum],,,,,,,,,,,,,,,,,,,,,,,,,,,,,,,,,,,,,,,,,,,,,,,,,,,,,,,,,,,,,,,,,,,,,,,,,,,,,,,,,,,
,,189,228,166,189,198,185,207,244,267,252,246,216,Mean Max RFU [Read 36:EM Spectrum],,,,,,,,,,,,,,,,,,,,,,,,,,,,,,,,,,,,,,,,,,,,,,,,,,,,,,,,,,,,,,,,,,,,,,,,,,,,,,,,,,,
,,175,229,153,167,195,174,197,227,254,225,242,219,Mean Max RFU [Read 37:EM Spectrum],,,,,,,,,,,,,,,,,,,,,,,,,,,,,,,,,,,,,,,,,,,,,,,,,,,,,,,,,,,,,,,,,,,,,,,,,,,,,,,,,,,
,,170,228,146,172,178,164,181,208,243,225,235,218,Mean Max RFU [Read 38:EM Spectrum],,,,,,,,,,,,,,,,,,,,,,,,,,,,,,,,,,,,,,,,,,,,,,,,,,,,,,,,,,,,,,,,,,,,,,,,,,,,,,,,,,,
,,159,228,152,167,162,162,172,205,232,228,241,214,Mean Max RFU [Read 39:EM Spectrum],,,,,,,,,,,,,,,,,,,,,,,,,,,,,,,,,,,,,,,,,,,,,,,,,,,,,,,,,,,,,,,,,,,,,,,,,,,,,,,,,,,
,,155,225,136,165,158,147,165,202,233,225,261,216,Mean Max RFU [Read 40:EM Spectrum],,,,,,,,,,,,,,,,,,,,,,,,,,,,,,,,,,,,,,,,,,,,,,,,,,,,,,,,,,,,,,,,,,,,,,,,,,,,,,,,,,,
,,159,226,137,164,164,151,166,187,223,234,245,229,Mean Max RFU [Read 41:EM Spectrum],,,,,,,,,,,,,,,,,,,,,,,,,,,,,,,,,,,,,,,,,,,,,,,,,,,,,,,,,,,,,,,,,,,,,,,,,,,,,,,,,,,
,,160,229,139,167,166,144,168,194,224,232,258,241,Mean Max RFU [Read 42:EM Spectrum],,,,,,,,,,,,,,,,,,,,,,,,,,,,,,,,,,,,,,,,,,,,,,,,,,,,,,,,,,,,,,,,,,,,,,,,,,,,,,,,,,,
,,166,239,144,170,172,147,173,189,229,239,270,251,Mean Max RFU [Read 43:EM Spectrum],,,,,,,,,,,,,,,,,,,,,,,,,,,,,,,,,,,,,,,,,,,,,,,,,,,,,,,,,,,,,,,,,,,,,,,,,,,,,,,,,,,
,,171,238,152,175,170,149,166,197,241,265,264,261,Mean Max RFU [Read 44:EM Spectrum],,,,,,,,,,,,,,,,,,,,,,,,,,,,,,,,,,,,,,,,,,,,,,,,,,,,,,,,,,,,,,,,,,,,,,,,,,,,,,,,,,,
,,190,244,163,177,178,163,173,208,239,259,270,264,Mean Max RFU [Read 45:EM Spectrum],,,,,,,,,,,,,,,,,,,,,,,,,,,,,,,,,,,,,,,,,,,,,,,,,,,,,,,,,,,,,,,,,,,,,,,,,,,,,,,,,,,
,,201,258,165,189,195,171,180,212,246,280,290,283,Mean Max RFU [Read 46:EM Spectrum],,,,,,,,,,,,,,,,,,,,,,,,,,,,,,,,,,,,,,,,,,,,,,,,,,,,,,,,,,,,,,,,,,,,,,,,,,,,,,,,,,,
,,219,258,177,194,188,172,192,220,256,276,301,308,Mean Max RFU [Read 47:EM Spectrum],,,,,,,,,,,,,,,,,,,,,,,,,,,,,,,,,,,,,,,,,,,,,,,,,,,,,,,,,,,,,,,,,,,,,,,,,,,,,,,,,,,
,,238,280,188,197,198,186,200,238,275,291,319,316,Mean Max RFU [Read 48:EM Spectrum],,,,,,,,,,,,,,,,,,,,,,,,,,,,,,,,,,,,,,,,,,,,,,,,,,,,,,,,,,,,,,,,,,,,,,,,,,,,,,,,,,,
,,269,306,201,210,212,204,216,254,290,318,336,358,Mean Max RFU [Read 49:EM Spectrum],,,,,,,,,,,,,,,,,,,,,,,,,,,,,,,,,,,,,,,,,,,,,,,,,,,,,,,,,,,,,,,,,,,,,,,,,,,,,,,,,,,
,,280,321,222,225,216,222,234,268,305,332,352,376,Mean Max RFU [Read 50:EM Spectrum],,,,,,,,,,,,,,,,,,,,,,,,,,,,,,,,,,,,,,,,,,,,,,,,,,,,,,,,,,,,,,,,,,,,,,,,,,,,,,,,,,,
,F,28,24,22,25,23,22,26,27,25,23,23,21,Mean Max RFU [Read 1:EM Spectrum],,,,,,,,,,,,,,,,,,,,,,,,,,,,,,,,,,,,,,,,,,,,,,,,,,,,,,,,,,,,,,,,,,,,,,,,,,,,,,,,,,,
,,30,22,24,21,24,31,25,23,21,22,24,23,Mean Max RFU [Read 2:EM Spectrum],,,,,,,,,,,,,,,,,,,,,,,,,,,,,,,,,,,,,,,,,,,,,,,,,,,,,,,,,,,,,,,,,,,,,,,,,,,,,,,,,,,
,,33,19,22,21,21,17,22,23,25,21,27,21,Mean Max RFU [Read 3:EM Spectrum],,,,,,,,,,,,,,,,,,,,,,,,,,,,,,,,,,,,,,,,,,,,,,,,,,,,,,,,,,,,,,,,,,,,,,,,,,,,,,,,,,,
,,36,20,18,29,18,23,26,30,21,23,22,26,Mean Max RFU [Read 4:EM Spectrum],,,,,,,,,,,,,,,,,,,,,,,,,,,,,,,,,,,,,,,,,,,,,,,,,,,,,,,,,,,,,,,,,,,,,,,,,,,,,,,,,,,
,,34,27,23,21,24,22,25,27,29,21,21,22,Mean Max RFU [Read 5:EM Spectrum],,,,,,,,,,,,,,,,,,,,,,,,,,,,,,,,,,,,,,,,,,,,,,,,,,,,,,,,,,,,,,,,,,,,,,,,,,,,,,,,,,,
,,37,26,22,19,27,23,21,19,24,27,23,24,Mean Max RFU [Read 6:EM Spectrum],,,,,,,,,,,,,,,,,,,,,,,,,,,,,,,,,,,,,,,,,,,,,,,,,,,,,,,,,,,,,,,,,,,,,,,,,,,,,,,,,,,
,,38,28,27,25,20,22,24,24,26,22,24,25,Mean Max RFU [Read 7:EM Spectrum],,,,,,,,,,,,,,,,,,,,,,,,,,,,,,,,,,,,,,,,,,,,,,,,,,,,,,,,,,,,,,,,,,,,,,,,,,,,,,,,,,,
,,47,26,30,28,27,21,30,23,19,25,27,25,Mean Max RFU [Read 8:EM Spectrum],,,,,,,,,,,,,,,,,,,,,,,,,,,,,,,,,,,,,,,,,,,,,,,,,,,,,,,,,,,,,,,,,,,,,,,,,,,,,,,,,,,
,,44,31,31,28,35,25,31,24,29,28,23,25,Mean Max RFU [Read 9:EM Spectrum],,,,,,,,,,,,,,,,,,,,,,,,,,,,,,,,,,,,,,,,,,,,,,,,,,,,,,,,,,,,,,,,,,,,,,,,,,,,,,,,,,,
,,52,35,37,36,36,28,26,24,31,28,22,21,Mean Max RFU [Read 10:EM Spectrum],,,,,,,,,,,,,,,,,,,,,,,,,,,,,,,,,,,,,,,,,,,,,,,,,,,,,,,,,,,,,,,,,,,,,,,,,,,,,,,,,,,
,,66,41,39,35,31,33,30,27,30,28,25,28,Mean Max RFU [Read 11:EM Spectrum],,,,,,,,,,,,,,,,,,,,,,,,,,,,,,,,,,,,,,,,,,,,,,,,,,,,,,,,,,,,,,,,,,,,,,,,,,,,,,,,,,,
,,69,43,40,44,41,36,31,28,27,26,27,28,Mean Max RFU [Read 12:EM Spectrum],,,,,,,,,,,,,,,,,,,,,,,,,,,,,,,,,,,,,,,,,,,,,,,,,,,,,,,,,,,,,,,,,,,,,,,,,,,,,,,,,,,
,,77,49,52,46,46,40,44,36,33,31,37,27,Mean Max RFU [Read 13:EM Spectrum],,,,,,,,,,,,,,,,,,,,,,,,,,,,,,,,,,,,,,,,,,,,,,,,,,,,,,,,,,,,,,,,,,,,,,,,,,,,,,,,,,,
,,91,62,54,54,50,45,48,38,36,34,36,36,Mean Max RFU [Read 14:EM Spectrum],,,,,,,,,,,,,,,,,,,,,,,,,,,,,,,,,,,,,,,,,,,,,,,,,,,,,,,,,,,,,,,,,,,,,,,,,,,,,,,,,,,
,,96,69,70,66,56,53,52,40,43,39,34,40,Mean Max RFU [Read 15:EM Spectrum],,,,,,,,,,,,,,,,,,,,,,,,,,,,,,,,,,,,,,,,,,,,,,,,,,,,,,,,,,,,,,,,,,,,,,,,,,,,,,,,,,,
,,107,73,73,69,57,54,52,49,43,45,43,42,Mean Max RFU [Read 16:EM Spectrum],,,,,,,,,,,,,,,,,,,,,,,,,,,,,,,,,,,,,,,,,,,,,,,,,,,,,,,,,,,,,,,,,,,,,,,,,,,,,,,,,,,
,,116,84,79,75,68,65,60,56,49,47,49,48,Mean Max RFU [Read 17:EM Spectrum],,,,,,,,,,,,,,,,,,,,,,,,,,,,,,,,,,,,,,,,,,,,,,,,,,,,,,,,,,,,,,,,,,,,,,,,,,,,,,,,,,,
,,131,92,89,86,77,68,69,61,57,57,53,52,Mean Max RFU [Read 18:EM Spectrum],,,,,,,,,,,,,,,,,,,,,,,,,,,,,,,,,,,,,,,,,,,,,,,,,,,,,,,,,,,,,,,,,,,,,,,,,,,,,,,,,,,
,,146,99,95,93,90,86,72,66,65,62,58,59,Mean Max RFU [Read 19:EM Spectrum],,,,,,,,,,,,,,,,,,,,,,,,,,,,,,,,,,,,,,,,,,,,,,,,,,,,,,,,,,,,,,,,,,,,,,,,,,,,,,,,,,,
,,159,101,103,103,95,87,76,72,70,66,70,62,Mean Max RFU [Read 20:EM Spectrum],,,,,,,,,,,,,,,,,,,,,,,,,,,,,,,,,,,,,,,,,,,,,,,,,,,,,,,,,,,,,,,,,,,,,,,,,,,,,,,,,,,
,,161,114,108,117,94,91,83,77,75,73,75,70,Mean Max RFU [Read 21:EM Spectrum],,,,,,,,,,,,,,,,,,,,,,,,,,,,,,,,,,,,,,,,,,,,,,,,,,,,,,,,,,,,,,,,,,,,,,,,,,,,,,,,,,,
,,163,132,120,126,106,106,99,86,88,78,76,76,Mean Max RFU [Read 22:EM Spectrum],,,,,,,,,,,,,,,,,,,,,,,,,,,,,,,,,,,,,,,,,,,,,,,,,,,,,,,,,,,,,,,,,,,,,,,,,,,,,,,,,,,
,,173,134,127,128,123,108,102,103,86,84,86,77,Mean Max RFU [Read 23:EM Spectrum],,,,,,,,,,,,,,,,,,,,,,,,,,,,,,,,,,,,,,,,,,,,,,,,,,,,,,,,,,,,,,,,,,,,,,,,,,,,,,,,,,,
,,180,139,141,139,120,118,107,110,98,96,87,84,Mean Max RFU [Read 24:EM Spectrum],,,,,,,,,,,,,,,,,,,,,,,,,,,,,,,,,,,,,,,,,,,,,,,,,,,,,,,,,,,,,,,,,,,,,,,,,,,,,,,,,,,
,,182,148,147,155,137,126,110,110,100,95,97,86,Mean Max RFU [Read 25:EM Spectrum],,,,,,,,,,,,,,,,,,,,,,,,,,,,,,,,,,,,,,,,,,,,,,,,,,,,,,,,,,,,,,,,,,,,,,,,,,,,,,,,,,,
,,188,156,158,154,132,136,126,118,113,107,101,90,Mean Max RFU [Read 26:EM Spectrum],,,,,,,,,,,,,,,,,,,,,,,,,,,,,,,,,,,,,,,,,,,,,,,,,,,,,,,,,,,,,,,,,,,,,,,,,,,,,,,,,,,
,,190,164,156,160,147,143,131,127,114,113,106,93,Mean Max RFU [Read 27:EM Spectrum],,,,,,,,,,,,,,,,,,,,,,,,,,,,,,,,,,,,,,,,,,,,,,,,,,,,,,,,,,,,,,,,,,,,,,,,,,,,,,,,,,,
,,187,173,162,174,148,151,142,131,120,113,110,111,Mean Max RFU [Read 28:EM Spectrum],,,,,,,,,,,,,,,,,,,,,,,,,,,,,,,,,,,,,,,,,,,,,,,,,,,,,,,,,,,,,,,,,,,,,,,,,,,,,,,,,,,
,,191,173,165,175,156,167,153,147,136,130,125,117,Mean Max RFU [Read 29:EM Spectrum],,,,,,,,,,,,,,,,,,,,,,,,,,,,,,,,,,,,,,,,,,,,,,,,,,,,,,,,,,,,,,,,,,,,,,,,,,,,,,,,,,,
,,189,180,179,196,174,166,152,150,145,148,138,127,Mean Max RFU [Read 30:EM Spectrum],,,,,,,,,,,,,,,,,,,,,,,,,,,,,,,,,,,,,,,,,,,,,,,,,,,,,,,,,,,,,,,,,,,,,,,,,,,,,,,,,,,
,,196,187,181,189,174,174,166,163,155,150,134,134,Mean Max RFU [Read 31:EM Spectrum],,,,,,,,,,,,,,,,,,,,,,,,,,,,,,,,,,,,,,,,,,,,,,,,,,,,,,,,,,,,,,,,,,,,,,,,,,,,,,,,,,,
,,202,203,200,209,193,186,178,175,174,177,147,158,Mean Max RFU [Read 32:EM Spectrum],,,,,,,,,,,,,,,,,,,,,,,,,,,,,,,,,,,,,,,,,,,,,,,,,,,,,,,,,,,,,,,,,,,,,,,,,,,,,,,,,,,
,,206,213,199,213,198,205,203,203,186,178,174,173,Mean Max RFU [Read 33:EM Spectrum],,,,,,,,,,,,,,,,,,,,,,,,,,,,,,,,,,,,,,,,,,,,,,,,,,,,,,,,,,,,,,,,,,,,,,,,,,,,,,,,,,,
,,218,221,205,215,221,222,219,212,193,197,180,197,Mean Max RFU [Read 34:EM Spectrum],,,,,,,,,,,,,,,,,,,,,,,,,,,,,,,,,,,,,,,,,,,,,,,,,,,,,,,,,,,,,,,,,,,,,,,,,,,,,,,,,,,
,,269,220,215,220,216,219,217,213,209,194,198,209,Mean Max RFU [Read 35:EM Spectrum],,,,,,,,,,,,,,,,,,,,,,,,,,,,,,,,,,,,,,,,,,,,,,,,,,,,,,,,,,,,,,,,,,,,,,,,,,,,,,,,,,,
,,281,234,218,230,214,234,219,221,205,248,237,210,Mean Max RFU [Read 36:EM Spectrum],,,,,,,,,,,,,,,,,,,,,,,,,,,,,,,,,,,,,,,,,,,,,,,,,,,,,,,,,,,,,,,,,,,,,,,,,,,,,,,,,,,
,,265,243,242,229,228,229,221,252,274,262,241,213,Mean Max RFU [Read 37:EM Spectrum],,,,,,,,,,,,,,,,,,,,,,,,,,,,,,,,,,,,,,,,,,,,,,,,,,,,,,,,,,,,,,,,,,,,,,,,,,,,,,,,,,,
,,254,318,309,340,252,236,285,273,253,259,231,209,Mean Max RFU [Read 38:EM Spectrum],,,,,,,,,,,,,,,,,,,,,,,,,,,,,,,,,,,,,,,,,,,,,,,,,,,,,,,,,,,,,,,,,,,,,,,,,,,,,,,,,,,
,,245,334,325,356,303,352,295,275,252,256,236,211,Mean Max RFU [Read 39:EM Spectrum],,,,,,,,,,,,,,,,,,,,,,,,,,,,,,,,,,,,,,,,,,,,,,,,,,,,,,,,,,,,,,,,,,,,,,,,,,,,,,,,,,,
,,236,336,304,330,303,323,295,277,251,253,241,223,Mean Max RFU [Read 40:EM Spectrum],,,,,,,,,,,,,,,,,,,,,,,,,,,,,,,,,,,,,,,,,,,,,,,,,,,,,,,,,,,,,,,,,,,,,,,,,,,,,,,,,,,
,,234,311,305,340,308,324,295,259,260,260,240,223,Mean Max RFU [Read 41:EM Spectrum],,,,,,,,,,,,,,,,,,,,,,,,,,,,,,,,,,,,,,,,,,,,,,,,,,,,,,,,,,,,,,,,,,,,,,,,,,,,,,,,,,,
,,244,310,306,330,298,316,291,263,259,257,247,224,Mean Max RFU [Read 42:EM Spectrum],,,,,,,,,,,,,,,,,,,,,,,,,,,,,,,,,,,,,,,,,,,,,,,,,,,,,,,,,,,,,,,,,,,,,,,,,,,,,,,,,,,
,,247,306,294,326,294,317,286,270,245,260,253,217,Mean Max RFU [Read 43:EM Spectrum],,,,,,,,,,,,,,,,,,,,,,,,,,,,,,,,,,,,,,,,,,,,,,,,,,,,,,,,,,,,,,,,,,,,,,,,,,,,,,,,,,,
,,253,335,298,325,292,315,291,278,250,260,259,232,Mean Max RFU [Read 44:EM Spectrum],,,,,,,,,,,,,,,,,,,,,,,,,,,,,,,,,,,,,,,,,,,,,,,,,,,,,,,,,,,,,,,,,,,,,,,,,,,,,,,,,,,
,,256,312,295,334,297,309,280,275,263,263,270,233,Mean Max RFU [Read 45:EM Spectrum],,,,,,,,,,,,,,,,,,,,,,,,,,,,,,,,,,,,,,,,,,,,,,,,,,,,,,,,,,,,,,,,,,,,,,,,,,,,,,,,,,,
,,280,326,294,322,303,314,288,282,263,269,260,238,Mean Max RFU [Read 46:EM Spectrum],,,,,,,,,,,,,,,,,,,,,,,,,,,,,,,,,,,,,,,,,,,,,,,,,,,,,,,,,,,,,,,,,,,,,,,,,,,,,,,,,,,
,,281,325,303,322,298,317,277,286,273,286,264,256,Mean Max RFU [Read 47:EM Spectrum],,,,,,,,,,,,,,,,,,,,,,,,,,,,,,,,,,,,,,,,,,,,,,,,,,,,,,,,,,,,,,,,,,,,,,,,,,,,,,,,,,,
,,290,325,316,355,307,327,288,283,263,270,268,252,Mean Max RFU [Read 48:EM Spectrum],,,,,,,,,,,,,,,,,,,,,,,,,,,,,,,,,,,,,,,,,,,,,,,,,,,,,,,,,,,,,,,,,,,,,,,,,,,,,,,,,,,
,,303,335,315,353,310,320,296,297,277,300,280,257,Mean Max RFU [Read 49:EM Spectrum],,,,,,,,,,,,,,,,,,,,,,,,,,,,,,,,,,,,,,,,,,,,,,,,,,,,,,,,,,,,,,,,,,,,,,,,,,,,,,,,,,,
,,320,334,307,349,315,328,301,294,272,290,284,260,Mean Max RFU [Read 50:EM Spectrum],,,,,,,,,,,,,,,,,,,,,,,,,,,,,,,,,,,,,,,,,,,,,,,,,,,,,,,,,,,,,,,,,,,,,,,,,,,,,,,,,,,
,G,29,24,23,28,21,27,26,18,30,29,23,27,Mean Max RFU [Read 1:EM Spectrum],,,,,,,,,,,,,,,,,,,,,,,,,,,,,,,,,,,,,,,,,,,,,,,,,,,,,,,,,,,,,,,,,,,,,,,,,,,,,,,,,,,
,,21,32,26,21,23,24,26,19,25,29,23,31,Mean Max RFU [Read 2:EM Spectrum],,,,,,,,,,,,,,,,,,,,,,,,,,,,,,,,,,,,,,,,,,,,,,,,,,,,,,,,,,,,,,,,,,,,,,,,,,,,,,,,,,,
,,24,27,28,30,30,29,26,27,29,31,26,28,Mean Max RFU [Read 3:EM Spectrum],,,,,,,,,,,,,,,,,,,,,,,,,,,,,,,,,,,,,,,,,,,,,,,,,,,,,,,,,,,,,,,,,,,,,,,,,,,,,,,,,,,
,,28,26,23,21,21,27,27,25,18,30,28,29,Mean Max RFU [Read 4:EM Spectrum],,,,,,,,,,,,,,,,,,,,,,,,,,,,,,,,,,,,,,,,,,,,,,,,,,,,,,,,,,,,,,,,,,,,,,,,,,,,,,,,,,,
,,23,30,21,23,23,27,25,28,21,30,27,34,Mean Max RFU [Read 5:EM Spectrum],,,,,,,,,,,,,,,,,,,,,,,,,,,,,,,,,,,,,,,,,,,,,,,,,,,,,,,,,,,,,,,,,,,,,,,,,,,,,,,,,,,
,,31,30,25,24,21,28,27,28,24,33,31,27,Mean Max RFU [Read 6:EM Spectrum],,,,,,,,,,,,,,,,,,,,,,,,,,,,,,,,,,,,,,,,,,,,,,,,,,,,,,,,,,,,,,,,,,,,,,,,,,,,,,,,,,,
,,22,32,24,27,30,25,29,27,22,35,35,33,Mean Max RFU [Read 7:EM Spectrum],,,,,,,,,,,,,,,,,,,,,,,,,,,,,,,,,,,,,,,,,,,,,,,,,,,,,,,,,,,,,,,,,,,,,,,,,,,,,,,,,,,
,,24,30,21,31,28,28,34,28,24,34,27,30,Mean Max RFU [Read 8:EM Spectrum],,,,,,,,,,,,,,,,,,,,,,,,,,,,,,,,,,,,,,,,,,,,,,,,,,,,,,,,,,,,,,,,,,,,,,,,,,,,,,,,,,,
,,25,25,21,34,23,31,32,22,32,30,34,38,Mean Max RFU [Read 9:EM Spectrum],,,,,,,,,,,,,,,,,,,,,,,,,,,,,,,,,,,,,,,,,,,,,,,,,,,,,,,,,,,,,,,,,,,,,,,,,,,,,,,,,,,
,,33,28,32,28,28,28,26,26,31,39,29,35,Mean Max RFU [Read 10:EM Spectrum],,,,,,,,,,,,,,,,,,,,,,,,,,,,,,,,,,,,,,,,,,,,,,,,,,,,,,,,,,,,,,,,,,,,,,,,,,,,,,,,,,,
,,26,37,23,35,27,30,24,28,29,36,32,33,Mean Max RFU [Read 11:EM Spectrum],,,,,,,,,,,,,,,,,,,,,,,,,,,,,,,,,,,,,,,,,,,,,,,,,,,,,,,,,,,,,,,,,,,,,,,,,,,,,,,,,,,
,,29,31,23,35,32,36,33,39,41,39,41,40,Mean Max RFU [Read 12:EM Spectrum],,,,,,,,,,,,,,,,,,,,,,,,,,,,,,,,,,,,,,,,,,,,,,,,,,,,,,,,,,,,,,,,,,,,,,,,,,,,,,,,,,,
,,36,30,29,33,25,29,29,26,45,45,43,50,Mean Max RFU [Read 13:EM Spectrum],,,,,,,,,,,,,,,,,,,,,,,,,,,,,,,,,,,,,,,,,,,,,,,,,,,,,,,,,,,,,,,,,,,,,,,,,,,,,,,,,,,
,,43,32,31,33,33,28,35,28,42,43,48,49,Mean Max RFU [Read 14:EM Spectrum],,,,,,,,,,,,,,,,,,,,,,,,,,,,,,,,,,,,,,,,,,,,,,,,,,,,,,,,,,,,,,,,,,,,,,,,,,,,,,,,,,,
,,38,33,32,34,22,37,27,29,45,50,48,48,Mean Max RFU [Read 15:EM Spectrum],,,,,,,,,,,,,,,,,,,,,,,,,,,,,,,,,,,,,,,,,,,,,,,,,,,,,,,,,,,,,,,,,,,,,,,,,,,,,,,,,,,
,,40,35,40,38,27,31,28,25,48,59,55,56,Mean Max RFU [Read 16:EM Spectrum],,,,,,,,,,,,,,,,,,,,,,,,,,,,,,,,,,,,,,,,,,,,,,,,,,,,,,,,,,,,,,,,,,,,,,,,,,,,,,,,,,,
,,39,36,44,39,26,29,33,34,54,52,57,67,Mean Max RFU [Read 17:EM Spectrum],,,,,,,,,,,,,,,,,,,,,,,,,,,,,,,,,,,,,,,,,,,,,,,,,,,,,,,,,,,,,,,,,,,,,,,,,,,,,,,,,,,
,,47,42,47,42,28,39,31,27,56,61,70,65,Mean Max RFU [Read 18:EM Spectrum],,,,,,,,,,,,,,,,,,,,,,,,,,,,,,,,,,,,,,,,,,,,,,,,,,,,,,,,,,,,,,,,,,,,,,,,,,,,,,,,,,,
,,45,36,52,48,32,33,33,29,66,63,85,76,Mean Max RFU [Read 19:EM Spectrum],,,,,,,,,,,,,,,,,,,,,,,,,,,,,,,,,,,,,,,,,,,,,,,,,,,,,,,,,,,,,,,,,,,,,,,,,,,,,,,,,,,
,,50,42,52,48,41,31,31,32,81,80,79,79,Mean Max RFU [Read 20:EM Spectrum],,,,,,,,,,,,,,,,,,,,,,,,,,,,,,,,,,,,,,,,,,,,,,,,,,,,,,,,,,,,,,,,,,,,,,,,,,,,,,,,,,,
,,53,41,58,44,31,41,37,33,85,76,85,92,Mean Max RFU [Read 21:EM Spectrum],,,,,,,,,,,,,,,,,,,,,,,,,,,,,,,,,,,,,,,,,,,,,,,,,,,,,,,,,,,,,,,,,,,,,,,,,,,,,,,,,,,
,,57,44,67,46,32,41,33,36,94,85,96,104,Mean Max RFU [Read 22:EM Spectrum],,,,,,,,,,,,,,,,,,,,,,,,,,,,,,,,,,,,,,,,,,,,,,,,,,,,,,,,,,,,,,,,,,,,,,,,,,,,,,,,,,,
,,56,48,77,47,30,37,36,33,104,104,114,111,Mean Max RFU [Read 23:EM Spectrum],,,,,,,,,,,,,,,,,,,,,,,,,,,,,,,,,,,,,,,,,,,,,,,,,,,,,,,,,,,,,,,,,,,,,,,,,,,,,,,,,,,
,,63,54,79,47,30,42,40,40,107,108,115,123,Mean Max RFU [Read 24:EM Spectrum],,,,,,,,,,,,,,,,,,,,,,,,,,,,,,,,,,,,,,,,,,,,,,,,,,,,,,,,,,,,,,,,,,,,,,,,,,,,,,,,,,,
,,61,48,75,51,41,38,38,36,105,129,129,135,Mean Max RFU [Read 25:EM Spectrum],,,,,,,,,,,,,,,,,,,,,,,,,,,,,,,,,,,,,,,,,,,,,,,,,,,,,,,,,,,,,,,,,,,,,,,,,,,,,,,,,,,
,,62,47,83,52,37,44,37,37,128,126,146,170,Mean Max RFU [Read 26:EM Spectrum],,,,,,,,,,,,,,,,,,,,,,,,,,,,,,,,,,,,,,,,,,,,,,,,,,,,,,,,,,,,,,,,,,,,,,,,,,,,,,,,,,,
,,69,53,91,67,36,41,43,38,156,136,159,160,Mean Max RFU [Read 27:EM Spectrum],,,,,,,,,,,,,,,,,,,,,,,,,,,,,,,,,,,,,,,,,,,,,,,,,,,,,,,,,,,,,,,,,,,,,,,,,,,,,,,,,,,
,,77,50,95,57,42,41,39,39,162,173,168,177,Mean Max RFU [Read 28:EM Spectrum],,,,,,,,,,,,,,,,,,,,,,,,,,,,,,,,,,,,,,,,,,,,,,,,,,,,,,,,,,,,,,,,,,,,,,,,,,,,,,,,,,,
,,70,56,103,57,43,45,45,37,170,179,176,190,Mean Max RFU [Read 29:EM Spectrum],,,,,,,,,,,,,,,,,,,,,,,,,,,,,,,,,,,,,,,,,,,,,,,,,,,,,,,,,,,,,,,,,,,,,,,,,,,,,,,,,,,
,,69,62,109,57,39,46,43,44,193,205,205,209,Mean Max RFU [Read 30:EM Spectrum],,,,,,,,,,,,,,,,,,,,,,,,,,,,,,,,,,,,,,,,,,,,,,,,,,,,,,,,,,,,,,,,,,,,,,,,,,,,,,,,,,,
,,78,56,110,65,47,57,47,43,182,203,225,210,Mean Max RFU [Read 31:EM Spectrum],,,,,,,,,,,,,,,,,,,,,,,,,,,,,,,,,,,,,,,,,,,,,,,,,,,,,,,,,,,,,,,,,,,,,,,,,,,,,,,,,,,
,,80,64,121,62,50,47,44,50,186,222,216,222,Mean Max RFU [Read 32:EM Spectrum],,,,,,,,,,,,,,,,,,,,,,,,,,,,,,,,,,,,,,,,,,,,,,,,,,,,,,,,,,,,,,,,,,,,,,,,,,,,,,,,,,,
,,90,62,138,70,42,50,58,50,189,237,248,259,Mean Max RFU [Read 33:EM Spectrum],,,,,,,,,,,,,,,,,,,,,,,,,,,,,,,,,,,,,,,,,,,,,,,,,,,,,,,,,,,,,,,,,,,,,,,,,,,,,,,,,,,
,,97,67,139,66,43,58,64,80,196,235,255,247,Mean Max RFU [Read 34:EM Spectrum],,,,,,,,,,,,,,,,,,,,,,,,,,,,,,,,,,,,,,,,,,,,,,,,,,,,,,,,,,,,,,,,,,,,,,,,,,,,,,,,,,,
,,95,76,160,74,48,79,76,82,199,255,258,258,Mean Max RFU [Read 35:EM Spectrum],,,,,,,,,,,,,,,,,,,,,,,,,,,,,,,,,,,,,,,,,,,,,,,,,,,,,,,,,,,,,,,,,,,,,,,,,,,,,,,,,,,
,,91,77,158,87,70,73,82,82,210,266,279,269,Mean Max RFU [Read 36:EM Spectrum],,,,,,,,,,,,,,,,,,,,,,,,,,,,,,,,,,,,,,,,,,,,,,,,,,,,,,,,,,,,,,,,,,,,,,,,,,,,,,,,,,,
,,97,74,169,88,73,71,83,83,208,280,260,279,Mean Max RFU [Read 37:EM Spectrum],,,,,,,,,,,,,,,,,,,,,,,,,,,,,,,,,,,,,,,,,,,,,,,,,,,,,,,,,,,,,,,,,,,,,,,,,,,,,,,,,,,
,,104,77,218,85,72,81,78,84,210,279,273,295,Mean Max RFU [Read 38:EM Spectrum],,,,,,,,,,,,,,,,,,,,,,,,,,,,,,,,,,,,,,,,,,,,,,,,,,,,,,,,,,,,,,,,,,,,,,,,,,,,,,,,,,,
,,98,84,222,90,74,78,74,85,223,279,279,283,Mean Max RFU [Read 39:EM Spectrum],,,,,,,,,,,,,,,,,,,,,,,,,,,,,,,,,,,,,,,,,,,,,,,,,,,,,,,,,,,,,,,,,,,,,,,,,,,,,,,,,,,
,,106,83,236,85,74,79,84,85,219,297,296,290,Mean Max RFU [Read 40:EM Spectrum],,,,,,,,,,,,,,,,,,,,,,,,,,,,,,,,,,,,,,,,,,,,,,,,,,,,,,,,,,,,,,,,,,,,,,,,,,,,,,,,,,,
,,105,77,223,91,72,75,81,93,235,308,288,306,Mean Max RFU [Read 41:EM Spectrum],,,,,,,,,,,,,,,,,,,,,,,,,,,,,,,,,,,,,,,,,,,,,,,,,,,,,,,,,,,,,,,,,,,,,,,,,,,,,,,,,,,
,,105,78,232,88,74,78,88,81,229,305,292,324,Mean Max RFU [Read 42:EM Spectrum],,,,,,,,,,,,,,,,,,,,,,,,,,,,,,,,,,,,,,,,,,,,,,,,,,,,,,,,,,,,,,,,,,,,,,,,,,,,,,,,,,,
,,104,82,236,98,74,79,78,82,239,309,302,320,Mean Max RFU [Read 43:EM Spectrum],,,,,,,,,,,,,,,,,,,,,,,,,,,,,,,,,,,,,,,,,,,,,,,,,,,,,,,,,,,,,,,,,,,,,,,,,,,,,,,,,,,
,,108,78,249,90,75,77,79,92,249,361,303,333,Mean Max RFU [Read 44:EM Spectrum],,,,,,,,,,,,,,,,,,,,,,,,,,,,,,,,,,,,,,,,,,,,,,,,,,,,,,,,,,,,,,,,,,,,,,,,,,,,,,,,,,,
,,105,80,250,94,75,91,85,83,255,344,309,338,Mean Max RFU [Read 45:EM Spectrum],,,,,,,,,,,,,,,,,,,,,,,,,,,,,,,,,,,,,,,,,,,,,,,,,,,,,,,,,,,,,,,,,,,,,,,,,,,,,,,,,,,
,,106,79,254,92,74,79,75,84,274,356,312,334,Mean Max RFU [Read 46:EM Spectrum],,,,,,,,,,,,,,,,,,,,,,,,,,,,,,,,,,,,,,,,,,,,,,,,,,,,,,,,,,,,,,,,,,,,,,,,,,,,,,,,,,,
,,114,78,259,92,73,86,87,82,265,385,333,344,Mean Max RFU [Read 47:EM Spectrum],,,,,,,,,,,,,,,,,,,,,,,,,,,,,,,,,,,,,,,,,,,,,,,,,,,,,,,,,,,,,,,,,,,,,,,,,,,,,,,,,,,
,,112,85,247,94,73,85,73,79,280,356,336,367,Mean Max RFU [Read 48:EM Spectrum],,,,,,,,,,,,,,,,,,,,,,,,,,,,,,,,,,,,,,,,,,,,,,,,,,,,,,,,,,,,,,,,,,,,,,,,,,,,,,,,,,,
,,127,81,256,97,78,80,81,88,288,406,353,370,Mean Max RFU [Read 49:EM Spectrum],,,,,,,,,,,,,,,,,,,,,,,,,,,,,,,,,,,,,,,,,,,,,,,,,,,,,,,,,,,,,,,,,,,,,,,,,,,,,,,,,,,
,,133,85,277,96,71,86,80,88,294,400,356,381,Mean Max RFU [Read 50:EM Spectrum],,,,,,,,,,,,,,,,,,,,,,,,,,,,,,,,,,,,,,,,,,,,,,,,,,,,,,,,,,,,,,,,,,,,,,,,,,,,,,,,,,,
,H,31,22,20,24,23,30,2228,2514,22,43,2547,2310,Mean Max RFU [Read 1:EM Spectrum],,,,,,,,,,,,,,,,,,,,,,,,,,,,,,,,,,,,,,,,,,,,,,,,,,,,,,,,,,,,,,,,,,,,,,,,,,,,,,,,,,,
,,21,21,27,24,24,27,2170,2677,20,40,2642,2513,Mean Max RFU [Read 2:EM Spectrum],,,,,,,,,,,,,,,,,,,,,,,,,,,,,,,,,,,,,,,,,,,,,,,,,,,,,,,,,,,,,,,,,,,,,,,,,,,,,,,,,,,
,,22,25,27,35,20,23,2194,2702,22,43,2781,2609,Mean Max RFU [Read 3:EM Spectrum],,,,,,,,,,,,,,,,,,,,,,,,,,,,,,,,,,,,,,,,,,,,,,,,,,,,,,,,,,,,,,,,,,,,,,,,,,,,,,,,,,,
,,24,22,29,28,34,25,2209,2733,25,38,2777,2625,Mean Max RFU [Read 4:EM Spectrum],,,,,,,,,,,,,,,,,,,,,,,,,,,,,,,,,,,,,,,,,,,,,,,,,,,,,,,,,,,,,,,,,,,,,,,,,,,,,,,,,,,
,,30,24,25,26,32,24,2282,2884,21,45,2924,2660,Mean Max RFU [Read 5:EM Spectrum],,,,,,,,,,,,,,,,,,,,,,,,,,,,,,,,,,,,,,,,,,,,,,,,,,,,,,,,,,,,,,,,,,,,,,,,,,,,,,,,,,,
,,23,25,25,25,26,24,2522,3099,35,40,3056,2991,Mean Max RFU [Read 6:EM Spectrum],,,,,,,,,,,,,,,,,,,,,,,,,,,,,,,,,,,,,,,,,,,,,,,,,,,,,,,,,,,,,,,,,,,,,,,,,,,,,,,,,,,
,,26,30,30,27,29,29,2771,3401,30,46,3460,3200,Mean Max RFU [Read 7:EM Spectrum],,,,,,,,,,,,,,,,,,,,,,,,,,,,,,,,,,,,,,,,,,,,,,,,,,,,,,,,,,,,,,,,,,,,,,,,,,,,,,,,,,,
,,30,28,29,26,24,31,3102,3725,32,43,3703,3623,Mean Max RFU [Read 8:EM Spectrum],,,,,,,,,,,,,,,,,,,,,,,,,,,,,,,,,,,,,,,,,,,,,,,,,,,,,,,,,,,,,,,,,,,,,,,,,,,,,,,,,,,
,,34,28,33,29,32,30,3578,4107,32,49,4124,3900,Mean Max RFU [Read 9:EM Spectrum],,,,,,,,,,,,,,,,,,,,,,,,,,,,,,,,,,,,,,,,,,,,,,,,,,,,,,,,,,,,,,,,,,,,,,,,,,,,,,,,,,,
,,31,37,32,36,35,35,3993,4469,33,49,4509,4616,Mean Max RFU [Read 10:EM Spectrum],,,,,,,,,,,,,,,,,,,,,,,,,,,,,,,,,,,,,,,,,,,,,,,,,,,,,,,,,,,,,,,,,,,,,,,,,,,,,,,,,,,
,,33,32,35,37,34,30,4414,4930,29,56,4931,4853,Mean Max RFU [Read 11:EM Spectrum],,,,,,,,,,,,,,,,,,,,,,,,,,,,,,,,,,,,,,,,,,,,,,,,,,,,,,,,,,,,,,,,,,,,,,,,,,,,,,,,,,,
,,32,37,36,34,37,40,4910,5288,31,59,5325,5158,Mean Max RFU [Read 12:EM Spectrum],,,,,,,,,,,,,,,,,,,,,,,,,,,,,,,,,,,,,,,,,,,,,,,,,,,,,,,,,,,,,,,,,,,,,,,,,,,,,,,,,,,
,,37,42,45,41,37,38,5221,5789,45,64,5617,5434,Mean Max RFU [Read 13:EM Spectrum],,,,,,,,,,,,,,,,,,,,,,,,,,,,,,,,,,,,,,,,,,,,,,,,,,,,,,,,,,,,,,,,,,,,,,,,,,,,,,,,,,,
,,40,42,42,39,36,50,5875,6247,39,71,6080,5941,Mean Max RFU [Read 14:EM Spectrum],,,,,,,,,,,,,,,,,,,,,,,,,,,,,,,,,,,,,,,,,,,,,,,,,,,,,,,,,,,,,,,,,,,,,,,,,,,,,,,,,,,
,,40,45,46,51,43,48,5882,6486,50,83,6292,6324,Mean Max RFU [Read 15:EM Spectrum],,,,,,,,,,,,,,,,,,,,,,,,,,,,,,,,,,,,,,,,,,,,,,,,,,,,,,,,,,,,,,,,,,,,,,,,,,,,,,,,,,,
,,48,54,61,49,46,52,6407,6755,46,86,6645,6734,Mean Max RFU [Read 16:EM Spectrum],,,,,,,,,,,,,,,,,,,,,,,,,,,,,,,,,,,,,,,,,,,,,,,,,,,,,,,,,,,,,,,,,,,,,,,,,,,,,,,,,,,
,,54,62,58,48,48,53,6447,7217,45,98,7103,7038,Mean Max RFU [Read 17:EM Spectrum],,,,,,,,,,,,,,,,,,,,,,,,,,,,,,,,,,,,,,,,,,,,,,,,,,,,,,,,,,,,,,,,,,,,,,,,,,,,,,,,,,,
,,60,70,61,62,51,57,6822,7692,62,114,7491,7427,Mean Max RFU [Read 18:EM Spectrum],,,,,,,,,,,,,,,,,,,,,,,,,,,,,,,,,,,,,,,,,,,,,,,,,,,,,,,,,,,,,,,,,,,,,,,,,,,,,,,,,,,
,,61,67,68,63,55,60,7561,8250,59,120,7871,7783,Mean Max RFU [Read 19:EM Spectrum],,,,,,,,,,,,,,,,,,,,,,,,,,,,,,,,,,,,,,,,,,,,,,,,,,,,,,,,,,,,,,,,,,,,,,,,,,,,,,,,,,,
,,76,83,71,67,64,70,7780,8380,64,128,8811,8098,Mean Max RFU [Read 20:EM Spectrum],,,,,,,,,,,,,,,,,,,,,,,,,,,,,,,,,,,,,,,,,,,,,,,,,,,,,,,,,,,,,,,,,,,,,,,,,,,,,,,,,,,
,,89,95,79,73,71,65,8497,8761,65,154,8320,8918,Mean Max RFU [Read 21:EM Spectrum],,,,,,,,,,,,,,,,,,,,,,,,,,,,,,,,,,,,,,,,,,,,,,,,,,,,,,,,,,,,,,,,,,,,,,,,,,,,,,,,,,,
,,83,98,93,86,78,85,8743,9408,74,165,9164,9206,Mean Max RFU [Read 22:EM Spectrum],,,,,,,,,,,,,,,,,,,,,,,,,,,,,,,,,,,,,,,,,,,,,,,,,,,,,,,,,,,,,,,,,,,,,,,,,,,,,,,,,,,
,,109,103,103,95,95,97,9809,9468,79,182,9649,9243,Mean Max RFU [Read 23:EM Spectrum],,,,,,,,,,,,,,,,,,,,,,,,,,,,,,,,,,,,,,,,,,,,,,,,,,,,,,,,,,,,,,,,,,,,,,,,,,,,,,,,,,,
,,103,122,117,101,94,92,9989,10345,90,203,9470,9663,Mean Max RFU [Read 24:EM Spectrum],,,,,,,,,,,,,,,,,,,,,,,,,,,,,,,,,,,,,,,,,,,,,,,,,,,,,,,,,,,,,,,,,,,,,,,,,,,,,,,,,,,
,,136,135,122,116,125,97,10345,10464,100,224,9767,9863,Mean Max RFU [Read 25:EM Spectrum],,,,,,,,,,,,,,,,,,,,,,,,,,,,,,,,,,,,,,,,,,,,,,,,,,,,,,,,,,,,,,,,,,,,,,,,,,,,,,,,,,,
,,138,150,147,147,148,114,11194,10455,124,249,9805,10095,Mean Max RFU [Read 26:EM Spectrum],,,,,,,,,,,,,,,,,,,,,,,,,,,,,,,,,,,,,,,,,,,,,,,,,,,,,,,,,,,,,,,,,,,,,,,,,,,,,,,,,,,
,,146,164,156,156,157,138,11789,11095,141,313,9734,9861,Mean Max RFU [Read 27:EM Spectrum],,,,,,,,,,,,,,,,,,,,,,,,,,,,,,,,,,,,,,,,,,,,,,,,,,,,,,,,,,,,,,,,,,,,,,,,,,,,,,,,,,,
,,153,173,155,159,162,141,11818,10546,154,394,9586,9834,Mean Max RFU [Read 28:EM Spectrum],,,,,,,,,,,,,,,,,,,,,,,,,,,,,,,,,,,,,,,,,,,,,,,,,,,,,,,,,,,,,,,,,,,,,,,,,,,,,,,,,,,
,,164,177,173,173,181,157,11642,10577,153,470,9507,9456,Mean Max RFU [Read 29:EM Spectrum],,,,,,,,,,,,,,,,,,,,,,,,,,,,,,,,,,,,,,,,,,,,,,,,,,,,,,,,,,,,,,,,,,,,,,,,,,,,,,,,,,,
,,176,194,182,187,193,157,11815,10740,174,542,9275,8906,Mean Max RFU [Read 30:EM Spectrum],,,,,,,,,,,,,,,,,,,,,,,,,,,,,,,,,,,,,,,,,,,,,,,,,,,,,,,,,,,,,,,,,,,,,,,,,,,,,,,,,,,
,,178,198,187,195,193,164,11750,10079,172,484,8974,8866,Mean Max RFU [Read 31:EM Spectrum],,,,,,,,,,,,,,,,,,,,,,,,,,,,,,,,,,,,,,,,,,,,,,,,,,,,,,,,,,,,,,,,,,,,,,,,,,,,,,,,,,,
,,188,204,205,202,203,167,11527,9738,188,511,8888,8725,Mean Max RFU [Read 32:EM Spectrum],,,,,,,,,,,,,,,,,,,,,,,,,,,,,,,,,,,,,,,,,,,,,,,,,,,,,,,,,,,,,,,,,,,,,,,,,,,,,,,,,,,
,,197,211,206,210,230,185,11377,9889,186,515,8451,8197,Mean Max RFU [Read 33:EM Spectrum],,,,,,,,,,,,,,,,,,,,,,,,,,,,,,,,,,,,,,,,,,,,,,,,,,,,,,,,,,,,,,,,,,,,,,,,,,,,,,,,,,,
,,207,216,222,226,235,195,10534,9381,206,531,8135,7328,Mean Max RFU [Read 34:EM Spectrum],,,,,,,,,,,,,,,,,,,,,,,,,,,,,,,,,,,,,,,,,,,,,,,,,,,,,,,,,,,,,,,,,,,,,,,,,,,,,,,,,,,
,,204,231,230,223,234,200,10500,8838,217,547,7626,6623,Mean Max RFU [Read 35:EM Spectrum],,,,,,,,,,,,,,,,,,,,,,,,,,,,,,,,,,,,,,,,,,,,,,,,,,,,,,,,,,,,,,,,,,,,,,,,,,,,,,,,,,,
,,222,236,241,243,248,204,10064,8798,223,570,6671,6608,Mean Max RFU [Read 36:EM Spectrum],,,,,,,,,,,,,,,,,,,,,,,,,,,,,,,,,,,,,,,,,,,,,,,,,,,,,,,,,,,,,,,,,,,,,,,,,,,,,,,,,,,
,,228,243,238,252,260,225,8704,7561,230,560,5761,6591,Mean Max RFU [Read 37:EM Spectrum],,,,,,,,,,,,,,,,,,,,,,,,,,,,,,,,,,,,,,,,,,,,,,,,,,,,,,,,,,,,,,,,,,,,,,,,,,,,,,,,,,,
,,235,257,253,262,254,236,7205,6825,243,589,5897,6502,Mean Max RFU [Read 38:EM Spectrum],,,,,,,,,,,,,,,,,,,,,,,,,,,,,,,,,,,,,,,,,,,,,,,,,,,,,,,,,,,,,,,,,,,,,,,,,,,,,,,,,,,
,,247,263,252,268,263,234,6859,6853,247,616,5821,6356,Mean Max RFU [Read 39:EM Spectrum],,,,,,,,,,,,,,,,,,,,,,,,,,,,,,,,,,,,,,,,,,,,,,,,,,,,,,,,,,,,,,,,,,,,,,,,,,,,,,,,,,,
,,273,264,273,265,278,252,6765,6969,265,678,5651,6240,Mean Max RFU [Read 40:EM Spectrum],,,,,,,,,,,,,,,,,,,,,,,,,,,,,,,,,,,,,,,,,,,,,,,,,,,,,,,,,,,,,,,,,,,,,,,,,,,,,,,,,,,
,,265,269,274,279,295,257,6922,6675,253,670,5370,6251,Mean Max RFU [Read 41:EM Spectrum],,,,,,,,,,,,,,,,,,,,,,,,,,,,,,,,,,,,,,,,,,,,,,,,,,,,,,,,,,,,,,,,,,,,,,,,,,,,,,,,,,,
,,272,283,288,307,289,275,6557,6614,291,675,5485,5723,Mean Max RFU [Read 42:EM Spectrum],,,,,,,,,,,,,,,,,,,,,,,,,,,,,,,,,,,,,,,,,,,,,,,,,,,,,,,,,,,,,,,,,,,,,,,,,,,,,,,,,,,
,,285,291,290,315,315,291,6399,6764,289,691,5073,5710,Mean Max RFU [Read 43:EM Spectrum],,,,,,,,,,,,,,,,,,,,,,,,,,,,,,,,,,,,,,,,,,,,,,,,,,,,,,,,,,,,,,,,,,,,,,,,,,,,,,,,,,,
,,305,283,301,303,318,289,6209,6434,303,708,5144,5504,Mean Max RFU [Read 44:EM Spectrum],,,,,,,,,,,,,,,,,,,,,,,,,,,,,,,,,,,,,,,,,,,,,,,,,,,,,,,,,,,,,,,,,,,,,,,,,,,,,,,,,,,
,,308,307,310,325,319,299,6231,6086,304,758,4826,5272,Mean Max RFU [Read 45:EM Spectrum],,,,,,,,,,,,,,,,,,,,,,,,,,,,,,,,,,,,,,,,,,,,,,,,,,,,,,,,,,,,,,,,,,,,,,,,,,,,,,,,,,,
,,335,319,325,340,331,331,6033,6124,307,736,4564,5277,Mean Max RFU [Read 46:EM Spectrum],,,,,,,,,,,,,,,,,,,,,,,,,,,,,,,,,,,,,,,,,,,,,,,,,,,,,,,,,,,,,,,,,,,,,,,,,,,,,,,,,,,
,,352,320,328,328,348,344,5777,5894,326,779,4399,5045,Mean Max RFU [Read 47:EM Spectrum],,,,,,,,,,,,,,,,,,,,,,,,,,,,,,,,,,,,,,,,,,,,,,,,,,,,,,,,,,,,,,,,,,,,,,,,,,,,,,,,,,,
,,364,325,375,366,385,367,5505,5749,356,785,4301,4835,Mean Max RFU [Read 48:EM Spectrum],,,,,,,,,,,,,,,,,,,,,,,,,,,,,,,,,,,,,,,,,,,,,,,,,,,,,,,,,,,,,,,,,,,,,,,,,,,,,,,,,,,
,,378,350,371,386,371,388,5406,5438,365,790,4034,4931,Mean Max RFU [Read 49:EM Spectrum],,,,,,,,,,,,,,,,,,,,,,,,,,,,,,,,,,,,,,,,,,,,,,,,,,,,,,,,,,,,,,,,,,,,,,,,,,,,,,,,,,,
,,400,365,385,397,416,401,5247,5340,401,842,3826,4482,Mean Max RFU [Read 50:EM Spectrum],,,,,,,,,,,,,,,,,,,,,,,,,,,,,,,,,,,,,,,,,,,,,,,,,,,,,,,,,,,,,,,,,,,,,,,,,,,,,,,,,,,
